CommitHash,ProjectName,AuthorID,AuthorDate,AuthorTimezone,ModifiedFilename,ChangeType,AddedLines,DeletedLines,SourceCodeBeforeFilePath,SourceCodeFilePath
66594bc9fc04c6877de4fb0833395cc418d14011,lupyne,79368723,2009-01-17 02:19:41,+0000,__init__.py,ADD,0,0,,
66594bc9fc04c6877de4fb0833395cc418d14011,lupyne,79368723,2009-01-17 02:19:41,+0000,client.py,ADD,32,0,,PythonFiles\lupyne\79368723\66594bc9fc04c6877de4fb0833395cc418d14011\66594bc9fc04c6877de4fb0833395cc418d14011_lupyne_79368723_20090117_021941_after_2.py
66594bc9fc04c6877de4fb0833395cc418d14011,lupyne,79368723,2009-01-17 02:19:41,+0000,engine.py,ADD,314,0,,PythonFiles\lupyne\79368723\66594bc9fc04c6877de4fb0833395cc418d14011\66594bc9fc04c6877de4fb0833395cc418d14011_lupyne_79368723_20090117_021941_after_3.py
66594bc9fc04c6877de4fb0833395cc418d14011,lupyne,79368723,2009-01-17 02:19:41,+0000,server.py,ADD,161,0,,PythonFiles\lupyne\79368723\66594bc9fc04c6877de4fb0833395cc418d14011\66594bc9fc04c6877de4fb0833395cc418d14011_lupyne_79368723_20090117_021941_after_4.py
66594bc9fc04c6877de4fb0833395cc418d14011,lupyne,79368723,2009-01-17 02:19:41,+0000,__init__.py,ADD,0,0,,
66594bc9fc04c6877de4fb0833395cc418d14011,lupyne,79368723,2009-01-17 02:19:41,+0000,__main__.py,ADD,10,0,,PythonFiles\lupyne\79368723\66594bc9fc04c6877de4fb0833395cc418d14011\66594bc9fc04c6877de4fb0833395cc418d14011_lupyne_79368723_20090117_021941_after_6.py
66594bc9fc04c6877de4fb0833395cc418d14011,lupyne,79368723,2009-01-17 02:19:41,+0000,__init__.py,ADD,19,0,,PythonFiles\lupyne\79368723\66594bc9fc04c6877de4fb0833395cc418d14011\66594bc9fc04c6877de4fb0833395cc418d14011_lupyne_79368723_20090117_021941_after_7.py
66594bc9fc04c6877de4fb0833395cc418d14011,lupyne,79368723,2009-01-17 02:19:41,+0000,local.py,ADD,127,0,,PythonFiles\lupyne\79368723\66594bc9fc04c6877de4fb0833395cc418d14011\66594bc9fc04c6877de4fb0833395cc418d14011_lupyne_79368723_20090117_021941_after_9.py
66594bc9fc04c6877de4fb0833395cc418d14011,lupyne,79368723,2009-01-17 02:19:41,+0000,remote.py,ADD,91,0,,PythonFiles\lupyne\79368723\66594bc9fc04c6877de4fb0833395cc418d14011\66594bc9fc04c6877de4fb0833395cc418d14011_lupyne_79368723_20090117_021941_after_10.py
08827fe59a996621ec6e2b555ed6c28a46a650c1,lupyne,79368723,2009-01-21 22:10:04,+0000,__init__.py,ADD,14,0,,PythonFiles\lupyne\79368723\08827fe59a996621ec6e2b555ed6c28a46a650c1\08827fe59a996621ec6e2b555ed6c28a46a650c1_lupyne_79368723_20090121_221004_after_1.py
08827fe59a996621ec6e2b555ed6c28a46a650c1,lupyne,79368723,2009-01-21 22:10:04,+0000,documents.py,ADD,90,0,,PythonFiles\lupyne\79368723\08827fe59a996621ec6e2b555ed6c28a46a650c1\08827fe59a996621ec6e2b555ed6c28a46a650c1_lupyne_79368723_20090121_221004_after_2.py
08827fe59a996621ec6e2b555ed6c28a46a650c1,lupyne,79368723,2009-01-21 22:10:04,+0000,indexers.py,RENAME,12,90,PythonFiles\lupyne\79368723\08827fe59a996621ec6e2b555ed6c28a46a650c1\08827fe59a996621ec6e2b555ed6c28a46a650c1_lupyne_79368723_20090121_221004_before_3.py,PythonFiles\lupyne\79368723\08827fe59a996621ec6e2b555ed6c28a46a650c1\08827fe59a996621ec6e2b555ed6c28a46a650c1_lupyne_79368723_20090121_221004_after_3.py
08827fe59a996621ec6e2b555ed6c28a46a650c1,lupyne,79368723,2009-01-21 22:10:04,+0000,server.py,MODIFY,10,9,PythonFiles\lupyne\79368723\08827fe59a996621ec6e2b555ed6c28a46a650c1\08827fe59a996621ec6e2b555ed6c28a46a650c1_lupyne_79368723_20090121_221004_before_4.py,PythonFiles\lupyne\79368723\08827fe59a996621ec6e2b555ed6c28a46a650c1\08827fe59a996621ec6e2b555ed6c28a46a650c1_lupyne_79368723_20090121_221004_after_4.py
08827fe59a996621ec6e2b555ed6c28a46a650c1,lupyne,79368723,2009-01-21 22:10:04,+0000,__init__.py,MODIFY,10,2,PythonFiles\lupyne\79368723\08827fe59a996621ec6e2b555ed6c28a46a650c1\08827fe59a996621ec6e2b555ed6c28a46a650c1_lupyne_79368723_20090121_221004_before_5.py,PythonFiles\lupyne\79368723\08827fe59a996621ec6e2b555ed6c28a46a650c1\08827fe59a996621ec6e2b555ed6c28a46a650c1_lupyne_79368723_20090121_221004_after_5.py
08827fe59a996621ec6e2b555ed6c28a46a650c1,lupyne,79368723,2009-01-21 22:10:04,+0000,local.py,MODIFY,8,8,PythonFiles\lupyne\79368723\08827fe59a996621ec6e2b555ed6c28a46a650c1\08827fe59a996621ec6e2b555ed6c28a46a650c1_lupyne_79368723_20090121_221004_before_7.py,PythonFiles\lupyne\79368723\08827fe59a996621ec6e2b555ed6c28a46a650c1\08827fe59a996621ec6e2b555ed6c28a46a650c1_lupyne_79368723_20090121_221004_after_7.py
08827fe59a996621ec6e2b555ed6c28a46a650c1,lupyne,79368723,2009-01-21 22:10:04,+0000,remote.py,MODIFY,2,2,PythonFiles\lupyne\79368723\08827fe59a996621ec6e2b555ed6c28a46a650c1\08827fe59a996621ec6e2b555ed6c28a46a650c1_lupyne_79368723_20090121_221004_before_8.py,PythonFiles\lupyne\79368723\08827fe59a996621ec6e2b555ed6c28a46a650c1\08827fe59a996621ec6e2b555ed6c28a46a650c1_lupyne_79368723_20090121_221004_after_8.py
3a9c60cf47e7f156b8fe5f9b9ce601e49970483b,lupyne,79368723,2009-01-25 05:28:08,+0000,client.py,MODIFY,2,2,PythonFiles\lupyne\79368723\3a9c60cf47e7f156b8fe5f9b9ce601e49970483b\3a9c60cf47e7f156b8fe5f9b9ce601e49970483b_lupyne_79368723_20090125_052808_before_1.py,PythonFiles\lupyne\79368723\3a9c60cf47e7f156b8fe5f9b9ce601e49970483b\3a9c60cf47e7f156b8fe5f9b9ce601e49970483b_lupyne_79368723_20090125_052808_after_1.py
3a9c60cf47e7f156b8fe5f9b9ce601e49970483b,lupyne,79368723,2009-01-25 05:28:08,+0000,__init__.py,MODIFY,2,1,PythonFiles\lupyne\79368723\3a9c60cf47e7f156b8fe5f9b9ce601e49970483b\3a9c60cf47e7f156b8fe5f9b9ce601e49970483b_lupyne_79368723_20090125_052808_before_2.py,PythonFiles\lupyne\79368723\3a9c60cf47e7f156b8fe5f9b9ce601e49970483b\3a9c60cf47e7f156b8fe5f9b9ce601e49970483b_lupyne_79368723_20090125_052808_after_2.py
3a9c60cf47e7f156b8fe5f9b9ce601e49970483b,lupyne,79368723,2009-01-25 05:28:08,+0000,documents.py,MODIFY,93,13,PythonFiles\lupyne\79368723\3a9c60cf47e7f156b8fe5f9b9ce601e49970483b\3a9c60cf47e7f156b8fe5f9b9ce601e49970483b_lupyne_79368723_20090125_052808_before_3.py,PythonFiles\lupyne\79368723\3a9c60cf47e7f156b8fe5f9b9ce601e49970483b\3a9c60cf47e7f156b8fe5f9b9ce601e49970483b_lupyne_79368723_20090125_052808_after_3.py
3a9c60cf47e7f156b8fe5f9b9ce601e49970483b,lupyne,79368723,2009-01-25 05:28:08,+0000,indexers.py,MODIFY,3,3,PythonFiles\lupyne\79368723\3a9c60cf47e7f156b8fe5f9b9ce601e49970483b\3a9c60cf47e7f156b8fe5f9b9ce601e49970483b_lupyne_79368723_20090125_052808_before_4.py,PythonFiles\lupyne\79368723\3a9c60cf47e7f156b8fe5f9b9ce601e49970483b\3a9c60cf47e7f156b8fe5f9b9ce601e49970483b_lupyne_79368723_20090125_052808_after_4.py
3a9c60cf47e7f156b8fe5f9b9ce601e49970483b,lupyne,79368723,2009-01-25 05:28:08,+0000,server.py,MODIFY,15,28,PythonFiles\lupyne\79368723\3a9c60cf47e7f156b8fe5f9b9ce601e49970483b\3a9c60cf47e7f156b8fe5f9b9ce601e49970483b_lupyne_79368723_20090125_052808_before_5.py,PythonFiles\lupyne\79368723\3a9c60cf47e7f156b8fe5f9b9ce601e49970483b\3a9c60cf47e7f156b8fe5f9b9ce601e49970483b_lupyne_79368723_20090125_052808_after_5.py
3a9c60cf47e7f156b8fe5f9b9ce601e49970483b,lupyne,79368723,2009-01-25 05:28:08,+0000,__init__.py,MODIFY,47,22,PythonFiles\lupyne\79368723\3a9c60cf47e7f156b8fe5f9b9ce601e49970483b\3a9c60cf47e7f156b8fe5f9b9ce601e49970483b_lupyne_79368723_20090125_052808_before_6.py,PythonFiles\lupyne\79368723\3a9c60cf47e7f156b8fe5f9b9ce601e49970483b\3a9c60cf47e7f156b8fe5f9b9ce601e49970483b_lupyne_79368723_20090125_052808_after_6.py
3a9c60cf47e7f156b8fe5f9b9ce601e49970483b,lupyne,79368723,2009-01-25 05:28:08,+0000,local.py,MODIFY,124,92,PythonFiles\lupyne\79368723\3a9c60cf47e7f156b8fe5f9b9ce601e49970483b\3a9c60cf47e7f156b8fe5f9b9ce601e49970483b_lupyne_79368723_20090125_052808_before_8.py,PythonFiles\lupyne\79368723\3a9c60cf47e7f156b8fe5f9b9ce601e49970483b\3a9c60cf47e7f156b8fe5f9b9ce601e49970483b_lupyne_79368723_20090125_052808_after_8.py
3a9c60cf47e7f156b8fe5f9b9ce601e49970483b,lupyne,79368723,2009-01-25 05:28:08,+0000,remote.py,MODIFY,23,9,PythonFiles\lupyne\79368723\3a9c60cf47e7f156b8fe5f9b9ce601e49970483b\3a9c60cf47e7f156b8fe5f9b9ce601e49970483b_lupyne_79368723_20090125_052808_before_9.py,PythonFiles\lupyne\79368723\3a9c60cf47e7f156b8fe5f9b9ce601e49970483b\3a9c60cf47e7f156b8fe5f9b9ce601e49970483b_lupyne_79368723_20090125_052808_after_9.py
84649d2730fa09b330a91b553c20abfa60d3df0b,lupyne,79368723,2009-01-25 17:53:29,+0000,__init__.py,MODIFY,2,1,PythonFiles\lupyne\79368723\84649d2730fa09b330a91b553c20abfa60d3df0b\84649d2730fa09b330a91b553c20abfa60d3df0b_lupyne_79368723_20090125_175329_before_1.py,PythonFiles\lupyne\79368723\84649d2730fa09b330a91b553c20abfa60d3df0b\84649d2730fa09b330a91b553c20abfa60d3df0b_lupyne_79368723_20090125_175329_after_1.py
84649d2730fa09b330a91b553c20abfa60d3df0b,lupyne,79368723,2009-01-25 17:53:29,+0000,documents.py,MODIFY,13,11,PythonFiles\lupyne\79368723\84649d2730fa09b330a91b553c20abfa60d3df0b\84649d2730fa09b330a91b553c20abfa60d3df0b_lupyne_79368723_20090125_175329_before_2.py,PythonFiles\lupyne\79368723\84649d2730fa09b330a91b553c20abfa60d3df0b\84649d2730fa09b330a91b553c20abfa60d3df0b_lupyne_79368723_20090125_175329_after_2.py
84649d2730fa09b330a91b553c20abfa60d3df0b,lupyne,79368723,2009-01-25 17:53:29,+0000,indexers.py,MODIFY,16,40,PythonFiles\lupyne\79368723\84649d2730fa09b330a91b553c20abfa60d3df0b\84649d2730fa09b330a91b553c20abfa60d3df0b_lupyne_79368723_20090125_175329_before_3.py,PythonFiles\lupyne\79368723\84649d2730fa09b330a91b553c20abfa60d3df0b\84649d2730fa09b330a91b553c20abfa60d3df0b_lupyne_79368723_20090125_175329_after_3.py
84649d2730fa09b330a91b553c20abfa60d3df0b,lupyne,79368723,2009-01-25 17:53:29,+0000,queries.py,ADD,60,0,,PythonFiles\lupyne\79368723\84649d2730fa09b330a91b553c20abfa60d3df0b\84649d2730fa09b330a91b553c20abfa60d3df0b_lupyne_79368723_20090125_175329_after_4.py
84649d2730fa09b330a91b553c20abfa60d3df0b,lupyne,79368723,2009-01-25 17:53:29,+0000,server.py,MODIFY,14,13,PythonFiles\lupyne\79368723\84649d2730fa09b330a91b553c20abfa60d3df0b\84649d2730fa09b330a91b553c20abfa60d3df0b_lupyne_79368723_20090125_175329_before_5.py,PythonFiles\lupyne\79368723\84649d2730fa09b330a91b553c20abfa60d3df0b\84649d2730fa09b330a91b553c20abfa60d3df0b_lupyne_79368723_20090125_175329_after_5.py
84649d2730fa09b330a91b553c20abfa60d3df0b,lupyne,79368723,2009-01-25 17:53:29,+0000,local.py,MODIFY,20,7,PythonFiles\lupyne\79368723\84649d2730fa09b330a91b553c20abfa60d3df0b\84649d2730fa09b330a91b553c20abfa60d3df0b_lupyne_79368723_20090125_175329_before_6.py,PythonFiles\lupyne\79368723\84649d2730fa09b330a91b553c20abfa60d3df0b\84649d2730fa09b330a91b553c20abfa60d3df0b_lupyne_79368723_20090125_175329_after_6.py
84649d2730fa09b330a91b553c20abfa60d3df0b,lupyne,79368723,2009-01-25 17:53:29,+0000,remote.py,MODIFY,7,0,PythonFiles\lupyne\79368723\84649d2730fa09b330a91b553c20abfa60d3df0b\84649d2730fa09b330a91b553c20abfa60d3df0b_lupyne_79368723_20090125_175329_before_7.py,PythonFiles\lupyne\79368723\84649d2730fa09b330a91b553c20abfa60d3df0b\84649d2730fa09b330a91b553c20abfa60d3df0b_lupyne_79368723_20090125_175329_after_7.py
2b5e0593c6f7675e76ff31e5accdc6cc6ad96c00,lupyne,79368723,2009-01-25 21:23:57,+0000,conf.py,ADD,190,0,,PythonFiles\lupyne\79368723\2b5e0593c6f7675e76ff31e5accdc6cc6ad96c00\2b5e0593c6f7675e76ff31e5accdc6cc6ad96c00_lupyne_79368723_20090125_212357_after_3.py
2b5e0593c6f7675e76ff31e5accdc6cc6ad96c00,lupyne,79368723,2009-01-25 21:23:57,+0000,indexers.py,MODIFY,3,3,PythonFiles\lupyne\79368723\2b5e0593c6f7675e76ff31e5accdc6cc6ad96c00\2b5e0593c6f7675e76ff31e5accdc6cc6ad96c00_lupyne_79368723_20090125_212357_before_8.py,PythonFiles\lupyne\79368723\2b5e0593c6f7675e76ff31e5accdc6cc6ad96c00\2b5e0593c6f7675e76ff31e5accdc6cc6ad96c00_lupyne_79368723_20090125_212357_after_8.py
60521f59f945e2e959c96dc3daf2487f810e298e,lupyne,79368723,2009-01-26 07:47:50,+0000,client.py,MODIFY,4,4,PythonFiles\lupyne\79368723\60521f59f945e2e959c96dc3daf2487f810e298e\60521f59f945e2e959c96dc3daf2487f810e298e_lupyne_79368723_20090126_074750_before_1.py,PythonFiles\lupyne\79368723\60521f59f945e2e959c96dc3daf2487f810e298e\60521f59f945e2e959c96dc3daf2487f810e298e_lupyne_79368723_20090126_074750_after_1.py
60521f59f945e2e959c96dc3daf2487f810e298e,lupyne,79368723,2009-01-26 07:47:50,+0000,__init__.py,MODIFY,1,1,PythonFiles\lupyne\79368723\60521f59f945e2e959c96dc3daf2487f810e298e\60521f59f945e2e959c96dc3daf2487f810e298e_lupyne_79368723_20090126_074750_before_5.py,PythonFiles\lupyne\79368723\60521f59f945e2e959c96dc3daf2487f810e298e\60521f59f945e2e959c96dc3daf2487f810e298e_lupyne_79368723_20090126_074750_after_5.py
60521f59f945e2e959c96dc3daf2487f810e298e,lupyne,79368723,2009-01-26 07:47:50,+0000,documents.py,MODIFY,31,21,PythonFiles\lupyne\79368723\60521f59f945e2e959c96dc3daf2487f810e298e\60521f59f945e2e959c96dc3daf2487f810e298e_lupyne_79368723_20090126_074750_before_6.py,PythonFiles\lupyne\79368723\60521f59f945e2e959c96dc3daf2487f810e298e\60521f59f945e2e959c96dc3daf2487f810e298e_lupyne_79368723_20090126_074750_after_6.py
60521f59f945e2e959c96dc3daf2487f810e298e,lupyne,79368723,2009-01-26 07:47:50,+0000,indexers.py,MODIFY,66,43,PythonFiles\lupyne\79368723\60521f59f945e2e959c96dc3daf2487f810e298e\60521f59f945e2e959c96dc3daf2487f810e298e_lupyne_79368723_20090126_074750_before_7.py,PythonFiles\lupyne\79368723\60521f59f945e2e959c96dc3daf2487f810e298e\60521f59f945e2e959c96dc3daf2487f810e298e_lupyne_79368723_20090126_074750_after_7.py
60521f59f945e2e959c96dc3daf2487f810e298e,lupyne,79368723,2009-01-26 07:47:50,+0000,queries.py,MODIFY,6,3,PythonFiles\lupyne\79368723\60521f59f945e2e959c96dc3daf2487f810e298e\60521f59f945e2e959c96dc3daf2487f810e298e_lupyne_79368723_20090126_074750_before_8.py,PythonFiles\lupyne\79368723\60521f59f945e2e959c96dc3daf2487f810e298e\60521f59f945e2e959c96dc3daf2487f810e298e_lupyne_79368723_20090126_074750_after_8.py
60521f59f945e2e959c96dc3daf2487f810e298e,lupyne,79368723,2009-01-26 07:47:50,+0000,server.py,MODIFY,106,26,PythonFiles\lupyne\79368723\60521f59f945e2e959c96dc3daf2487f810e298e\60521f59f945e2e959c96dc3daf2487f810e298e_lupyne_79368723_20090126_074750_before_9.py,PythonFiles\lupyne\79368723\60521f59f945e2e959c96dc3daf2487f810e298e\60521f59f945e2e959c96dc3daf2487f810e298e_lupyne_79368723_20090126_074750_after_9.py
60521f59f945e2e959c96dc3daf2487f810e298e,lupyne,79368723,2009-01-26 07:47:50,+0000,local.py,MODIFY,1,0,PythonFiles\lupyne\79368723\60521f59f945e2e959c96dc3daf2487f810e298e\60521f59f945e2e959c96dc3daf2487f810e298e_lupyne_79368723_20090126_074750_before_10.py,PythonFiles\lupyne\79368723\60521f59f945e2e959c96dc3daf2487f810e298e\60521f59f945e2e959c96dc3daf2487f810e298e_lupyne_79368723_20090126_074750_after_10.py
60521f59f945e2e959c96dc3daf2487f810e298e,lupyne,79368723,2009-01-26 07:47:50,+0000,remote.py,MODIFY,3,3,PythonFiles\lupyne\79368723\60521f59f945e2e959c96dc3daf2487f810e298e\60521f59f945e2e959c96dc3daf2487f810e298e_lupyne_79368723_20090126_074750_before_11.py,PythonFiles\lupyne\79368723\60521f59f945e2e959c96dc3daf2487f810e298e\60521f59f945e2e959c96dc3daf2487f810e298e_lupyne_79368723_20090126_074750_after_11.py
c9fba2536a1d8bdf98d97bd32e85624720d59449,lupyne,79368723,2009-01-26 08:12:34,+0000,conf.py,MODIFY,1,1,PythonFiles\lupyne\79368723\c9fba2536a1d8bdf98d97bd32e85624720d59449\c9fba2536a1d8bdf98d97bd32e85624720d59449_lupyne_79368723_20090126_081234_before_4.py,PythonFiles\lupyne\79368723\c9fba2536a1d8bdf98d97bd32e85624720d59449\c9fba2536a1d8bdf98d97bd32e85624720d59449_lupyne_79368723_20090126_081234_after_4.py
676a66a078e5e09119c7896c8997afb3378652f4,lupyne,79368723,2009-01-27 05:43:14,+0000,conf.py,MODIFY,1,1,PythonFiles\lupyne\79368723\676a66a078e5e09119c7896c8997afb3378652f4\676a66a078e5e09119c7896c8997afb3378652f4_lupyne_79368723_20090127_054314_before_11.py,PythonFiles\lupyne\79368723\676a66a078e5e09119c7896c8997afb3378652f4\676a66a078e5e09119c7896c8997afb3378652f4_lupyne_79368723_20090127_054314_after_11.py
f2162cff8e49a57962d31f7c9ed201af0c2506ff,lupyne,79368723,2009-01-29 00:13:54,+0000,documents.py,MODIFY,3,3,PythonFiles\lupyne\79368723\f2162cff8e49a57962d31f7c9ed201af0c2506ff\f2162cff8e49a57962d31f7c9ed201af0c2506ff_lupyne_79368723_20090129_001354_before_10.py,PythonFiles\lupyne\79368723\f2162cff8e49a57962d31f7c9ed201af0c2506ff\f2162cff8e49a57962d31f7c9ed201af0c2506ff_lupyne_79368723_20090129_001354_after_10.py
f2162cff8e49a57962d31f7c9ed201af0c2506ff,lupyne,79368723,2009-01-29 00:13:54,+0000,spatial.py,ADD,94,0,,PythonFiles\lupyne\79368723\f2162cff8e49a57962d31f7c9ed201af0c2506ff\f2162cff8e49a57962d31f7c9ed201af0c2506ff_lupyne_79368723_20090129_001354_after_11.py
f2162cff8e49a57962d31f7c9ed201af0c2506ff,lupyne,79368723,2009-01-29 00:13:54,+0000,__init__.py,MODIFY,8,21,PythonFiles\lupyne\79368723\f2162cff8e49a57962d31f7c9ed201af0c2506ff\f2162cff8e49a57962d31f7c9ed201af0c2506ff_lupyne_79368723_20090129_001354_before_12.py,PythonFiles\lupyne\79368723\f2162cff8e49a57962d31f7c9ed201af0c2506ff\f2162cff8e49a57962d31f7c9ed201af0c2506ff_lupyne_79368723_20090129_001354_after_12.py
f2162cff8e49a57962d31f7c9ed201af0c2506ff,lupyne,79368723,2009-01-29 00:13:54,+0000,local.py,MODIFY,73,23,PythonFiles\lupyne\79368723\f2162cff8e49a57962d31f7c9ed201af0c2506ff\f2162cff8e49a57962d31f7c9ed201af0c2506ff_lupyne_79368723_20090129_001354_before_13.py,PythonFiles\lupyne\79368723\f2162cff8e49a57962d31f7c9ed201af0c2506ff\f2162cff8e49a57962d31f7c9ed201af0c2506ff_lupyne_79368723_20090129_001354_after_13.py
f2162cff8e49a57962d31f7c9ed201af0c2506ff,lupyne,79368723,2009-01-29 00:13:54,+0000,remote.py,MODIFY,10,10,PythonFiles\lupyne\79368723\f2162cff8e49a57962d31f7c9ed201af0c2506ff\f2162cff8e49a57962d31f7c9ed201af0c2506ff_lupyne_79368723_20090129_001354_before_14.py,PythonFiles\lupyne\79368723\f2162cff8e49a57962d31f7c9ed201af0c2506ff\f2162cff8e49a57962d31f7c9ed201af0c2506ff_lupyne_79368723_20090129_001354_after_14.py
d825a8a38eed11f46900894ec6075df483977a3f,lupyne,79368723,2009-01-30 06:35:40,+0000,documents.py,MODIFY,45,56,PythonFiles\lupyne\79368723\d825a8a38eed11f46900894ec6075df483977a3f\d825a8a38eed11f46900894ec6075df483977a3f_lupyne_79368723_20090130_063540_before_2.py,PythonFiles\lupyne\79368723\d825a8a38eed11f46900894ec6075df483977a3f\d825a8a38eed11f46900894ec6075df483977a3f_lupyne_79368723_20090130_063540_after_2.py
d825a8a38eed11f46900894ec6075df483977a3f,lupyne,79368723,2009-01-30 06:35:40,+0000,indexers.py,MODIFY,4,3,PythonFiles\lupyne\79368723\d825a8a38eed11f46900894ec6075df483977a3f\d825a8a38eed11f46900894ec6075df483977a3f_lupyne_79368723_20090130_063540_before_3.py,PythonFiles\lupyne\79368723\d825a8a38eed11f46900894ec6075df483977a3f\d825a8a38eed11f46900894ec6075df483977a3f_lupyne_79368723_20090130_063540_after_3.py
d825a8a38eed11f46900894ec6075df483977a3f,lupyne,79368723,2009-01-30 06:35:40,+0000,local.py,MODIFY,15,14,PythonFiles\lupyne\79368723\d825a8a38eed11f46900894ec6075df483977a3f\d825a8a38eed11f46900894ec6075df483977a3f_lupyne_79368723_20090130_063540_before_4.py,PythonFiles\lupyne\79368723\d825a8a38eed11f46900894ec6075df483977a3f\d825a8a38eed11f46900894ec6075df483977a3f_lupyne_79368723_20090130_063540_after_4.py
a4185cb865d2dea17ffdc6e5e80ba27d58114381,lupyne,79368723,2009-01-31 23:52:09,+0000,queries.py,MODIFY,24,1,PythonFiles\lupyne\79368723\a4185cb865d2dea17ffdc6e5e80ba27d58114381\a4185cb865d2dea17ffdc6e5e80ba27d58114381_lupyne_79368723_20090131_235209_before_1.py,PythonFiles\lupyne\79368723\a4185cb865d2dea17ffdc6e5e80ba27d58114381\a4185cb865d2dea17ffdc6e5e80ba27d58114381_lupyne_79368723_20090131_235209_after_1.py
a4185cb865d2dea17ffdc6e5e80ba27d58114381,lupyne,79368723,2009-01-31 23:52:09,+0000,local.py,MODIFY,3,1,PythonFiles\lupyne\79368723\a4185cb865d2dea17ffdc6e5e80ba27d58114381\a4185cb865d2dea17ffdc6e5e80ba27d58114381_lupyne_79368723_20090131_235209_before_2.py,PythonFiles\lupyne\79368723\a4185cb865d2dea17ffdc6e5e80ba27d58114381\a4185cb865d2dea17ffdc6e5e80ba27d58114381_lupyne_79368723_20090131_235209_after_2.py
c94d17762de7f334bfbb9d4cc4e5fad71cfb017d,lupyne,79368723,2009-02-01 01:06:40,+0000,__init__.py,MODIFY,1,1,PythonFiles\lupyne\79368723\c94d17762de7f334bfbb9d4cc4e5fad71cfb017d\c94d17762de7f334bfbb9d4cc4e5fad71cfb017d_lupyne_79368723_20090201_010640_before_17.py,PythonFiles\lupyne\79368723\c94d17762de7f334bfbb9d4cc4e5fad71cfb017d\c94d17762de7f334bfbb9d4cc4e5fad71cfb017d_lupyne_79368723_20090201_010640_after_17.py
c94d17762de7f334bfbb9d4cc4e5fad71cfb017d,lupyne,79368723,2009-02-01 01:06:40,+0000,documents.py,MODIFY,2,2,PythonFiles\lupyne\79368723\c94d17762de7f334bfbb9d4cc4e5fad71cfb017d\c94d17762de7f334bfbb9d4cc4e5fad71cfb017d_lupyne_79368723_20090201_010640_before_18.py,PythonFiles\lupyne\79368723\c94d17762de7f334bfbb9d4cc4e5fad71cfb017d\c94d17762de7f334bfbb9d4cc4e5fad71cfb017d_lupyne_79368723_20090201_010640_after_18.py
c94d17762de7f334bfbb9d4cc4e5fad71cfb017d,lupyne,79368723,2009-02-01 01:06:40,+0000,spatial.py,MODIFY,1,1,PythonFiles\lupyne\79368723\c94d17762de7f334bfbb9d4cc4e5fad71cfb017d\c94d17762de7f334bfbb9d4cc4e5fad71cfb017d_lupyne_79368723_20090201_010640_before_19.py,PythonFiles\lupyne\79368723\c94d17762de7f334bfbb9d4cc4e5fad71cfb017d\c94d17762de7f334bfbb9d4cc4e5fad71cfb017d_lupyne_79368723_20090201_010640_after_19.py
c94d17762de7f334bfbb9d4cc4e5fad71cfb017d,lupyne,79368723,2009-02-01 01:06:40,+0000,server.py,MODIFY,2,0,PythonFiles\lupyne\79368723\c94d17762de7f334bfbb9d4cc4e5fad71cfb017d\c94d17762de7f334bfbb9d4cc4e5fad71cfb017d_lupyne_79368723_20090201_010640_before_20.py,PythonFiles\lupyne\79368723\c94d17762de7f334bfbb9d4cc4e5fad71cfb017d\c94d17762de7f334bfbb9d4cc4e5fad71cfb017d_lupyne_79368723_20090201_010640_after_20.py
b96974d1a4a3274f54acaa56394a81c097c18599,lupyne,79368723,2009-02-06 00:27:54,+0000,client.py,MODIFY,0,1,PythonFiles\lupyne\79368723\b96974d1a4a3274f54acaa56394a81c097c18599\b96974d1a4a3274f54acaa56394a81c097c18599_lupyne_79368723_20090206_002754_before_1.py,PythonFiles\lupyne\79368723\b96974d1a4a3274f54acaa56394a81c097c18599\b96974d1a4a3274f54acaa56394a81c097c18599_lupyne_79368723_20090206_002754_after_1.py
b96974d1a4a3274f54acaa56394a81c097c18599,lupyne,79368723,2009-02-06 00:27:54,+0000,documents.py,MODIFY,0,1,PythonFiles\lupyne\79368723\b96974d1a4a3274f54acaa56394a81c097c18599\b96974d1a4a3274f54acaa56394a81c097c18599_lupyne_79368723_20090206_002754_before_6.py,PythonFiles\lupyne\79368723\b96974d1a4a3274f54acaa56394a81c097c18599\b96974d1a4a3274f54acaa56394a81c097c18599_lupyne_79368723_20090206_002754_after_6.py
b96974d1a4a3274f54acaa56394a81c097c18599,lupyne,79368723,2009-02-06 00:27:54,+0000,indexers.py,MODIFY,1,1,PythonFiles\lupyne\79368723\b96974d1a4a3274f54acaa56394a81c097c18599\b96974d1a4a3274f54acaa56394a81c097c18599_lupyne_79368723_20090206_002754_before_7.py,PythonFiles\lupyne\79368723\b96974d1a4a3274f54acaa56394a81c097c18599\b96974d1a4a3274f54acaa56394a81c097c18599_lupyne_79368723_20090206_002754_after_7.py
b96974d1a4a3274f54acaa56394a81c097c18599,lupyne,79368723,2009-02-06 00:27:54,+0000,local.py,MODIFY,4,2,PythonFiles\lupyne\79368723\b96974d1a4a3274f54acaa56394a81c097c18599\b96974d1a4a3274f54acaa56394a81c097c18599_lupyne_79368723_20090206_002754_before_8.py,PythonFiles\lupyne\79368723\b96974d1a4a3274f54acaa56394a81c097c18599\b96974d1a4a3274f54acaa56394a81c097c18599_lupyne_79368723_20090206_002754_after_8.py
55f158856c4f6386de22ace7686bf7d97a953b36,lupyne,79368723,2009-02-06 06:16:24,+0000,documents.py,MODIFY,14,13,PythonFiles\lupyne\79368723\55f158856c4f6386de22ace7686bf7d97a953b36\55f158856c4f6386de22ace7686bf7d97a953b36_lupyne_79368723_20090206_061624_before_5.py,PythonFiles\lupyne\79368723\55f158856c4f6386de22ace7686bf7d97a953b36\55f158856c4f6386de22ace7686bf7d97a953b36_lupyne_79368723_20090206_061624_after_5.py
55f158856c4f6386de22ace7686bf7d97a953b36,lupyne,79368723,2009-02-06 06:16:24,+0000,queries.py,MODIFY,1,1,PythonFiles\lupyne\79368723\55f158856c4f6386de22ace7686bf7d97a953b36\55f158856c4f6386de22ace7686bf7d97a953b36_lupyne_79368723_20090206_061624_before_6.py,PythonFiles\lupyne\79368723\55f158856c4f6386de22ace7686bf7d97a953b36\55f158856c4f6386de22ace7686bf7d97a953b36_lupyne_79368723_20090206_061624_after_6.py
55f158856c4f6386de22ace7686bf7d97a953b36,lupyne,79368723,2009-02-06 06:16:24,+0000,spatial.py,MODIFY,3,6,PythonFiles\lupyne\79368723\55f158856c4f6386de22ace7686bf7d97a953b36\55f158856c4f6386de22ace7686bf7d97a953b36_lupyne_79368723_20090206_061624_before_7.py,PythonFiles\lupyne\79368723\55f158856c4f6386de22ace7686bf7d97a953b36\55f158856c4f6386de22ace7686bf7d97a953b36_lupyne_79368723_20090206_061624_after_7.py
55f158856c4f6386de22ace7686bf7d97a953b36,lupyne,79368723,2009-02-06 06:16:24,+0000,server.py,MODIFY,1,1,PythonFiles\lupyne\79368723\55f158856c4f6386de22ace7686bf7d97a953b36\55f158856c4f6386de22ace7686bf7d97a953b36_lupyne_79368723_20090206_061624_before_8.py,PythonFiles\lupyne\79368723\55f158856c4f6386de22ace7686bf7d97a953b36\55f158856c4f6386de22ace7686bf7d97a953b36_lupyne_79368723_20090206_061624_after_8.py
55f158856c4f6386de22ace7686bf7d97a953b36,lupyne,79368723,2009-02-06 06:16:24,+0000,local.py,MODIFY,8,8,PythonFiles\lupyne\79368723\55f158856c4f6386de22ace7686bf7d97a953b36\55f158856c4f6386de22ace7686bf7d97a953b36_lupyne_79368723_20090206_061624_before_9.py,PythonFiles\lupyne\79368723\55f158856c4f6386de22ace7686bf7d97a953b36\55f158856c4f6386de22ace7686bf7d97a953b36_lupyne_79368723_20090206_061624_after_9.py
790af0263f39ab3d03427527257bf2df19e95b6b,lupyne,79368723,2009-02-07 01:45:01,+0000,__init__.py,RENAME,0,0,,
790af0263f39ab3d03427527257bf2df19e95b6b,lupyne,79368723,2009-02-07 01:45:01,+0000,client.py,RENAME,0,0,,
790af0263f39ab3d03427527257bf2df19e95b6b,lupyne,79368723,2009-02-07 01:45:01,+0000,__init__.py,RENAME,0,0,,
790af0263f39ab3d03427527257bf2df19e95b6b,lupyne,79368723,2009-02-07 01:45:01,+0000,documents.py,RENAME,0,0,,
790af0263f39ab3d03427527257bf2df19e95b6b,lupyne,79368723,2009-02-07 01:45:01,+0000,indexers.py,RENAME,0,0,,
790af0263f39ab3d03427527257bf2df19e95b6b,lupyne,79368723,2009-02-07 01:45:01,+0000,queries.py,RENAME,0,0,,
790af0263f39ab3d03427527257bf2df19e95b6b,lupyne,79368723,2009-02-07 01:45:01,+0000,spatial.py,RENAME,0,0,,
790af0263f39ab3d03427527257bf2df19e95b6b,lupyne,79368723,2009-02-07 01:45:01,+0000,server.py,RENAME,0,0,,
790af0263f39ab3d03427527257bf2df19e95b6b,lupyne,79368723,2009-02-07 01:45:01,+0000,conf.py,MODIFY,1,1,PythonFiles\lupyne\79368723\790af0263f39ab3d03427527257bf2df19e95b6b\790af0263f39ab3d03427527257bf2df19e95b6b_lupyne_79368723_20090207_014501_before_11.py,PythonFiles\lupyne\79368723\790af0263f39ab3d03427527257bf2df19e95b6b\790af0263f39ab3d03427527257bf2df19e95b6b_lupyne_79368723_20090207_014501_after_11.py
790af0263f39ab3d03427527257bf2df19e95b6b,lupyne,79368723,2009-02-07 01:45:01,+0000,__main__.py,MODIFY,3,3,PythonFiles\lupyne\79368723\790af0263f39ab3d03427527257bf2df19e95b6b\790af0263f39ab3d03427527257bf2df19e95b6b_lupyne_79368723_20090207_014501_before_12.py,PythonFiles\lupyne\79368723\790af0263f39ab3d03427527257bf2df19e95b6b\790af0263f39ab3d03427527257bf2df19e95b6b_lupyne_79368723_20090207_014501_after_12.py
790af0263f39ab3d03427527257bf2df19e95b6b,lupyne,79368723,2009-02-07 01:45:01,+0000,local.py,MODIFY,4,3,PythonFiles\lupyne\79368723\790af0263f39ab3d03427527257bf2df19e95b6b\790af0263f39ab3d03427527257bf2df19e95b6b_lupyne_79368723_20090207_014501_before_13.py,PythonFiles\lupyne\79368723\790af0263f39ab3d03427527257bf2df19e95b6b\790af0263f39ab3d03427527257bf2df19e95b6b_lupyne_79368723_20090207_014501_after_13.py
790af0263f39ab3d03427527257bf2df19e95b6b,lupyne,79368723,2009-02-07 01:45:01,+0000,remote.py,MODIFY,3,3,PythonFiles\lupyne\79368723\790af0263f39ab3d03427527257bf2df19e95b6b\790af0263f39ab3d03427527257bf2df19e95b6b_lupyne_79368723_20090207_014501_before_14.py,PythonFiles\lupyne\79368723\790af0263f39ab3d03427527257bf2df19e95b6b\790af0263f39ab3d03427527257bf2df19e95b6b_lupyne_79368723_20090207_014501_after_14.py
2313279a91171abd8b20d05cebf61a437081134c,lupyne,79368723,2009-02-11 04:31:41,+0000,spatial.py,MODIFY,11,4,PythonFiles\lupyne\79368723\2313279a91171abd8b20d05cebf61a437081134c\2313279a91171abd8b20d05cebf61a437081134c_lupyne_79368723_20090211_043141_before_1.py,PythonFiles\lupyne\79368723\2313279a91171abd8b20d05cebf61a437081134c\2313279a91171abd8b20d05cebf61a437081134c_lupyne_79368723_20090211_043141_after_1.py
f592dcb593f80583b4d1f0c4c5e4b5f522eea1fd,lupyne,79368723,2009-02-11 04:33:30,+0000,server.py,MODIFY,1,1,PythonFiles\lupyne\79368723\f592dcb593f80583b4d1f0c4c5e4b5f522eea1fd\f592dcb593f80583b4d1f0c4c5e4b5f522eea1fd_lupyne_79368723_20090211_043330_before_1.py,PythonFiles\lupyne\79368723\f592dcb593f80583b4d1f0c4c5e4b5f522eea1fd\f592dcb593f80583b4d1f0c4c5e4b5f522eea1fd_lupyne_79368723_20090211_043330_after_1.py
f592dcb593f80583b4d1f0c4c5e4b5f522eea1fd,lupyne,79368723,2009-02-11 04:33:30,+0000,setup.py,ADD,14,0,,PythonFiles\lupyne\79368723\f592dcb593f80583b4d1f0c4c5e4b5f522eea1fd\f592dcb593f80583b4d1f0c4c5e4b5f522eea1fd_lupyne_79368723_20090211_043330_after_2.py
1f20e9950cafcaca0edcded117551b2336ed6bec,lupyne,79368723,2009-02-13 03:27:57,+0000,__init__.py,MODIFY,2,2,PythonFiles\lupyne\79368723\1f20e9950cafcaca0edcded117551b2336ed6bec\1f20e9950cafcaca0edcded117551b2336ed6bec_lupyne_79368723_20090213_032757_before_1.py,PythonFiles\lupyne\79368723\1f20e9950cafcaca0edcded117551b2336ed6bec\1f20e9950cafcaca0edcded117551b2336ed6bec_lupyne_79368723_20090213_032757_after_1.py
1f20e9950cafcaca0edcded117551b2336ed6bec,lupyne,79368723,2009-02-13 03:27:57,+0000,queries.py,MODIFY,42,8,PythonFiles\lupyne\79368723\1f20e9950cafcaca0edcded117551b2336ed6bec\1f20e9950cafcaca0edcded117551b2336ed6bec_lupyne_79368723_20090213_032757_before_2.py,PythonFiles\lupyne\79368723\1f20e9950cafcaca0edcded117551b2336ed6bec\1f20e9950cafcaca0edcded117551b2336ed6bec_lupyne_79368723_20090213_032757_after_2.py
1f20e9950cafcaca0edcded117551b2336ed6bec,lupyne,79368723,2009-02-13 03:27:57,+0000,local.py,MODIFY,6,0,PythonFiles\lupyne\79368723\1f20e9950cafcaca0edcded117551b2336ed6bec\1f20e9950cafcaca0edcded117551b2336ed6bec_lupyne_79368723_20090213_032757_before_9.py,PythonFiles\lupyne\79368723\1f20e9950cafcaca0edcded117551b2336ed6bec\1f20e9950cafcaca0edcded117551b2336ed6bec_lupyne_79368723_20090213_032757_after_9.py
bec986c9732dbb9cc23b567cdd74cf7e0d62eb1d,lupyne,79368723,2009-02-15 23:43:34,+0000,documents.py,MODIFY,11,9,PythonFiles\lupyne\79368723\bec986c9732dbb9cc23b567cdd74cf7e0d62eb1d\bec986c9732dbb9cc23b567cdd74cf7e0d62eb1d_lupyne_79368723_20090215_234334_before_1.py,PythonFiles\lupyne\79368723\bec986c9732dbb9cc23b567cdd74cf7e0d62eb1d\bec986c9732dbb9cc23b567cdd74cf7e0d62eb1d_lupyne_79368723_20090215_234334_after_1.py
bec986c9732dbb9cc23b567cdd74cf7e0d62eb1d,lupyne,79368723,2009-02-15 23:43:34,+0000,indexers.py,MODIFY,30,4,PythonFiles\lupyne\79368723\bec986c9732dbb9cc23b567cdd74cf7e0d62eb1d\bec986c9732dbb9cc23b567cdd74cf7e0d62eb1d_lupyne_79368723_20090215_234334_before_2.py,PythonFiles\lupyne\79368723\bec986c9732dbb9cc23b567cdd74cf7e0d62eb1d\bec986c9732dbb9cc23b567cdd74cf7e0d62eb1d_lupyne_79368723_20090215_234334_after_2.py
bec986c9732dbb9cc23b567cdd74cf7e0d62eb1d,lupyne,79368723,2009-02-15 23:43:34,+0000,queries.py,MODIFY,26,22,PythonFiles\lupyne\79368723\bec986c9732dbb9cc23b567cdd74cf7e0d62eb1d\bec986c9732dbb9cc23b567cdd74cf7e0d62eb1d_lupyne_79368723_20090215_234334_before_3.py,PythonFiles\lupyne\79368723\bec986c9732dbb9cc23b567cdd74cf7e0d62eb1d\bec986c9732dbb9cc23b567cdd74cf7e0d62eb1d_lupyne_79368723_20090215_234334_after_3.py
bec986c9732dbb9cc23b567cdd74cf7e0d62eb1d,lupyne,79368723,2009-02-15 23:43:34,+0000,local.py,MODIFY,10,4,PythonFiles\lupyne\79368723\bec986c9732dbb9cc23b567cdd74cf7e0d62eb1d\bec986c9732dbb9cc23b567cdd74cf7e0d62eb1d_lupyne_79368723_20090215_234334_before_10.py,PythonFiles\lupyne\79368723\bec986c9732dbb9cc23b567cdd74cf7e0d62eb1d\bec986c9732dbb9cc23b567cdd74cf7e0d62eb1d_lupyne_79368723_20090215_234334_after_10.py
c3a6359372aae0c3e3be3b17bab1922df54b645b,lupyne,79368723,2009-02-17 21:58:43,+0000,__init__.py,MODIFY,5,3,PythonFiles\lupyne\79368723\c3a6359372aae0c3e3be3b17bab1922df54b645b\c3a6359372aae0c3e3be3b17bab1922df54b645b_lupyne_79368723_20090217_215843_before_1.py,PythonFiles\lupyne\79368723\c3a6359372aae0c3e3be3b17bab1922df54b645b\c3a6359372aae0c3e3be3b17bab1922df54b645b_lupyne_79368723_20090217_215843_after_1.py
c3a6359372aae0c3e3be3b17bab1922df54b645b,lupyne,79368723,2009-02-17 21:58:43,+0000,documents.py,MODIFY,4,4,PythonFiles\lupyne\79368723\c3a6359372aae0c3e3be3b17bab1922df54b645b\c3a6359372aae0c3e3be3b17bab1922df54b645b_lupyne_79368723_20090217_215843_before_2.py,PythonFiles\lupyne\79368723\c3a6359372aae0c3e3be3b17bab1922df54b645b\c3a6359372aae0c3e3be3b17bab1922df54b645b_lupyne_79368723_20090217_215843_after_2.py
c3a6359372aae0c3e3be3b17bab1922df54b645b,lupyne,79368723,2009-02-17 21:58:43,+0000,indexers.py,MODIFY,4,4,PythonFiles\lupyne\79368723\c3a6359372aae0c3e3be3b17bab1922df54b645b\c3a6359372aae0c3e3be3b17bab1922df54b645b_lupyne_79368723_20090217_215843_before_3.py,PythonFiles\lupyne\79368723\c3a6359372aae0c3e3be3b17bab1922df54b645b\c3a6359372aae0c3e3be3b17bab1922df54b645b_lupyne_79368723_20090217_215843_after_3.py
c3a6359372aae0c3e3be3b17bab1922df54b645b,lupyne,79368723,2009-02-17 21:58:43,+0000,queries.py,MODIFY,10,6,PythonFiles\lupyne\79368723\c3a6359372aae0c3e3be3b17bab1922df54b645b\c3a6359372aae0c3e3be3b17bab1922df54b645b_lupyne_79368723_20090217_215843_before_4.py,PythonFiles\lupyne\79368723\c3a6359372aae0c3e3be3b17bab1922df54b645b\c3a6359372aae0c3e3be3b17bab1922df54b645b_lupyne_79368723_20090217_215843_after_4.py
c3a6359372aae0c3e3be3b17bab1922df54b645b,lupyne,79368723,2009-02-17 21:58:43,+0000,spatial.py,DELETE,0,98,PythonFiles\lupyne\79368723\c3a6359372aae0c3e3be3b17bab1922df54b645b\c3a6359372aae0c3e3be3b17bab1922df54b645b_lupyne_79368723_20090217_215843_before_5.py,
c3a6359372aae0c3e3be3b17bab1922df54b645b,lupyne,79368723,2009-02-17 21:58:43,+0000,__init__.py,ADD,88,0,,PythonFiles\lupyne\79368723\c3a6359372aae0c3e3be3b17bab1922df54b645b\c3a6359372aae0c3e3be3b17bab1922df54b645b_lupyne_79368723_20090217_215843_after_6.py
c3a6359372aae0c3e3be3b17bab1922df54b645b,lupyne,79368723,2009-02-17 21:58:43,+0000,globalmaptiles.py,ADD,440,0,,PythonFiles\lupyne\79368723\c3a6359372aae0c3e3be3b17bab1922df54b645b\c3a6359372aae0c3e3be3b17bab1922df54b645b_lupyne_79368723_20090217_215843_after_7.py
c3a6359372aae0c3e3be3b17bab1922df54b645b,lupyne,79368723,2009-02-17 21:58:43,+0000,local.py,MODIFY,12,17,PythonFiles\lupyne\79368723\c3a6359372aae0c3e3be3b17bab1922df54b645b\c3a6359372aae0c3e3be3b17bab1922df54b645b_lupyne_79368723_20090217_215843_before_15.py,PythonFiles\lupyne\79368723\c3a6359372aae0c3e3be3b17bab1922df54b645b\c3a6359372aae0c3e3be3b17bab1922df54b645b_lupyne_79368723_20090217_215843_after_15.py
fbff96769d87c3861be0bac3ecea2c54fa4b83a0,lupyne,79368723,2009-02-18 22:32:38,+0000,documents.py,MODIFY,12,9,PythonFiles\lupyne\79368723\fbff96769d87c3861be0bac3ecea2c54fa4b83a0\fbff96769d87c3861be0bac3ecea2c54fa4b83a0_lupyne_79368723_20090218_223238_before_1.py,PythonFiles\lupyne\79368723\fbff96769d87c3861be0bac3ecea2c54fa4b83a0\fbff96769d87c3861be0bac3ecea2c54fa4b83a0_lupyne_79368723_20090218_223238_after_1.py
fbff96769d87c3861be0bac3ecea2c54fa4b83a0,lupyne,79368723,2009-02-18 22:32:38,+0000,local.py,MODIFY,2,2,PythonFiles\lupyne\79368723\fbff96769d87c3861be0bac3ecea2c54fa4b83a0\fbff96769d87c3861be0bac3ecea2c54fa4b83a0_lupyne_79368723_20090218_223238_before_5.py,PythonFiles\lupyne\79368723\fbff96769d87c3861be0bac3ecea2c54fa4b83a0\fbff96769d87c3861be0bac3ecea2c54fa4b83a0_lupyne_79368723_20090218_223238_after_5.py
82f5e9216268c993cbf33cb7b683eeffe5a6fad7,lupyne,79368723,2009-02-21 00:51:01,+0000,documents.py,MODIFY,9,5,PythonFiles\lupyne\79368723\82f5e9216268c993cbf33cb7b683eeffe5a6fad7\82f5e9216268c993cbf33cb7b683eeffe5a6fad7_lupyne_79368723_20090221_005101_before_1.py,PythonFiles\lupyne\79368723\82f5e9216268c993cbf33cb7b683eeffe5a6fad7\82f5e9216268c993cbf33cb7b683eeffe5a6fad7_lupyne_79368723_20090221_005101_after_1.py
82f5e9216268c993cbf33cb7b683eeffe5a6fad7,lupyne,79368723,2009-02-21 00:51:01,+0000,__init__.py,MODIFY,2,2,PythonFiles\lupyne\79368723\82f5e9216268c993cbf33cb7b683eeffe5a6fad7\82f5e9216268c993cbf33cb7b683eeffe5a6fad7_lupyne_79368723_20090221_005101_before_2.py,PythonFiles\lupyne\79368723\82f5e9216268c993cbf33cb7b683eeffe5a6fad7\82f5e9216268c993cbf33cb7b683eeffe5a6fad7_lupyne_79368723_20090221_005101_after_2.py
82f5e9216268c993cbf33cb7b683eeffe5a6fad7,lupyne,79368723,2009-02-21 00:51:01,+0000,local.py,MODIFY,5,3,PythonFiles\lupyne\79368723\82f5e9216268c993cbf33cb7b683eeffe5a6fad7\82f5e9216268c993cbf33cb7b683eeffe5a6fad7_lupyne_79368723_20090221_005101_before_3.py,PythonFiles\lupyne\79368723\82f5e9216268c993cbf33cb7b683eeffe5a6fad7\82f5e9216268c993cbf33cb7b683eeffe5a6fad7_lupyne_79368723_20090221_005101_after_3.py
7316b83fed111e22d864477eb273b4e7adce6d4a,lupyne,79368723,2009-02-25 23:59:42,+0000,indexers.py,MODIFY,9,7,PythonFiles\lupyne\79368723\7316b83fed111e22d864477eb273b4e7adce6d4a\7316b83fed111e22d864477eb273b4e7adce6d4a_lupyne_79368723_20090225_235942_before_1.py,PythonFiles\lupyne\79368723\7316b83fed111e22d864477eb273b4e7adce6d4a\7316b83fed111e22d864477eb273b4e7adce6d4a_lupyne_79368723_20090225_235942_after_1.py
7316b83fed111e22d864477eb273b4e7adce6d4a,lupyne,79368723,2009-02-25 23:59:42,+0000,queries.py,MODIFY,30,35,PythonFiles\lupyne\79368723\7316b83fed111e22d864477eb273b4e7adce6d4a\7316b83fed111e22d864477eb273b4e7adce6d4a_lupyne_79368723_20090225_235942_before_2.py,PythonFiles\lupyne\79368723\7316b83fed111e22d864477eb273b4e7adce6d4a\7316b83fed111e22d864477eb273b4e7adce6d4a_lupyne_79368723_20090225_235942_after_2.py
7316b83fed111e22d864477eb273b4e7adce6d4a,lupyne,79368723,2009-02-25 23:59:42,+0000,__init__.py,MODIFY,1,1,PythonFiles\lupyne\79368723\7316b83fed111e22d864477eb273b4e7adce6d4a\7316b83fed111e22d864477eb273b4e7adce6d4a_lupyne_79368723_20090225_235942_before_3.py,PythonFiles\lupyne\79368723\7316b83fed111e22d864477eb273b4e7adce6d4a\7316b83fed111e22d864477eb273b4e7adce6d4a_lupyne_79368723_20090225_235942_after_3.py
7316b83fed111e22d864477eb273b4e7adce6d4a,lupyne,79368723,2009-02-25 23:59:42,+0000,local.py,MODIFY,4,0,PythonFiles\lupyne\79368723\7316b83fed111e22d864477eb273b4e7adce6d4a\7316b83fed111e22d864477eb273b4e7adce6d4a_lupyne_79368723_20090225_235942_before_8.py,PythonFiles\lupyne\79368723\7316b83fed111e22d864477eb273b4e7adce6d4a\7316b83fed111e22d864477eb273b4e7adce6d4a_lupyne_79368723_20090225_235942_after_8.py
3a25736fff8698a9478193a1a27d3090d2bfd166,lupyne,79368723,2009-03-05 22:02:53,+0000,documents.py,MODIFY,8,7,PythonFiles\lupyne\79368723\3a25736fff8698a9478193a1a27d3090d2bfd166\3a25736fff8698a9478193a1a27d3090d2bfd166_lupyne_79368723_20090305_220253_before_1.py,PythonFiles\lupyne\79368723\3a25736fff8698a9478193a1a27d3090d2bfd166\3a25736fff8698a9478193a1a27d3090d2bfd166_lupyne_79368723_20090305_220253_after_1.py
3a25736fff8698a9478193a1a27d3090d2bfd166,lupyne,79368723,2009-03-05 22:02:53,+0000,indexers.py,MODIFY,5,2,PythonFiles\lupyne\79368723\3a25736fff8698a9478193a1a27d3090d2bfd166\3a25736fff8698a9478193a1a27d3090d2bfd166_lupyne_79368723_20090305_220253_before_2.py,PythonFiles\lupyne\79368723\3a25736fff8698a9478193a1a27d3090d2bfd166\3a25736fff8698a9478193a1a27d3090d2bfd166_lupyne_79368723_20090305_220253_after_2.py
3a25736fff8698a9478193a1a27d3090d2bfd166,lupyne,79368723,2009-03-05 22:02:53,+0000,local.py,MODIFY,1,0,PythonFiles\lupyne\79368723\3a25736fff8698a9478193a1a27d3090d2bfd166\3a25736fff8698a9478193a1a27d3090d2bfd166_lupyne_79368723_20090305_220253_before_6.py,PythonFiles\lupyne\79368723\3a25736fff8698a9478193a1a27d3090d2bfd166\3a25736fff8698a9478193a1a27d3090d2bfd166_lupyne_79368723_20090305_220253_after_6.py
e51ea11679a6a8f65e3997d4c2be666ddac11e37,lupyne,79368723,2009-03-11 17:45:44,+0000,__init__.py,MODIFY,1,2,PythonFiles\lupyne\79368723\e51ea11679a6a8f65e3997d4c2be666ddac11e37\e51ea11679a6a8f65e3997d4c2be666ddac11e37_lupyne_79368723_20090311_174544_before_1.py,PythonFiles\lupyne\79368723\e51ea11679a6a8f65e3997d4c2be666ddac11e37\e51ea11679a6a8f65e3997d4c2be666ddac11e37_lupyne_79368723_20090311_174544_after_1.py
e51ea11679a6a8f65e3997d4c2be666ddac11e37,lupyne,79368723,2009-03-11 17:45:44,+0000,indexers.py,MODIFY,9,0,PythonFiles\lupyne\79368723\e51ea11679a6a8f65e3997d4c2be666ddac11e37\e51ea11679a6a8f65e3997d4c2be666ddac11e37_lupyne_79368723_20090311_174544_before_2.py,PythonFiles\lupyne\79368723\e51ea11679a6a8f65e3997d4c2be666ddac11e37\e51ea11679a6a8f65e3997d4c2be666ddac11e37_lupyne_79368723_20090311_174544_after_2.py
e51ea11679a6a8f65e3997d4c2be666ddac11e37,lupyne,79368723,2009-03-11 17:45:44,+0000,server.py,MODIFY,8,6,PythonFiles\lupyne\79368723\e51ea11679a6a8f65e3997d4c2be666ddac11e37\e51ea11679a6a8f65e3997d4c2be666ddac11e37_lupyne_79368723_20090311_174544_before_3.py,PythonFiles\lupyne\79368723\e51ea11679a6a8f65e3997d4c2be666ddac11e37\e51ea11679a6a8f65e3997d4c2be666ddac11e37_lupyne_79368723_20090311_174544_after_3.py
e51ea11679a6a8f65e3997d4c2be666ddac11e37,lupyne,79368723,2009-03-11 17:45:44,+0000,local.py,MODIFY,6,0,PythonFiles\lupyne\79368723\e51ea11679a6a8f65e3997d4c2be666ddac11e37\e51ea11679a6a8f65e3997d4c2be666ddac11e37_lupyne_79368723_20090311_174544_before_4.py,PythonFiles\lupyne\79368723\e51ea11679a6a8f65e3997d4c2be666ddac11e37\e51ea11679a6a8f65e3997d4c2be666ddac11e37_lupyne_79368723_20090311_174544_after_4.py
e51ea11679a6a8f65e3997d4c2be666ddac11e37,lupyne,79368723,2009-03-11 17:45:44,+0000,remote.py,MODIFY,4,4,PythonFiles\lupyne\79368723\e51ea11679a6a8f65e3997d4c2be666ddac11e37\e51ea11679a6a8f65e3997d4c2be666ddac11e37_lupyne_79368723_20090311_174544_before_5.py,PythonFiles\lupyne\79368723\e51ea11679a6a8f65e3997d4c2be666ddac11e37\e51ea11679a6a8f65e3997d4c2be666ddac11e37_lupyne_79368723_20090311_174544_after_5.py
4d7e648b29b4a43643eddf889e089324a645a3b9,lupyne,79368723,2009-03-12 00:41:26,+0000,__init__.py,MODIFY,5,2,PythonFiles\lupyne\79368723\4d7e648b29b4a43643eddf889e089324a645a3b9\4d7e648b29b4a43643eddf889e089324a645a3b9_lupyne_79368723_20090312_004126_before_1.py,PythonFiles\lupyne\79368723\4d7e648b29b4a43643eddf889e089324a645a3b9\4d7e648b29b4a43643eddf889e089324a645a3b9_lupyne_79368723_20090312_004126_after_1.py
4a4fac9756c40656a73c46516538a200aa4204dd,lupyne,79368723,2009-03-19 20:47:17,+0000,indexers.py,MODIFY,6,5,PythonFiles\lupyne\79368723\4a4fac9756c40656a73c46516538a200aa4204dd\4a4fac9756c40656a73c46516538a200aa4204dd_lupyne_79368723_20090319_204717_before_1.py,PythonFiles\lupyne\79368723\4a4fac9756c40656a73c46516538a200aa4204dd\4a4fac9756c40656a73c46516538a200aa4204dd_lupyne_79368723_20090319_204717_after_1.py
4a4fac9756c40656a73c46516538a200aa4204dd,lupyne,79368723,2009-03-19 20:47:17,+0000,queries.py,MODIFY,42,4,PythonFiles\lupyne\79368723\4a4fac9756c40656a73c46516538a200aa4204dd\4a4fac9756c40656a73c46516538a200aa4204dd_lupyne_79368723_20090319_204717_before_2.py,PythonFiles\lupyne\79368723\4a4fac9756c40656a73c46516538a200aa4204dd\4a4fac9756c40656a73c46516538a200aa4204dd_lupyne_79368723_20090319_204717_after_2.py
4a4fac9756c40656a73c46516538a200aa4204dd,lupyne,79368723,2009-03-19 20:47:17,+0000,local.py,MODIFY,12,0,PythonFiles\lupyne\79368723\4a4fac9756c40656a73c46516538a200aa4204dd\4a4fac9756c40656a73c46516538a200aa4204dd_lupyne_79368723_20090319_204717_before_10.py,PythonFiles\lupyne\79368723\4a4fac9756c40656a73c46516538a200aa4204dd\4a4fac9756c40656a73c46516538a200aa4204dd_lupyne_79368723_20090319_204717_after_10.py
05572f8a455cb6eac7ed218360f308199996c263,lupyne,79368723,2009-03-25 17:41:59,+0000,queries.py,MODIFY,6,0,PythonFiles\lupyne\79368723\05572f8a455cb6eac7ed218360f308199996c263\05572f8a455cb6eac7ed218360f308199996c263_lupyne_79368723_20090325_174159_before_1.py,PythonFiles\lupyne\79368723\05572f8a455cb6eac7ed218360f308199996c263\05572f8a455cb6eac7ed218360f308199996c263_lupyne_79368723_20090325_174159_after_1.py
05572f8a455cb6eac7ed218360f308199996c263,lupyne,79368723,2009-03-25 17:41:59,+0000,__init__.py,MODIFY,14,5,PythonFiles\lupyne\79368723\05572f8a455cb6eac7ed218360f308199996c263\05572f8a455cb6eac7ed218360f308199996c263_lupyne_79368723_20090325_174159_before_2.py,PythonFiles\lupyne\79368723\05572f8a455cb6eac7ed218360f308199996c263\05572f8a455cb6eac7ed218360f308199996c263_lupyne_79368723_20090325_174159_after_2.py
05572f8a455cb6eac7ed218360f308199996c263,lupyne,79368723,2009-03-25 17:41:59,+0000,local.py,MODIFY,2,1,PythonFiles\lupyne\79368723\05572f8a455cb6eac7ed218360f308199996c263\05572f8a455cb6eac7ed218360f308199996c263_lupyne_79368723_20090325_174159_before_6.py,PythonFiles\lupyne\79368723\05572f8a455cb6eac7ed218360f308199996c263\05572f8a455cb6eac7ed218360f308199996c263_lupyne_79368723_20090325_174159_after_6.py
315004fd3676beaddfe0d21e7b88a50f423b22bc,lupyne,79368723,2009-03-28 00:46:04,+0000,indexers.py,MODIFY,13,7,PythonFiles\lupyne\79368723\315004fd3676beaddfe0d21e7b88a50f423b22bc\315004fd3676beaddfe0d21e7b88a50f423b22bc_lupyne_79368723_20090328_004604_before_1.py,PythonFiles\lupyne\79368723\315004fd3676beaddfe0d21e7b88a50f423b22bc\315004fd3676beaddfe0d21e7b88a50f423b22bc_lupyne_79368723_20090328_004604_after_1.py
315004fd3676beaddfe0d21e7b88a50f423b22bc,lupyne,79368723,2009-03-28 00:46:04,+0000,local.py,MODIFY,1,1,PythonFiles\lupyne\79368723\315004fd3676beaddfe0d21e7b88a50f423b22bc\315004fd3676beaddfe0d21e7b88a50f423b22bc_lupyne_79368723_20090328_004604_before_2.py,PythonFiles\lupyne\79368723\315004fd3676beaddfe0d21e7b88a50f423b22bc\315004fd3676beaddfe0d21e7b88a50f423b22bc_lupyne_79368723_20090328_004604_after_2.py
420f7480d40f1a71ced3edd3beac440cbfe43795,lupyne,79368723,2009-04-07 20:54:08,+0000,client.py,MODIFY,15,9,PythonFiles\lupyne\79368723\420f7480d40f1a71ced3edd3beac440cbfe43795\420f7480d40f1a71ced3edd3beac440cbfe43795_lupyne_79368723_20090407_205408_before_1.py,PythonFiles\lupyne\79368723\420f7480d40f1a71ced3edd3beac440cbfe43795\420f7480d40f1a71ced3edd3beac440cbfe43795_lupyne_79368723_20090407_205408_after_1.py
420f7480d40f1a71ced3edd3beac440cbfe43795,lupyne,79368723,2009-04-07 20:54:08,+0000,queries.py,MODIFY,4,4,PythonFiles\lupyne\79368723\420f7480d40f1a71ced3edd3beac440cbfe43795\420f7480d40f1a71ced3edd3beac440cbfe43795_lupyne_79368723_20090407_205408_before_2.py,PythonFiles\lupyne\79368723\420f7480d40f1a71ced3edd3beac440cbfe43795\420f7480d40f1a71ced3edd3beac440cbfe43795_lupyne_79368723_20090407_205408_after_2.py
420f7480d40f1a71ced3edd3beac440cbfe43795,lupyne,79368723,2009-04-07 20:54:08,+0000,server.py,MODIFY,2,2,PythonFiles\lupyne\79368723\420f7480d40f1a71ced3edd3beac440cbfe43795\420f7480d40f1a71ced3edd3beac440cbfe43795_lupyne_79368723_20090407_205408_before_3.py,PythonFiles\lupyne\79368723\420f7480d40f1a71ced3edd3beac440cbfe43795\420f7480d40f1a71ced3edd3beac440cbfe43795_lupyne_79368723_20090407_205408_after_3.py
420f7480d40f1a71ced3edd3beac440cbfe43795,lupyne,79368723,2009-04-07 20:54:08,+0000,remote.py,MODIFY,3,2,PythonFiles\lupyne\79368723\420f7480d40f1a71ced3edd3beac440cbfe43795\420f7480d40f1a71ced3edd3beac440cbfe43795_lupyne_79368723_20090407_205408_before_10.py,PythonFiles\lupyne\79368723\420f7480d40f1a71ced3edd3beac440cbfe43795\420f7480d40f1a71ced3edd3beac440cbfe43795_lupyne_79368723_20090407_205408_after_10.py
ab686e593b92271b9b8fbc8ae5534ae51c9fd2d3,lupyne,79368723,2009-04-13 19:50:26,+0000,client.py,MODIFY,1,1,PythonFiles\lupyne\79368723\ab686e593b92271b9b8fbc8ae5534ae51c9fd2d3\ab686e593b92271b9b8fbc8ae5534ae51c9fd2d3_lupyne_79368723_20090413_195026_before_1.py,PythonFiles\lupyne\79368723\ab686e593b92271b9b8fbc8ae5534ae51c9fd2d3\ab686e593b92271b9b8fbc8ae5534ae51c9fd2d3_lupyne_79368723_20090413_195026_after_1.py
ab686e593b92271b9b8fbc8ae5534ae51c9fd2d3,lupyne,79368723,2009-04-13 19:50:26,+0000,__init__.py,MODIFY,0,6,PythonFiles\lupyne\79368723\ab686e593b92271b9b8fbc8ae5534ae51c9fd2d3\ab686e593b92271b9b8fbc8ae5534ae51c9fd2d3_lupyne_79368723_20090413_195026_before_2.py,PythonFiles\lupyne\79368723\ab686e593b92271b9b8fbc8ae5534ae51c9fd2d3\ab686e593b92271b9b8fbc8ae5534ae51c9fd2d3_lupyne_79368723_20090413_195026_after_2.py
ab686e593b92271b9b8fbc8ae5534ae51c9fd2d3,lupyne,79368723,2009-04-13 19:50:26,+0000,server.py,MODIFY,2,4,PythonFiles\lupyne\79368723\ab686e593b92271b9b8fbc8ae5534ae51c9fd2d3\ab686e593b92271b9b8fbc8ae5534ae51c9fd2d3_lupyne_79368723_20090413_195026_before_3.py,PythonFiles\lupyne\79368723\ab686e593b92271b9b8fbc8ae5534ae51c9fd2d3\ab686e593b92271b9b8fbc8ae5534ae51c9fd2d3_lupyne_79368723_20090413_195026_after_3.py
ab686e593b92271b9b8fbc8ae5534ae51c9fd2d3,lupyne,79368723,2009-04-13 19:50:26,+0000,remote.py,MODIFY,2,1,PythonFiles\lupyne\79368723\ab686e593b92271b9b8fbc8ae5534ae51c9fd2d3\ab686e593b92271b9b8fbc8ae5534ae51c9fd2d3_lupyne_79368723_20090413_195026_before_4.py,PythonFiles\lupyne\79368723\ab686e593b92271b9b8fbc8ae5534ae51c9fd2d3\ab686e593b92271b9b8fbc8ae5534ae51c9fd2d3_lupyne_79368723_20090413_195026_after_4.py
06006508db9567f261d1a138fecbe9e232d697a2,lupyne,79368723,2009-05-05 21:44:55,+0000,indexers.py,MODIFY,4,3,PythonFiles\lupyne\79368723\06006508db9567f261d1a138fecbe9e232d697a2\06006508db9567f261d1a138fecbe9e232d697a2_lupyne_79368723_20090505_214455_before_1.py,PythonFiles\lupyne\79368723\06006508db9567f261d1a138fecbe9e232d697a2\06006508db9567f261d1a138fecbe9e232d697a2_lupyne_79368723_20090505_214455_after_1.py
06006508db9567f261d1a138fecbe9e232d697a2,lupyne,79368723,2009-05-05 21:44:55,+0000,queries.py,MODIFY,10,0,PythonFiles\lupyne\79368723\06006508db9567f261d1a138fecbe9e232d697a2\06006508db9567f261d1a138fecbe9e232d697a2_lupyne_79368723_20090505_214455_before_2.py,PythonFiles\lupyne\79368723\06006508db9567f261d1a138fecbe9e232d697a2\06006508db9567f261d1a138fecbe9e232d697a2_lupyne_79368723_20090505_214455_after_2.py
06006508db9567f261d1a138fecbe9e232d697a2,lupyne,79368723,2009-05-05 21:44:55,+0000,local.py,MODIFY,2,0,PythonFiles\lupyne\79368723\06006508db9567f261d1a138fecbe9e232d697a2\06006508db9567f261d1a138fecbe9e232d697a2_lupyne_79368723_20090505_214455_before_7.py,PythonFiles\lupyne\79368723\06006508db9567f261d1a138fecbe9e232d697a2\06006508db9567f261d1a138fecbe9e232d697a2_lupyne_79368723_20090505_214455_after_7.py
06006508db9567f261d1a138fecbe9e232d697a2,lupyne,79368723,2009-05-05 21:44:55,+0000,remote.py,MODIFY,8,3,PythonFiles\lupyne\79368723\06006508db9567f261d1a138fecbe9e232d697a2\06006508db9567f261d1a138fecbe9e232d697a2_lupyne_79368723_20090505_214455_before_8.py,PythonFiles\lupyne\79368723\06006508db9567f261d1a138fecbe9e232d697a2\06006508db9567f261d1a138fecbe9e232d697a2_lupyne_79368723_20090505_214455_after_8.py
37281856395333cdfbd1180858a44f621a91f96c,lupyne,79368723,2009-05-09 18:33:30,+0000,conf.py,MODIFY,5,5,PythonFiles\lupyne\79368723\37281856395333cdfbd1180858a44f621a91f96c\37281856395333cdfbd1180858a44f621a91f96c_lupyne_79368723_20090509_183330_before_12.py,PythonFiles\lupyne\79368723\37281856395333cdfbd1180858a44f621a91f96c\37281856395333cdfbd1180858a44f621a91f96c_lupyne_79368723_20090509_183330_after_12.py
37281856395333cdfbd1180858a44f621a91f96c,lupyne,79368723,2009-05-09 18:33:30,+0000,__init__.py,RENAME,0,0,,
37281856395333cdfbd1180858a44f621a91f96c,lupyne,79368723,2009-05-09 18:33:30,+0000,client.py,RENAME,0,0,,
37281856395333cdfbd1180858a44f621a91f96c,lupyne,79368723,2009-05-09 18:33:30,+0000,__init__.py,RENAME,0,0,,
37281856395333cdfbd1180858a44f621a91f96c,lupyne,79368723,2009-05-09 18:33:30,+0000,documents.py,RENAME,0,0,,
37281856395333cdfbd1180858a44f621a91f96c,lupyne,79368723,2009-05-09 18:33:30,+0000,indexers.py,RENAME,0,0,,
37281856395333cdfbd1180858a44f621a91f96c,lupyne,79368723,2009-05-09 18:33:30,+0000,queries.py,RENAME,0,0,,
37281856395333cdfbd1180858a44f621a91f96c,lupyne,79368723,2009-05-09 18:33:30,+0000,__init__.py,RENAME,0,0,,
37281856395333cdfbd1180858a44f621a91f96c,lupyne,79368723,2009-05-09 18:33:30,+0000,globalmaptiles.py,RENAME,0,0,,
37281856395333cdfbd1180858a44f621a91f96c,lupyne,79368723,2009-05-09 18:33:30,+0000,server.py,RENAME,0,0,,
37281856395333cdfbd1180858a44f621a91f96c,lupyne,79368723,2009-05-09 18:33:30,+0000,setup.py,MODIFY,9,3,PythonFiles\lupyne\79368723\37281856395333cdfbd1180858a44f621a91f96c\37281856395333cdfbd1180858a44f621a91f96c_lupyne_79368723_20090509_183330_before_23.py,PythonFiles\lupyne\79368723\37281856395333cdfbd1180858a44f621a91f96c\37281856395333cdfbd1180858a44f621a91f96c_lupyne_79368723_20090509_183330_after_23.py
37281856395333cdfbd1180858a44f621a91f96c,lupyne,79368723,2009-05-09 18:33:30,+0000,local.py,MODIFY,1,1,PythonFiles\lupyne\79368723\37281856395333cdfbd1180858a44f621a91f96c\37281856395333cdfbd1180858a44f621a91f96c_lupyne_79368723_20090509_183330_before_24.py,PythonFiles\lupyne\79368723\37281856395333cdfbd1180858a44f621a91f96c\37281856395333cdfbd1180858a44f621a91f96c_lupyne_79368723_20090509_183330_after_24.py
37281856395333cdfbd1180858a44f621a91f96c,lupyne,79368723,2009-05-09 18:33:30,+0000,remote.py,MODIFY,2,2,PythonFiles\lupyne\79368723\37281856395333cdfbd1180858a44f621a91f96c\37281856395333cdfbd1180858a44f621a91f96c_lupyne_79368723_20090509_183330_before_25.py,PythonFiles\lupyne\79368723\37281856395333cdfbd1180858a44f621a91f96c\37281856395333cdfbd1180858a44f621a91f96c_lupyne_79368723_20090509_183330_after_25.py
b4a4c3f929a02d3ea484162944be1f85b0dcdb52,lupyne,79368723,2009-05-11 01:51:35,+0000,__main__.py,MODIFY,6,3,PythonFiles\lupyne\79368723\b4a4c3f929a02d3ea484162944be1f85b0dcdb52\b4a4c3f929a02d3ea484162944be1f85b0dcdb52_lupyne_79368723_20090511_015135_before_4.py,PythonFiles\lupyne\79368723\b4a4c3f929a02d3ea484162944be1f85b0dcdb52\b4a4c3f929a02d3ea484162944be1f85b0dcdb52_lupyne_79368723_20090511_015135_after_4.py
b4a4c3f929a02d3ea484162944be1f85b0dcdb52,lupyne,79368723,2009-05-11 01:51:35,+0000,local.py,MODIFY,3,2,PythonFiles\lupyne\79368723\b4a4c3f929a02d3ea484162944be1f85b0dcdb52\b4a4c3f929a02d3ea484162944be1f85b0dcdb52_lupyne_79368723_20090511_015135_before_5.py,PythonFiles\lupyne\79368723\b4a4c3f929a02d3ea484162944be1f85b0dcdb52\b4a4c3f929a02d3ea484162944be1f85b0dcdb52_lupyne_79368723_20090511_015135_after_5.py
b4a4c3f929a02d3ea484162944be1f85b0dcdb52,lupyne,79368723,2009-05-11 01:51:35,+0000,remote.py,MODIFY,1,1,PythonFiles\lupyne\79368723\b4a4c3f929a02d3ea484162944be1f85b0dcdb52\b4a4c3f929a02d3ea484162944be1f85b0dcdb52_lupyne_79368723_20090511_015135_before_6.py,PythonFiles\lupyne\79368723\b4a4c3f929a02d3ea484162944be1f85b0dcdb52\b4a4c3f929a02d3ea484162944be1f85b0dcdb52_lupyne_79368723_20090511_015135_after_6.py
9f3e83ee22377434469c7e758cdf3392c01b6a83,lupyne,79368723,2009-05-11 03:31:54,+0000,setup.py,MODIFY,3,2,PythonFiles\lupyne\79368723\9f3e83ee22377434469c7e758cdf3392c01b6a83\9f3e83ee22377434469c7e758cdf3392c01b6a83_lupyne_79368723_20090511_033154_before_1.py,PythonFiles\lupyne\79368723\9f3e83ee22377434469c7e758cdf3392c01b6a83\9f3e83ee22377434469c7e758cdf3392c01b6a83_lupyne_79368723_20090511_033154_after_1.py
0518b6d307d567538cef2e959139bdbfc3c9951b,lupyne,79368723,2009-05-19 18:00:06,+0000,conf.py,MODIFY,1,1,PythonFiles\lupyne\79368723\0518b6d307d567538cef2e959139bdbfc3c9951b\0518b6d307d567538cef2e959139bdbfc3c9951b_lupyne_79368723_20090519_180006_before_12.py,PythonFiles\lupyne\79368723\0518b6d307d567538cef2e959139bdbfc3c9951b\0518b6d307d567538cef2e959139bdbfc3c9951b_lupyne_79368723_20090519_180006_after_12.py
0518b6d307d567538cef2e959139bdbfc3c9951b,lupyne,79368723,2009-05-19 18:00:06,+0000,__init__.py,MODIFY,1,1,PythonFiles\lupyne\79368723\0518b6d307d567538cef2e959139bdbfc3c9951b\0518b6d307d567538cef2e959139bdbfc3c9951b_lupyne_79368723_20090519_180006_before_14.py,PythonFiles\lupyne\79368723\0518b6d307d567538cef2e959139bdbfc3c9951b\0518b6d307d567538cef2e959139bdbfc3c9951b_lupyne_79368723_20090519_180006_after_14.py
0518b6d307d567538cef2e959139bdbfc3c9951b,lupyne,79368723,2009-05-19 18:00:06,+0000,documents.py,MODIFY,47,1,PythonFiles\lupyne\79368723\0518b6d307d567538cef2e959139bdbfc3c9951b\0518b6d307d567538cef2e959139bdbfc3c9951b_lupyne_79368723_20090519_180006_before_15.py,PythonFiles\lupyne\79368723\0518b6d307d567538cef2e959139bdbfc3c9951b\0518b6d307d567538cef2e959139bdbfc3c9951b_lupyne_79368723_20090519_180006_after_15.py
0518b6d307d567538cef2e959139bdbfc3c9951b,lupyne,79368723,2009-05-19 18:00:06,+0000,setup.py,MODIFY,1,1,PythonFiles\lupyne\79368723\0518b6d307d567538cef2e959139bdbfc3c9951b\0518b6d307d567538cef2e959139bdbfc3c9951b_lupyne_79368723_20090519_180006_before_16.py,PythonFiles\lupyne\79368723\0518b6d307d567538cef2e959139bdbfc3c9951b\0518b6d307d567538cef2e959139bdbfc3c9951b_lupyne_79368723_20090519_180006_after_16.py
0518b6d307d567538cef2e959139bdbfc3c9951b,lupyne,79368723,2009-05-19 18:00:06,+0000,local.py,MODIFY,26,6,PythonFiles\lupyne\79368723\0518b6d307d567538cef2e959139bdbfc3c9951b\0518b6d307d567538cef2e959139bdbfc3c9951b_lupyne_79368723_20090519_180006_before_17.py,PythonFiles\lupyne\79368723\0518b6d307d567538cef2e959139bdbfc3c9951b\0518b6d307d567538cef2e959139bdbfc3c9951b_lupyne_79368723_20090519_180006_after_17.py
0518b6d307d567538cef2e959139bdbfc3c9951b,lupyne,79368723,2009-05-19 18:00:06,+0000,remote.py,MODIFY,4,4,PythonFiles\lupyne\79368723\0518b6d307d567538cef2e959139bdbfc3c9951b\0518b6d307d567538cef2e959139bdbfc3c9951b_lupyne_79368723_20090519_180006_before_18.py,PythonFiles\lupyne\79368723\0518b6d307d567538cef2e959139bdbfc3c9951b\0518b6d307d567538cef2e959139bdbfc3c9951b_lupyne_79368723_20090519_180006_after_18.py
c76bdddeb09feaaecc31d20e9e47c4186c1549c4,lupyne,79368723,2009-05-22 16:28:25,+0000,client.py,MODIFY,7,4,PythonFiles\lupyne\79368723\c76bdddeb09feaaecc31d20e9e47c4186c1549c4\c76bdddeb09feaaecc31d20e9e47c4186c1549c4_lupyne_79368723_20090522_162825_before_10.py,PythonFiles\lupyne\79368723\c76bdddeb09feaaecc31d20e9e47c4186c1549c4\c76bdddeb09feaaecc31d20e9e47c4186c1549c4_lupyne_79368723_20090522_162825_after_10.py
c76bdddeb09feaaecc31d20e9e47c4186c1549c4,lupyne,79368723,2009-05-22 16:28:25,+0000,indexers.py,MODIFY,1,6,PythonFiles\lupyne\79368723\c76bdddeb09feaaecc31d20e9e47c4186c1549c4\c76bdddeb09feaaecc31d20e9e47c4186c1549c4_lupyne_79368723_20090522_162825_before_11.py,PythonFiles\lupyne\79368723\c76bdddeb09feaaecc31d20e9e47c4186c1549c4\c76bdddeb09feaaecc31d20e9e47c4186c1549c4_lupyne_79368723_20090522_162825_after_11.py
c76bdddeb09feaaecc31d20e9e47c4186c1549c4,lupyne,79368723,2009-05-22 16:28:25,+0000,server.py,MODIFY,113,58,PythonFiles\lupyne\79368723\c76bdddeb09feaaecc31d20e9e47c4186c1549c4\c76bdddeb09feaaecc31d20e9e47c4186c1549c4_lupyne_79368723_20090522_162825_before_12.py,PythonFiles\lupyne\79368723\c76bdddeb09feaaecc31d20e9e47c4186c1549c4\c76bdddeb09feaaecc31d20e9e47c4186c1549c4_lupyne_79368723_20090522_162825_after_12.py
c76bdddeb09feaaecc31d20e9e47c4186c1549c4,lupyne,79368723,2009-05-22 16:28:25,+0000,local.py,MODIFY,0,3,PythonFiles\lupyne\79368723\c76bdddeb09feaaecc31d20e9e47c4186c1549c4\c76bdddeb09feaaecc31d20e9e47c4186c1549c4_lupyne_79368723_20090522_162825_before_13.py,PythonFiles\lupyne\79368723\c76bdddeb09feaaecc31d20e9e47c4186c1549c4\c76bdddeb09feaaecc31d20e9e47c4186c1549c4_lupyne_79368723_20090522_162825_after_13.py
c76bdddeb09feaaecc31d20e9e47c4186c1549c4,lupyne,79368723,2009-05-22 16:28:25,+0000,remote.py,MODIFY,27,9,PythonFiles\lupyne\79368723\c76bdddeb09feaaecc31d20e9e47c4186c1549c4\c76bdddeb09feaaecc31d20e9e47c4186c1549c4_lupyne_79368723_20090522_162825_before_14.py,PythonFiles\lupyne\79368723\c76bdddeb09feaaecc31d20e9e47c4186c1549c4\c76bdddeb09feaaecc31d20e9e47c4186c1549c4_lupyne_79368723_20090522_162825_after_14.py
9655935ad07466fc94709c1b289ceb2a4bc1e3a3,lupyne,79368723,2009-05-23 17:35:59,+0000,documents.py,MODIFY,10,4,PythonFiles\lupyne\79368723\9655935ad07466fc94709c1b289ceb2a4bc1e3a3\9655935ad07466fc94709c1b289ceb2a4bc1e3a3_lupyne_79368723_20090523_173559_before_5.py,PythonFiles\lupyne\79368723\9655935ad07466fc94709c1b289ceb2a4bc1e3a3\9655935ad07466fc94709c1b289ceb2a4bc1e3a3_lupyne_79368723_20090523_173559_after_5.py
9655935ad07466fc94709c1b289ceb2a4bc1e3a3,lupyne,79368723,2009-05-23 17:35:59,+0000,__init__.py,MODIFY,1,1,PythonFiles\lupyne\79368723\9655935ad07466fc94709c1b289ceb2a4bc1e3a3\9655935ad07466fc94709c1b289ceb2a4bc1e3a3_lupyne_79368723_20090523_173559_before_6.py,PythonFiles\lupyne\79368723\9655935ad07466fc94709c1b289ceb2a4bc1e3a3\9655935ad07466fc94709c1b289ceb2a4bc1e3a3_lupyne_79368723_20090523_173559_after_6.py
9655935ad07466fc94709c1b289ceb2a4bc1e3a3,lupyne,79368723,2009-05-23 17:35:59,+0000,server.py,MODIFY,6,6,PythonFiles\lupyne\79368723\9655935ad07466fc94709c1b289ceb2a4bc1e3a3\9655935ad07466fc94709c1b289ceb2a4bc1e3a3_lupyne_79368723_20090523_173559_before_7.py,PythonFiles\lupyne\79368723\9655935ad07466fc94709c1b289ceb2a4bc1e3a3\9655935ad07466fc94709c1b289ceb2a4bc1e3a3_lupyne_79368723_20090523_173559_after_7.py
9655935ad07466fc94709c1b289ceb2a4bc1e3a3,lupyne,79368723,2009-05-23 17:35:59,+0000,local.py,MODIFY,5,0,PythonFiles\lupyne\79368723\9655935ad07466fc94709c1b289ceb2a4bc1e3a3\9655935ad07466fc94709c1b289ceb2a4bc1e3a3_lupyne_79368723_20090523_173559_before_8.py,PythonFiles\lupyne\79368723\9655935ad07466fc94709c1b289ceb2a4bc1e3a3\9655935ad07466fc94709c1b289ceb2a4bc1e3a3_lupyne_79368723_20090523_173559_after_8.py
0c985479bcc1cdcb1ec0721219b57a6fa9cd8f25,lupyne,79368723,2009-06-02 01:55:41,+0000,client.py,MODIFY,69,11,PythonFiles\lupyne\79368723\0c985479bcc1cdcb1ec0721219b57a6fa9cd8f25\0c985479bcc1cdcb1ec0721219b57a6fa9cd8f25_lupyne_79368723_20090602_015541_before_12.py,PythonFiles\lupyne\79368723\0c985479bcc1cdcb1ec0721219b57a6fa9cd8f25\0c985479bcc1cdcb1ec0721219b57a6fa9cd8f25_lupyne_79368723_20090602_015541_after_12.py
0c985479bcc1cdcb1ec0721219b57a6fa9cd8f25,lupyne,79368723,2009-06-02 01:55:41,+0000,documents.py,MODIFY,3,3,PythonFiles\lupyne\79368723\0c985479bcc1cdcb1ec0721219b57a6fa9cd8f25\0c985479bcc1cdcb1ec0721219b57a6fa9cd8f25_lupyne_79368723_20090602_015541_before_13.py,PythonFiles\lupyne\79368723\0c985479bcc1cdcb1ec0721219b57a6fa9cd8f25\0c985479bcc1cdcb1ec0721219b57a6fa9cd8f25_lupyne_79368723_20090602_015541_after_13.py
0c985479bcc1cdcb1ec0721219b57a6fa9cd8f25,lupyne,79368723,2009-06-02 01:55:41,+0000,server.py,MODIFY,10,7,PythonFiles\lupyne\79368723\0c985479bcc1cdcb1ec0721219b57a6fa9cd8f25\0c985479bcc1cdcb1ec0721219b57a6fa9cd8f25_lupyne_79368723_20090602_015541_before_14.py,PythonFiles\lupyne\79368723\0c985479bcc1cdcb1ec0721219b57a6fa9cd8f25\0c985479bcc1cdcb1ec0721219b57a6fa9cd8f25_lupyne_79368723_20090602_015541_after_14.py
0c985479bcc1cdcb1ec0721219b57a6fa9cd8f25,lupyne,79368723,2009-06-02 01:55:41,+0000,__main__.py,MODIFY,1,0,PythonFiles\lupyne\79368723\0c985479bcc1cdcb1ec0721219b57a6fa9cd8f25\0c985479bcc1cdcb1ec0721219b57a6fa9cd8f25_lupyne_79368723_20090602_015541_before_15.py,PythonFiles\lupyne\79368723\0c985479bcc1cdcb1ec0721219b57a6fa9cd8f25\0c985479bcc1cdcb1ec0721219b57a6fa9cd8f25_lupyne_79368723_20090602_015541_after_15.py
0c985479bcc1cdcb1ec0721219b57a6fa9cd8f25,lupyne,79368723,2009-06-02 01:55:41,+0000,distributed.py,ADD,44,0,,PythonFiles\lupyne\79368723\0c985479bcc1cdcb1ec0721219b57a6fa9cd8f25\0c985479bcc1cdcb1ec0721219b57a6fa9cd8f25_lupyne_79368723_20090602_015541_after_16.py
0c985479bcc1cdcb1ec0721219b57a6fa9cd8f25,lupyne,79368723,2009-06-02 01:55:41,+0000,local.py,MODIFY,3,0,PythonFiles\lupyne\79368723\0c985479bcc1cdcb1ec0721219b57a6fa9cd8f25\0c985479bcc1cdcb1ec0721219b57a6fa9cd8f25_lupyne_79368723_20090602_015541_before_17.py,PythonFiles\lupyne\79368723\0c985479bcc1cdcb1ec0721219b57a6fa9cd8f25\0c985479bcc1cdcb1ec0721219b57a6fa9cd8f25_lupyne_79368723_20090602_015541_after_17.py
0c985479bcc1cdcb1ec0721219b57a6fa9cd8f25,lupyne,79368723,2009-06-02 01:55:41,+0000,remote.py,MODIFY,29,17,PythonFiles\lupyne\79368723\0c985479bcc1cdcb1ec0721219b57a6fa9cd8f25\0c985479bcc1cdcb1ec0721219b57a6fa9cd8f25_lupyne_79368723_20090602_015541_before_18.py,PythonFiles\lupyne\79368723\0c985479bcc1cdcb1ec0721219b57a6fa9cd8f25\0c985479bcc1cdcb1ec0721219b57a6fa9cd8f25_lupyne_79368723_20090602_015541_after_18.py
04629bc4543c1ab76122db4efcc186bf11291983,lupyne,79368723,2009-06-05 04:00:02,+0000,client.py,MODIFY,1,1,PythonFiles\lupyne\79368723\04629bc4543c1ab76122db4efcc186bf11291983\04629bc4543c1ab76122db4efcc186bf11291983_lupyne_79368723_20090605_040002_before_8.py,PythonFiles\lupyne\79368723\04629bc4543c1ab76122db4efcc186bf11291983\04629bc4543c1ab76122db4efcc186bf11291983_lupyne_79368723_20090605_040002_after_8.py
04629bc4543c1ab76122db4efcc186bf11291983,lupyne,79368723,2009-06-05 04:00:02,+0000,queries.py,MODIFY,11,6,PythonFiles\lupyne\79368723\04629bc4543c1ab76122db4efcc186bf11291983\04629bc4543c1ab76122db4efcc186bf11291983_lupyne_79368723_20090605_040002_before_9.py,PythonFiles\lupyne\79368723\04629bc4543c1ab76122db4efcc186bf11291983\04629bc4543c1ab76122db4efcc186bf11291983_lupyne_79368723_20090605_040002_after_9.py
04629bc4543c1ab76122db4efcc186bf11291983,lupyne,79368723,2009-06-05 04:00:02,+0000,setup.py,MODIFY,1,1,PythonFiles\lupyne\79368723\04629bc4543c1ab76122db4efcc186bf11291983\04629bc4543c1ab76122db4efcc186bf11291983_lupyne_79368723_20090605_040002_before_10.py,PythonFiles\lupyne\79368723\04629bc4543c1ab76122db4efcc186bf11291983\04629bc4543c1ab76122db4efcc186bf11291983_lupyne_79368723_20090605_040002_after_10.py
04629bc4543c1ab76122db4efcc186bf11291983,lupyne,79368723,2009-06-05 04:00:02,+0000,distributed.py,MODIFY,2,2,PythonFiles\lupyne\79368723\04629bc4543c1ab76122db4efcc186bf11291983\04629bc4543c1ab76122db4efcc186bf11291983_lupyne_79368723_20090605_040002_before_11.py,PythonFiles\lupyne\79368723\04629bc4543c1ab76122db4efcc186bf11291983\04629bc4543c1ab76122db4efcc186bf11291983_lupyne_79368723_20090605_040002_after_11.py
04629bc4543c1ab76122db4efcc186bf11291983,lupyne,79368723,2009-06-05 04:00:02,+0000,local.py,MODIFY,2,2,PythonFiles\lupyne\79368723\04629bc4543c1ab76122db4efcc186bf11291983\04629bc4543c1ab76122db4efcc186bf11291983_lupyne_79368723_20090605_040002_before_12.py,PythonFiles\lupyne\79368723\04629bc4543c1ab76122db4efcc186bf11291983\04629bc4543c1ab76122db4efcc186bf11291983_lupyne_79368723_20090605_040002_after_12.py
146a011e2834c4cc2795c4bcec465273e0313991,lupyne,79368723,2009-06-08 23:44:50,+0000,__init__.py,MODIFY,1,1,PythonFiles\lupyne\79368723\146a011e2834c4cc2795c4bcec465273e0313991\146a011e2834c4cc2795c4bcec465273e0313991_lupyne_79368723_20090608_234450_before_7.py,PythonFiles\lupyne\79368723\146a011e2834c4cc2795c4bcec465273e0313991\146a011e2834c4cc2795c4bcec465273e0313991_lupyne_79368723_20090608_234450_after_7.py
146a011e2834c4cc2795c4bcec465273e0313991,lupyne,79368723,2009-06-08 23:44:50,+0000,documents.py,MODIFY,12,0,PythonFiles\lupyne\79368723\146a011e2834c4cc2795c4bcec465273e0313991\146a011e2834c4cc2795c4bcec465273e0313991_lupyne_79368723_20090608_234450_before_8.py,PythonFiles\lupyne\79368723\146a011e2834c4cc2795c4bcec465273e0313991\146a011e2834c4cc2795c4bcec465273e0313991_lupyne_79368723_20090608_234450_after_8.py
146a011e2834c4cc2795c4bcec465273e0313991,lupyne,79368723,2009-06-08 23:44:50,+0000,indexers.py,MODIFY,3,3,PythonFiles\lupyne\79368723\146a011e2834c4cc2795c4bcec465273e0313991\146a011e2834c4cc2795c4bcec465273e0313991_lupyne_79368723_20090608_234450_before_9.py,PythonFiles\lupyne\79368723\146a011e2834c4cc2795c4bcec465273e0313991\146a011e2834c4cc2795c4bcec465273e0313991_lupyne_79368723_20090608_234450_after_9.py
146a011e2834c4cc2795c4bcec465273e0313991,lupyne,79368723,2009-06-08 23:44:50,+0000,local.py,MODIFY,8,4,PythonFiles\lupyne\79368723\146a011e2834c4cc2795c4bcec465273e0313991\146a011e2834c4cc2795c4bcec465273e0313991_lupyne_79368723_20090608_234450_before_10.py,PythonFiles\lupyne\79368723\146a011e2834c4cc2795c4bcec465273e0313991\146a011e2834c4cc2795c4bcec465273e0313991_lupyne_79368723_20090608_234450_after_10.py
3097d3f40c9452cfe8be4017840d9f672de9107e,lupyne,79368723,2009-06-12 21:05:15,+0000,client.py,MODIFY,43,7,PythonFiles\lupyne\79368723\3097d3f40c9452cfe8be4017840d9f672de9107e\3097d3f40c9452cfe8be4017840d9f672de9107e_lupyne_79368723_20090612_210515_before_9.py,PythonFiles\lupyne\79368723\3097d3f40c9452cfe8be4017840d9f672de9107e\3097d3f40c9452cfe8be4017840d9f672de9107e_lupyne_79368723_20090612_210515_after_9.py
3097d3f40c9452cfe8be4017840d9f672de9107e,lupyne,79368723,2009-06-12 21:05:15,+0000,server.py,MODIFY,6,8,PythonFiles\lupyne\79368723\3097d3f40c9452cfe8be4017840d9f672de9107e\3097d3f40c9452cfe8be4017840d9f672de9107e_lupyne_79368723_20090612_210515_before_10.py,PythonFiles\lupyne\79368723\3097d3f40c9452cfe8be4017840d9f672de9107e\3097d3f40c9452cfe8be4017840d9f672de9107e_lupyne_79368723_20090612_210515_after_10.py
3097d3f40c9452cfe8be4017840d9f672de9107e,lupyne,79368723,2009-06-12 21:05:15,+0000,distributed.py,MODIFY,29,4,PythonFiles\lupyne\79368723\3097d3f40c9452cfe8be4017840d9f672de9107e\3097d3f40c9452cfe8be4017840d9f672de9107e_lupyne_79368723_20090612_210515_before_11.py,PythonFiles\lupyne\79368723\3097d3f40c9452cfe8be4017840d9f672de9107e\3097d3f40c9452cfe8be4017840d9f672de9107e_lupyne_79368723_20090612_210515_after_11.py
3097d3f40c9452cfe8be4017840d9f672de9107e,lupyne,79368723,2009-06-12 21:05:15,+0000,remote.py,MODIFY,14,10,PythonFiles\lupyne\79368723\3097d3f40c9452cfe8be4017840d9f672de9107e\3097d3f40c9452cfe8be4017840d9f672de9107e_lupyne_79368723_20090612_210515_before_12.py,PythonFiles\lupyne\79368723\3097d3f40c9452cfe8be4017840d9f672de9107e\3097d3f40c9452cfe8be4017840d9f672de9107e_lupyne_79368723_20090612_210515_after_12.py
4f73863122f108b3b2e6aa37b300b5ab294a2b0a,lupyne,79368723,2009-06-14 23:55:16,+0000,client.py,MODIFY,2,3,PythonFiles\lupyne\79368723\4f73863122f108b3b2e6aa37b300b5ab294a2b0a\4f73863122f108b3b2e6aa37b300b5ab294a2b0a_lupyne_79368723_20090614_235516_before_4.py,PythonFiles\lupyne\79368723\4f73863122f108b3b2e6aa37b300b5ab294a2b0a\4f73863122f108b3b2e6aa37b300b5ab294a2b0a_lupyne_79368723_20090614_235516_after_4.py
4f73863122f108b3b2e6aa37b300b5ab294a2b0a,lupyne,79368723,2009-06-14 23:55:16,+0000,server.py,MODIFY,4,2,PythonFiles\lupyne\79368723\4f73863122f108b3b2e6aa37b300b5ab294a2b0a\4f73863122f108b3b2e6aa37b300b5ab294a2b0a_lupyne_79368723_20090614_235516_before_5.py,PythonFiles\lupyne\79368723\4f73863122f108b3b2e6aa37b300b5ab294a2b0a\4f73863122f108b3b2e6aa37b300b5ab294a2b0a_lupyne_79368723_20090614_235516_after_5.py
4f73863122f108b3b2e6aa37b300b5ab294a2b0a,lupyne,79368723,2009-06-14 23:55:16,+0000,distributed.py,MODIFY,10,0,PythonFiles\lupyne\79368723\4f73863122f108b3b2e6aa37b300b5ab294a2b0a\4f73863122f108b3b2e6aa37b300b5ab294a2b0a_lupyne_79368723_20090614_235516_before_6.py,PythonFiles\lupyne\79368723\4f73863122f108b3b2e6aa37b300b5ab294a2b0a\4f73863122f108b3b2e6aa37b300b5ab294a2b0a_lupyne_79368723_20090614_235516_after_6.py
4f73863122f108b3b2e6aa37b300b5ab294a2b0a,lupyne,79368723,2009-06-14 23:55:16,+0000,remote.py,MODIFY,1,5,PythonFiles\lupyne\79368723\4f73863122f108b3b2e6aa37b300b5ab294a2b0a\4f73863122f108b3b2e6aa37b300b5ab294a2b0a_lupyne_79368723_20090614_235516_before_7.py,PythonFiles\lupyne\79368723\4f73863122f108b3b2e6aa37b300b5ab294a2b0a\4f73863122f108b3b2e6aa37b300b5ab294a2b0a_lupyne_79368723_20090614_235516_after_7.py
e5ccbe1045a3d0dca991891b3bf0f2de3ab47347,lupyne,79368723,2009-06-15 00:59:12,+0000,__init__.py,ADD,3,0,,PythonFiles\lupyne\79368723\e5ccbe1045a3d0dca991891b3bf0f2de3ab47347\e5ccbe1045a3d0dca991891b3bf0f2de3ab47347_lupyne_79368723_20090615_005912_after_2.py
e5ccbe1045a3d0dca991891b3bf0f2de3ab47347,lupyne,79368723,2009-06-15 00:59:12,+0000,indexers.py,ADD,55,0,,PythonFiles\lupyne\79368723\e5ccbe1045a3d0dca991891b3bf0f2de3ab47347\e5ccbe1045a3d0dca991891b3bf0f2de3ab47347_lupyne_79368723_20090615_005912_after_3.py
e5ccbe1045a3d0dca991891b3bf0f2de3ab47347,lupyne,79368723,2009-06-15 00:59:12,+0000,queries.py,ADD,24,0,,PythonFiles\lupyne\79368723\e5ccbe1045a3d0dca991891b3bf0f2de3ab47347\e5ccbe1045a3d0dca991891b3bf0f2de3ab47347_lupyne_79368723_20090615_005912_after_4.py
af242db09d76f56dda92b7922616c86bb2cc053a,lupyne,79368723,2009-06-21 17:47:12,+0000,__init__.py,MODIFY,1,1,PythonFiles\lupyne\79368723\af242db09d76f56dda92b7922616c86bb2cc053a\af242db09d76f56dda92b7922616c86bb2cc053a_lupyne_79368723_20090621_174712_before_7.py,PythonFiles\lupyne\79368723\af242db09d76f56dda92b7922616c86bb2cc053a\af242db09d76f56dda92b7922616c86bb2cc053a_lupyne_79368723_20090621_174712_after_7.py
af242db09d76f56dda92b7922616c86bb2cc053a,lupyne,79368723,2009-06-21 17:47:12,+0000,documents.py,MODIFY,1,1,PythonFiles\lupyne\79368723\af242db09d76f56dda92b7922616c86bb2cc053a\af242db09d76f56dda92b7922616c86bb2cc053a_lupyne_79368723_20090621_174712_before_8.py,PythonFiles\lupyne\79368723\af242db09d76f56dda92b7922616c86bb2cc053a\af242db09d76f56dda92b7922616c86bb2cc053a_lupyne_79368723_20090621_174712_after_8.py
af242db09d76f56dda92b7922616c86bb2cc053a,lupyne,79368723,2009-06-21 17:47:12,+0000,indexers.py,MODIFY,59,40,PythonFiles\lupyne\79368723\af242db09d76f56dda92b7922616c86bb2cc053a\af242db09d76f56dda92b7922616c86bb2cc053a_lupyne_79368723_20090621_174712_before_9.py,PythonFiles\lupyne\79368723\af242db09d76f56dda92b7922616c86bb2cc053a\af242db09d76f56dda92b7922616c86bb2cc053a_lupyne_79368723_20090621_174712_after_9.py
af242db09d76f56dda92b7922616c86bb2cc053a,lupyne,79368723,2009-06-21 17:47:12,+0000,local.py,MODIFY,2,0,PythonFiles\lupyne\79368723\af242db09d76f56dda92b7922616c86bb2cc053a\af242db09d76f56dda92b7922616c86bb2cc053a_lupyne_79368723_20090621_174712_before_10.py,PythonFiles\lupyne\79368723\af242db09d76f56dda92b7922616c86bb2cc053a\af242db09d76f56dda92b7922616c86bb2cc053a_lupyne_79368723_20090621_174712_after_10.py
3c1090134daf9932eba6cbdf2ba372554e6985b4,lupyne,79368723,2009-06-22 21:06:37,+0000,server.py,MODIFY,25,28,PythonFiles\lupyne\79368723\3c1090134daf9932eba6cbdf2ba372554e6985b4\3c1090134daf9932eba6cbdf2ba372554e6985b4_lupyne_79368723_20090622_210637_before_5.py,PythonFiles\lupyne\79368723\3c1090134daf9932eba6cbdf2ba372554e6985b4\3c1090134daf9932eba6cbdf2ba372554e6985b4_lupyne_79368723_20090622_210637_after_5.py
3c1090134daf9932eba6cbdf2ba372554e6985b4,lupyne,79368723,2009-06-22 21:06:37,+0000,distributed.py,MODIFY,2,6,PythonFiles\lupyne\79368723\3c1090134daf9932eba6cbdf2ba372554e6985b4\3c1090134daf9932eba6cbdf2ba372554e6985b4_lupyne_79368723_20090622_210637_before_6.py,PythonFiles\lupyne\79368723\3c1090134daf9932eba6cbdf2ba372554e6985b4\3c1090134daf9932eba6cbdf2ba372554e6985b4_lupyne_79368723_20090622_210637_after_6.py
3c1090134daf9932eba6cbdf2ba372554e6985b4,lupyne,79368723,2009-06-22 21:06:37,+0000,remote.py,MODIFY,17,11,PythonFiles\lupyne\79368723\3c1090134daf9932eba6cbdf2ba372554e6985b4\3c1090134daf9932eba6cbdf2ba372554e6985b4_lupyne_79368723_20090622_210637_before_7.py,PythonFiles\lupyne\79368723\3c1090134daf9932eba6cbdf2ba372554e6985b4\3c1090134daf9932eba6cbdf2ba372554e6985b4_lupyne_79368723_20090622_210637_after_7.py
08999cd93c8d09e0417d3de1fdd82af098d74a0e,lupyne,79368723,2009-06-22 21:58:12,+0000,__init__.py,MODIFY,13,10,PythonFiles\lupyne\79368723\08999cd93c8d09e0417d3de1fdd82af098d74a0e\08999cd93c8d09e0417d3de1fdd82af098d74a0e_lupyne_79368723_20090622_215812_before_10.py,PythonFiles\lupyne\79368723\08999cd93c8d09e0417d3de1fdd82af098d74a0e\08999cd93c8d09e0417d3de1fdd82af098d74a0e_lupyne_79368723_20090622_215812_after_10.py
08999cd93c8d09e0417d3de1fdd82af098d74a0e,lupyne,79368723,2009-06-22 21:58:12,+0000,local.py,MODIFY,1,0,PythonFiles\lupyne\79368723\08999cd93c8d09e0417d3de1fdd82af098d74a0e\08999cd93c8d09e0417d3de1fdd82af098d74a0e_lupyne_79368723_20090622_215812_before_11.py,PythonFiles\lupyne\79368723\08999cd93c8d09e0417d3de1fdd82af098d74a0e\08999cd93c8d09e0417d3de1fdd82af098d74a0e_lupyne_79368723_20090622_215812_after_11.py
f05ff57846bd2cb1f6e64dcd3e821b9a320cd4aa,lupyne,79368723,2009-06-25 20:20:02,+0000,server.py,MODIFY,2,3,PythonFiles\lupyne\79368723\f05ff57846bd2cb1f6e64dcd3e821b9a320cd4aa\f05ff57846bd2cb1f6e64dcd3e821b9a320cd4aa_lupyne_79368723_20090625_202002_before_1.py,PythonFiles\lupyne\79368723\f05ff57846bd2cb1f6e64dcd3e821b9a320cd4aa\f05ff57846bd2cb1f6e64dcd3e821b9a320cd4aa_lupyne_79368723_20090625_202002_after_1.py
f05ff57846bd2cb1f6e64dcd3e821b9a320cd4aa,lupyne,79368723,2009-06-25 20:20:02,+0000,remote.py,MODIFY,5,1,PythonFiles\lupyne\79368723\f05ff57846bd2cb1f6e64dcd3e821b9a320cd4aa\f05ff57846bd2cb1f6e64dcd3e821b9a320cd4aa_lupyne_79368723_20090625_202002_before_2.py,PythonFiles\lupyne\79368723\f05ff57846bd2cb1f6e64dcd3e821b9a320cd4aa\f05ff57846bd2cb1f6e64dcd3e821b9a320cd4aa_lupyne_79368723_20090625_202002_after_2.py
5404397303e99d33d890a12b1ec31bbe623db9bb,lupyne,79368723,2009-06-25 20:29:38,+0000,client.py,MODIFY,14,7,PythonFiles\lupyne\79368723\5404397303e99d33d890a12b1ec31bbe623db9bb\5404397303e99d33d890a12b1ec31bbe623db9bb_lupyne_79368723_20090625_202938_before_4.py,PythonFiles\lupyne\79368723\5404397303e99d33d890a12b1ec31bbe623db9bb\5404397303e99d33d890a12b1ec31bbe623db9bb_lupyne_79368723_20090625_202938_after_4.py
5404397303e99d33d890a12b1ec31bbe623db9bb,lupyne,79368723,2009-06-25 20:29:38,+0000,distributed.py,MODIFY,3,2,PythonFiles\lupyne\79368723\5404397303e99d33d890a12b1ec31bbe623db9bb\5404397303e99d33d890a12b1ec31bbe623db9bb_lupyne_79368723_20090625_202938_before_5.py,PythonFiles\lupyne\79368723\5404397303e99d33d890a12b1ec31bbe623db9bb\5404397303e99d33d890a12b1ec31bbe623db9bb_lupyne_79368723_20090625_202938_after_5.py
d03e0211c20ff9aa5c760a8a19fa60091d630973,lupyne,79368723,2009-06-25 20:43:53,+0000,indexers.py,MODIFY,6,4,PythonFiles\lupyne\79368723\d03e0211c20ff9aa5c760a8a19fa60091d630973\d03e0211c20ff9aa5c760a8a19fa60091d630973_lupyne_79368723_20090625_204353_before_5.py,PythonFiles\lupyne\79368723\d03e0211c20ff9aa5c760a8a19fa60091d630973\d03e0211c20ff9aa5c760a8a19fa60091d630973_lupyne_79368723_20090625_204353_after_5.py
d03e0211c20ff9aa5c760a8a19fa60091d630973,lupyne,79368723,2009-06-25 20:43:53,+0000,__init__.py,MODIFY,12,10,PythonFiles\lupyne\79368723\d03e0211c20ff9aa5c760a8a19fa60091d630973\d03e0211c20ff9aa5c760a8a19fa60091d630973_lupyne_79368723_20090625_204353_before_6.py,PythonFiles\lupyne\79368723\d03e0211c20ff9aa5c760a8a19fa60091d630973\d03e0211c20ff9aa5c760a8a19fa60091d630973_lupyne_79368723_20090625_204353_after_6.py
d87d53212c2a55f232ce3be69e19e6425bf0cdca,lupyne,79368723,2009-06-29 00:54:11,+0000,__init__.py,MODIFY,0,3,PythonFiles\lupyne\79368723\d87d53212c2a55f232ce3be69e19e6425bf0cdca\d87d53212c2a55f232ce3be69e19e6425bf0cdca_lupyne_79368723_20090629_005411_before_18.py,
d87d53212c2a55f232ce3be69e19e6425bf0cdca,lupyne,79368723,2009-06-29 00:54:11,+0000,indexers.py,MODIFY,1,1,PythonFiles\lupyne\79368723\d87d53212c2a55f232ce3be69e19e6425bf0cdca\d87d53212c2a55f232ce3be69e19e6425bf0cdca_lupyne_79368723_20090629_005411_before_19.py,PythonFiles\lupyne\79368723\d87d53212c2a55f232ce3be69e19e6425bf0cdca\d87d53212c2a55f232ce3be69e19e6425bf0cdca_lupyne_79368723_20090629_005411_after_19.py
d87d53212c2a55f232ce3be69e19e6425bf0cdca,lupyne,79368723,2009-06-29 00:54:11,+0000,queries.py,MODIFY,3,1,PythonFiles\lupyne\79368723\d87d53212c2a55f232ce3be69e19e6425bf0cdca\d87d53212c2a55f232ce3be69e19e6425bf0cdca_lupyne_79368723_20090629_005411_before_20.py,PythonFiles\lupyne\79368723\d87d53212c2a55f232ce3be69e19e6425bf0cdca\d87d53212c2a55f232ce3be69e19e6425bf0cdca_lupyne_79368723_20090629_005411_after_20.py
d87d53212c2a55f232ce3be69e19e6425bf0cdca,lupyne,79368723,2009-06-29 00:54:11,+0000,searching.py,ADD,67,0,,PythonFiles\lupyne\79368723\d87d53212c2a55f232ce3be69e19e6425bf0cdca\d87d53212c2a55f232ce3be69e19e6425bf0cdca_lupyne_79368723_20090629_005411_after_21.py
d87d53212c2a55f232ce3be69e19e6425bf0cdca,lupyne,79368723,2009-06-29 00:54:11,+0000,sorting.py,ADD,83,0,,PythonFiles\lupyne\79368723\d87d53212c2a55f232ce3be69e19e6425bf0cdca\d87d53212c2a55f232ce3be69e19e6425bf0cdca_lupyne_79368723_20090629_005411_after_22.py
a0e47b75c1cec124a79fc97136da6f4bac22b764,lupyne,79368723,2009-07-01 21:27:32,+0000,client.py,MODIFY,17,10,PythonFiles\lupyne\79368723\a0e47b75c1cec124a79fc97136da6f4bac22b764\a0e47b75c1cec124a79fc97136da6f4bac22b764_lupyne_79368723_20090701_212732_before_4.py,PythonFiles\lupyne\79368723\a0e47b75c1cec124a79fc97136da6f4bac22b764\a0e47b75c1cec124a79fc97136da6f4bac22b764_lupyne_79368723_20090701_212732_after_4.py
a0e47b75c1cec124a79fc97136da6f4bac22b764,lupyne,79368723,2009-07-01 21:27:32,+0000,indexers.py,MODIFY,10,2,PythonFiles\lupyne\79368723\a0e47b75c1cec124a79fc97136da6f4bac22b764\a0e47b75c1cec124a79fc97136da6f4bac22b764_lupyne_79368723_20090701_212732_before_5.py,PythonFiles\lupyne\79368723\a0e47b75c1cec124a79fc97136da6f4bac22b764\a0e47b75c1cec124a79fc97136da6f4bac22b764_lupyne_79368723_20090701_212732_after_5.py
a0e47b75c1cec124a79fc97136da6f4bac22b764,lupyne,79368723,2009-07-01 21:27:32,+0000,distributed.py,MODIFY,2,2,PythonFiles\lupyne\79368723\a0e47b75c1cec124a79fc97136da6f4bac22b764\a0e47b75c1cec124a79fc97136da6f4bac22b764_lupyne_79368723_20090701_212732_before_6.py,PythonFiles\lupyne\79368723\a0e47b75c1cec124a79fc97136da6f4bac22b764\a0e47b75c1cec124a79fc97136da6f4bac22b764_lupyne_79368723_20090701_212732_after_6.py
6fb0f90006ac2836805886c675965aa06a4ffa1a,lupyne,79368723,2009-07-07 22:47:01,+0000,indexers.py,MODIFY,4,1,PythonFiles\lupyne\79368723\6fb0f90006ac2836805886c675965aa06a4ffa1a\6fb0f90006ac2836805886c675965aa06a4ffa1a_lupyne_79368723_20090707_224701_before_1.py,PythonFiles\lupyne\79368723\6fb0f90006ac2836805886c675965aa06a4ffa1a\6fb0f90006ac2836805886c675965aa06a4ffa1a_lupyne_79368723_20090707_224701_after_1.py
6fb0f90006ac2836805886c675965aa06a4ffa1a,lupyne,79368723,2009-07-07 22:47:01,+0000,local.py,MODIFY,1,0,PythonFiles\lupyne\79368723\6fb0f90006ac2836805886c675965aa06a4ffa1a\6fb0f90006ac2836805886c675965aa06a4ffa1a_lupyne_79368723_20090707_224701_before_2.py,PythonFiles\lupyne\79368723\6fb0f90006ac2836805886c675965aa06a4ffa1a\6fb0f90006ac2836805886c675965aa06a4ffa1a_lupyne_79368723_20090707_224701_after_2.py
b77b79c6a3910ab216077fef6a04f6ded716ccaa,lupyne,79368723,2009-07-10 17:52:11,+0000,client.py,MODIFY,9,4,PythonFiles\lupyne\79368723\b77b79c6a3910ab216077fef6a04f6ded716ccaa\b77b79c6a3910ab216077fef6a04f6ded716ccaa_lupyne_79368723_20090710_175211_before_14.py,PythonFiles\lupyne\79368723\b77b79c6a3910ab216077fef6a04f6ded716ccaa\b77b79c6a3910ab216077fef6a04f6ded716ccaa_lupyne_79368723_20090710_175211_after_14.py
b77b79c6a3910ab216077fef6a04f6ded716ccaa,lupyne,79368723,2009-07-10 17:52:11,+0000,server.py,MODIFY,0,3,PythonFiles\lupyne\79368723\b77b79c6a3910ab216077fef6a04f6ded716ccaa\b77b79c6a3910ab216077fef6a04f6ded716ccaa_lupyne_79368723_20090710_175211_before_15.py,PythonFiles\lupyne\79368723\b77b79c6a3910ab216077fef6a04f6ded716ccaa\b77b79c6a3910ab216077fef6a04f6ded716ccaa_lupyne_79368723_20090710_175211_after_15.py
b77b79c6a3910ab216077fef6a04f6ded716ccaa,lupyne,79368723,2009-07-10 17:52:11,+0000,distributed.py,MODIFY,2,0,PythonFiles\lupyne\79368723\b77b79c6a3910ab216077fef6a04f6ded716ccaa\b77b79c6a3910ab216077fef6a04f6ded716ccaa_lupyne_79368723_20090710_175211_before_16.py,PythonFiles\lupyne\79368723\b77b79c6a3910ab216077fef6a04f6ded716ccaa\b77b79c6a3910ab216077fef6a04f6ded716ccaa_lupyne_79368723_20090710_175211_after_16.py
b77b79c6a3910ab216077fef6a04f6ded716ccaa,lupyne,79368723,2009-07-10 17:52:11,+0000,remote.py,MODIFY,1,1,PythonFiles\lupyne\79368723\b77b79c6a3910ab216077fef6a04f6ded716ccaa\b77b79c6a3910ab216077fef6a04f6ded716ccaa_lupyne_79368723_20090710_175211_before_17.py,PythonFiles\lupyne\79368723\b77b79c6a3910ab216077fef6a04f6ded716ccaa\b77b79c6a3910ab216077fef6a04f6ded716ccaa_lupyne_79368723_20090710_175211_after_17.py
5077bec559ba38ee6b642309621ba7a8740e7058,lupyne,79368723,2009-07-10 23:13:27,+0000,conf.py,MODIFY,2,2,PythonFiles\lupyne\79368723\5077bec559ba38ee6b642309621ba7a8740e7058\5077bec559ba38ee6b642309621ba7a8740e7058_lupyne_79368723_20090710_231327_before_12.py,PythonFiles\lupyne\79368723\5077bec559ba38ee6b642309621ba7a8740e7058\5077bec559ba38ee6b642309621ba7a8740e7058_lupyne_79368723_20090710_231327_after_12.py
5077bec559ba38ee6b642309621ba7a8740e7058,lupyne,79368723,2009-07-10 23:13:27,+0000,searching.py,MODIFY,13,4,PythonFiles\lupyne\79368723\5077bec559ba38ee6b642309621ba7a8740e7058\5077bec559ba38ee6b642309621ba7a8740e7058_lupyne_79368723_20090710_231327_before_13.py,PythonFiles\lupyne\79368723\5077bec559ba38ee6b642309621ba7a8740e7058\5077bec559ba38ee6b642309621ba7a8740e7058_lupyne_79368723_20090710_231327_after_13.py
5077bec559ba38ee6b642309621ba7a8740e7058,lupyne,79368723,2009-07-10 23:13:27,+0000,sorting.py,MODIFY,1,1,PythonFiles\lupyne\79368723\5077bec559ba38ee6b642309621ba7a8740e7058\5077bec559ba38ee6b642309621ba7a8740e7058_lupyne_79368723_20090710_231327_before_14.py,PythonFiles\lupyne\79368723\5077bec559ba38ee6b642309621ba7a8740e7058\5077bec559ba38ee6b642309621ba7a8740e7058_lupyne_79368723_20090710_231327_after_14.py
5077bec559ba38ee6b642309621ba7a8740e7058,lupyne,79368723,2009-07-10 23:13:27,+0000,setup.py,MODIFY,2,2,PythonFiles\lupyne\79368723\5077bec559ba38ee6b642309621ba7a8740e7058\5077bec559ba38ee6b642309621ba7a8740e7058_lupyne_79368723_20090710_231327_before_15.py,PythonFiles\lupyne\79368723\5077bec559ba38ee6b642309621ba7a8740e7058\5077bec559ba38ee6b642309621ba7a8740e7058_lupyne_79368723_20090710_231327_after_15.py
7db3fcffeb0231ee2f5fd883ce16a9088a5dc03f,lupyne,79368723,2009-07-23 23:52:29,+0000,conf.py,MODIFY,1,1,PythonFiles\lupyne\79368723\7db3fcffeb0231ee2f5fd883ce16a9088a5dc03f\7db3fcffeb0231ee2f5fd883ce16a9088a5dc03f_lupyne_79368723_20090723_235229_before_1.py,PythonFiles\lupyne\79368723\7db3fcffeb0231ee2f5fd883ce16a9088a5dc03f\7db3fcffeb0231ee2f5fd883ce16a9088a5dc03f_lupyne_79368723_20090723_235229_after_1.py
7db3fcffeb0231ee2f5fd883ce16a9088a5dc03f,lupyne,79368723,2009-07-23 23:52:29,+0000,queries.py,MODIFY,9,0,PythonFiles\lupyne\79368723\7db3fcffeb0231ee2f5fd883ce16a9088a5dc03f\7db3fcffeb0231ee2f5fd883ce16a9088a5dc03f_lupyne_79368723_20090723_235229_before_2.py,PythonFiles\lupyne\79368723\7db3fcffeb0231ee2f5fd883ce16a9088a5dc03f\7db3fcffeb0231ee2f5fd883ce16a9088a5dc03f_lupyne_79368723_20090723_235229_after_2.py
7db3fcffeb0231ee2f5fd883ce16a9088a5dc03f,lupyne,79368723,2009-07-23 23:52:29,+0000,client.py,MODIFY,33,28,PythonFiles\lupyne\79368723\7db3fcffeb0231ee2f5fd883ce16a9088a5dc03f\7db3fcffeb0231ee2f5fd883ce16a9088a5dc03f_lupyne_79368723_20090723_235229_before_3.py,PythonFiles\lupyne\79368723\7db3fcffeb0231ee2f5fd883ce16a9088a5dc03f\7db3fcffeb0231ee2f5fd883ce16a9088a5dc03f_lupyne_79368723_20090723_235229_after_3.py
7db3fcffeb0231ee2f5fd883ce16a9088a5dc03f,lupyne,79368723,2009-07-23 23:52:29,+0000,setup.py,MODIFY,1,1,PythonFiles\lupyne\79368723\7db3fcffeb0231ee2f5fd883ce16a9088a5dc03f\7db3fcffeb0231ee2f5fd883ce16a9088a5dc03f_lupyne_79368723_20090723_235229_before_4.py,PythonFiles\lupyne\79368723\7db3fcffeb0231ee2f5fd883ce16a9088a5dc03f\7db3fcffeb0231ee2f5fd883ce16a9088a5dc03f_lupyne_79368723_20090723_235229_after_4.py
47eef535f07f04fe03fb1b1b5ba9efb89453d808,lupyne,79368723,2009-07-30 23:04:11,+0000,documents.py,MODIFY,2,1,PythonFiles\lupyne\79368723\47eef535f07f04fe03fb1b1b5ba9efb89453d808\47eef535f07f04fe03fb1b1b5ba9efb89453d808_lupyne_79368723_20090730_230411_before_1.py,PythonFiles\lupyne\79368723\47eef535f07f04fe03fb1b1b5ba9efb89453d808\47eef535f07f04fe03fb1b1b5ba9efb89453d808_lupyne_79368723_20090730_230411_after_1.py
0f33b3baf205b9a743d7ac854a6d2e6709e1121c,lupyne,79368723,2009-07-31 23:32:04,+0000,indexers.py,MODIFY,3,9,PythonFiles\lupyne\79368723\0f33b3baf205b9a743d7ac854a6d2e6709e1121c\0f33b3baf205b9a743d7ac854a6d2e6709e1121c_lupyne_79368723_20090731_233204_before_1.py,PythonFiles\lupyne\79368723\0f33b3baf205b9a743d7ac854a6d2e6709e1121c\0f33b3baf205b9a743d7ac854a6d2e6709e1121c_lupyne_79368723_20090731_233204_after_1.py
0f33b3baf205b9a743d7ac854a6d2e6709e1121c,lupyne,79368723,2009-07-31 23:32:04,+0000,server.py,MODIFY,1,1,PythonFiles\lupyne\79368723\0f33b3baf205b9a743d7ac854a6d2e6709e1121c\0f33b3baf205b9a743d7ac854a6d2e6709e1121c_lupyne_79368723_20090731_233204_before_2.py,PythonFiles\lupyne\79368723\0f33b3baf205b9a743d7ac854a6d2e6709e1121c\0f33b3baf205b9a743d7ac854a6d2e6709e1121c_lupyne_79368723_20090731_233204_after_2.py
fd8ac5d2bbdc0f517135396a82e6960ce095f68a,lupyne,79368723,2009-08-06 03:44:14,+0000,sorting.py,MODIFY,1,2,PythonFiles\lupyne\79368723\fd8ac5d2bbdc0f517135396a82e6960ce095f68a\fd8ac5d2bbdc0f517135396a82e6960ce095f68a_lupyne_79368723_20090806_034414_before_12.py,PythonFiles\lupyne\79368723\fd8ac5d2bbdc0f517135396a82e6960ce095f68a\fd8ac5d2bbdc0f517135396a82e6960ce095f68a_lupyne_79368723_20090806_034414_after_12.py
fd8ac5d2bbdc0f517135396a82e6960ce095f68a,lupyne,79368723,2009-08-06 03:44:14,+0000,indexers.py,MODIFY,25,0,PythonFiles\lupyne\79368723\fd8ac5d2bbdc0f517135396a82e6960ce095f68a\fd8ac5d2bbdc0f517135396a82e6960ce095f68a_lupyne_79368723_20090806_034414_before_13.py,PythonFiles\lupyne\79368723\fd8ac5d2bbdc0f517135396a82e6960ce095f68a\fd8ac5d2bbdc0f517135396a82e6960ce095f68a_lupyne_79368723_20090806_034414_after_13.py
fd8ac5d2bbdc0f517135396a82e6960ce095f68a,lupyne,79368723,2009-08-06 03:44:14,+0000,local.py,MODIFY,18,0,PythonFiles\lupyne\79368723\fd8ac5d2bbdc0f517135396a82e6960ce095f68a\fd8ac5d2bbdc0f517135396a82e6960ce095f68a_lupyne_79368723_20090806_034414_before_14.py,PythonFiles\lupyne\79368723\fd8ac5d2bbdc0f517135396a82e6960ce095f68a\fd8ac5d2bbdc0f517135396a82e6960ce095f68a_lupyne_79368723_20090806_034414_after_14.py
c600b8920e4084140aa05d495e47a4e73ba260c0,lupyne,79368723,2009-08-14 03:32:53,+0000,indexers.py,MODIFY,30,24,PythonFiles\lupyne\79368723\c600b8920e4084140aa05d495e47a4e73ba260c0\c600b8920e4084140aa05d495e47a4e73ba260c0_lupyne_79368723_20090814_033253_before_1.py,PythonFiles\lupyne\79368723\c600b8920e4084140aa05d495e47a4e73ba260c0\c600b8920e4084140aa05d495e47a4e73ba260c0_lupyne_79368723_20090814_033253_after_1.py
c600b8920e4084140aa05d495e47a4e73ba260c0,lupyne,79368723,2009-08-14 03:32:53,+0000,local.py,MODIFY,5,0,PythonFiles\lupyne\79368723\c600b8920e4084140aa05d495e47a4e73ba260c0\c600b8920e4084140aa05d495e47a4e73ba260c0_lupyne_79368723_20090814_033253_before_2.py,PythonFiles\lupyne\79368723\c600b8920e4084140aa05d495e47a4e73ba260c0\c600b8920e4084140aa05d495e47a4e73ba260c0_lupyne_79368723_20090814_033253_after_2.py
6b1700e8be52f9e91991e7fd2c561862ce50db51,lupyne,79368723,2009-08-16 18:39:39,+0000,documents.py,MODIFY,4,1,PythonFiles\lupyne\79368723\6b1700e8be52f9e91991e7fd2c561862ce50db51\6b1700e8be52f9e91991e7fd2c561862ce50db51_lupyne_79368723_20090816_183939_before_1.py,PythonFiles\lupyne\79368723\6b1700e8be52f9e91991e7fd2c561862ce50db51\6b1700e8be52f9e91991e7fd2c561862ce50db51_lupyne_79368723_20090816_183939_after_1.py
6b1700e8be52f9e91991e7fd2c561862ce50db51,lupyne,79368723,2009-08-16 18:39:39,+0000,indexers.py,MODIFY,1,0,PythonFiles\lupyne\79368723\6b1700e8be52f9e91991e7fd2c561862ce50db51\6b1700e8be52f9e91991e7fd2c561862ce50db51_lupyne_79368723_20090816_183939_before_2.py,PythonFiles\lupyne\79368723\6b1700e8be52f9e91991e7fd2c561862ce50db51\6b1700e8be52f9e91991e7fd2c561862ce50db51_lupyne_79368723_20090816_183939_after_2.py
6b1700e8be52f9e91991e7fd2c561862ce50db51,lupyne,79368723,2009-08-16 18:39:39,+0000,local.py,MODIFY,3,0,PythonFiles\lupyne\79368723\6b1700e8be52f9e91991e7fd2c561862ce50db51\6b1700e8be52f9e91991e7fd2c561862ce50db51_lupyne_79368723_20090816_183939_before_3.py,PythonFiles\lupyne\79368723\6b1700e8be52f9e91991e7fd2c561862ce50db51\6b1700e8be52f9e91991e7fd2c561862ce50db51_lupyne_79368723_20090816_183939_after_3.py
db8415f0133ab22808a7cd1324332099121bba9a,lupyne,79368723,2009-08-23 16:34:52,+0000,indexers.py,MODIFY,14,0,PythonFiles\lupyne\79368723\db8415f0133ab22808a7cd1324332099121bba9a\db8415f0133ab22808a7cd1324332099121bba9a_lupyne_79368723_20090823_163452_before_1.py,PythonFiles\lupyne\79368723\db8415f0133ab22808a7cd1324332099121bba9a\db8415f0133ab22808a7cd1324332099121bba9a_lupyne_79368723_20090823_163452_after_1.py
db8415f0133ab22808a7cd1324332099121bba9a,lupyne,79368723,2009-08-23 16:34:52,+0000,__init__.py,MODIFY,1,1,PythonFiles\lupyne\79368723\db8415f0133ab22808a7cd1324332099121bba9a\db8415f0133ab22808a7cd1324332099121bba9a_lupyne_79368723_20090823_163452_before_2.py,PythonFiles\lupyne\79368723\db8415f0133ab22808a7cd1324332099121bba9a\db8415f0133ab22808a7cd1324332099121bba9a_lupyne_79368723_20090823_163452_after_2.py
db8415f0133ab22808a7cd1324332099121bba9a,lupyne,79368723,2009-08-23 16:34:52,+0000,local.py,MODIFY,4,0,PythonFiles\lupyne\79368723\db8415f0133ab22808a7cd1324332099121bba9a\db8415f0133ab22808a7cd1324332099121bba9a_lupyne_79368723_20090823_163452_before_3.py,PythonFiles\lupyne\79368723\db8415f0133ab22808a7cd1324332099121bba9a\db8415f0133ab22808a7cd1324332099121bba9a_lupyne_79368723_20090823_163452_after_3.py
d0c5fdd8d1aa5a4f5b06436c4944dd54c067fead,lupyne,79368723,2009-08-26 17:44:48,+0000,indexers.py,MODIFY,3,2,PythonFiles\lupyne\79368723\d0c5fdd8d1aa5a4f5b06436c4944dd54c067fead\d0c5fdd8d1aa5a4f5b06436c4944dd54c067fead_lupyne_79368723_20090826_174448_before_1.py,PythonFiles\lupyne\79368723\d0c5fdd8d1aa5a4f5b06436c4944dd54c067fead\d0c5fdd8d1aa5a4f5b06436c4944dd54c067fead_lupyne_79368723_20090826_174448_after_1.py
d0c5fdd8d1aa5a4f5b06436c4944dd54c067fead,lupyne,79368723,2009-08-26 17:44:48,+0000,local.py,MODIFY,7,4,PythonFiles\lupyne\79368723\d0c5fdd8d1aa5a4f5b06436c4944dd54c067fead\d0c5fdd8d1aa5a4f5b06436c4944dd54c067fead_lupyne_79368723_20090826_174448_before_2.py,PythonFiles\lupyne\79368723\d0c5fdd8d1aa5a4f5b06436c4944dd54c067fead\d0c5fdd8d1aa5a4f5b06436c4944dd54c067fead_lupyne_79368723_20090826_174448_after_2.py
b183ba6d4838f4fb7a61ef86a3621e0d1968023c,lupyne,79368723,2009-08-27 03:15:59,+0000,documents.py,MODIFY,13,5,PythonFiles\lupyne\79368723\b183ba6d4838f4fb7a61ef86a3621e0d1968023c\b183ba6d4838f4fb7a61ef86a3621e0d1968023c_lupyne_79368723_20090827_031559_before_1.py,PythonFiles\lupyne\79368723\b183ba6d4838f4fb7a61ef86a3621e0d1968023c\b183ba6d4838f4fb7a61ef86a3621e0d1968023c_lupyne_79368723_20090827_031559_after_1.py
b183ba6d4838f4fb7a61ef86a3621e0d1968023c,lupyne,79368723,2009-08-27 03:15:59,+0000,local.py,MODIFY,1,1,PythonFiles\lupyne\79368723\b183ba6d4838f4fb7a61ef86a3621e0d1968023c\b183ba6d4838f4fb7a61ef86a3621e0d1968023c_lupyne_79368723_20090827_031559_before_2.py,PythonFiles\lupyne\79368723\b183ba6d4838f4fb7a61ef86a3621e0d1968023c\b183ba6d4838f4fb7a61ef86a3621e0d1968023c_lupyne_79368723_20090827_031559_after_2.py
e2124e9758337f2bf947543532e9622b79c8cbe8,lupyne,79368723,2009-09-14 22:08:18,+0000,documents.py,MODIFY,8,3,PythonFiles\lupyne\79368723\e2124e9758337f2bf947543532e9622b79c8cbe8\e2124e9758337f2bf947543532e9622b79c8cbe8_lupyne_79368723_20090914_220818_before_1.py,PythonFiles\lupyne\79368723\e2124e9758337f2bf947543532e9622b79c8cbe8\e2124e9758337f2bf947543532e9622b79c8cbe8_lupyne_79368723_20090914_220818_after_1.py
e2124e9758337f2bf947543532e9622b79c8cbe8,lupyne,79368723,2009-09-14 22:08:18,+0000,local.py,MODIFY,3,1,PythonFiles\lupyne\79368723\e2124e9758337f2bf947543532e9622b79c8cbe8\e2124e9758337f2bf947543532e9622b79c8cbe8_lupyne_79368723_20090914_220818_before_2.py,PythonFiles\lupyne\79368723\e2124e9758337f2bf947543532e9622b79c8cbe8\e2124e9758337f2bf947543532e9622b79c8cbe8_lupyne_79368723_20090914_220818_after_2.py
9737e377451fc2b1b9e30dacea219b4df2d3043f,lupyne,79368723,2009-09-23 20:48:39,+0000,__init__.py,MODIFY,1,1,PythonFiles\lupyne\79368723\9737e377451fc2b1b9e30dacea219b4df2d3043f\9737e377451fc2b1b9e30dacea219b4df2d3043f_lupyne_79368723_20090923_204839_before_1.py,PythonFiles\lupyne\79368723\9737e377451fc2b1b9e30dacea219b4df2d3043f\9737e377451fc2b1b9e30dacea219b4df2d3043f_lupyne_79368723_20090923_204839_after_1.py
9737e377451fc2b1b9e30dacea219b4df2d3043f,lupyne,79368723,2009-09-23 20:48:39,+0000,indexers.py,MODIFY,35,14,PythonFiles\lupyne\79368723\9737e377451fc2b1b9e30dacea219b4df2d3043f\9737e377451fc2b1b9e30dacea219b4df2d3043f_lupyne_79368723_20090923_204839_before_2.py,PythonFiles\lupyne\79368723\9737e377451fc2b1b9e30dacea219b4df2d3043f\9737e377451fc2b1b9e30dacea219b4df2d3043f_lupyne_79368723_20090923_204839_after_2.py
9737e377451fc2b1b9e30dacea219b4df2d3043f,lupyne,79368723,2009-09-23 20:48:39,+0000,local.py,MODIFY,8,2,PythonFiles\lupyne\79368723\9737e377451fc2b1b9e30dacea219b4df2d3043f\9737e377451fc2b1b9e30dacea219b4df2d3043f_lupyne_79368723_20090923_204839_before_3.py,PythonFiles\lupyne\79368723\9737e377451fc2b1b9e30dacea219b4df2d3043f\9737e377451fc2b1b9e30dacea219b4df2d3043f_lupyne_79368723_20090923_204839_after_3.py
ddac44d8907b3dac439e391cd6cd0b0b4d34666c,lupyne,79368723,2009-09-23 21:59:24,+0000,indexers.py,MODIFY,13,9,PythonFiles\lupyne\79368723\ddac44d8907b3dac439e391cd6cd0b0b4d34666c\ddac44d8907b3dac439e391cd6cd0b0b4d34666c_lupyne_79368723_20090923_215924_before_1.py,PythonFiles\lupyne\79368723\ddac44d8907b3dac439e391cd6cd0b0b4d34666c\ddac44d8907b3dac439e391cd6cd0b0b4d34666c_lupyne_79368723_20090923_215924_after_1.py
ddac44d8907b3dac439e391cd6cd0b0b4d34666c,lupyne,79368723,2009-09-23 21:59:24,+0000,local.py,MODIFY,2,1,PythonFiles\lupyne\79368723\ddac44d8907b3dac439e391cd6cd0b0b4d34666c\ddac44d8907b3dac439e391cd6cd0b0b4d34666c_lupyne_79368723_20090923_215924_before_2.py,PythonFiles\lupyne\79368723\ddac44d8907b3dac439e391cd6cd0b0b4d34666c\ddac44d8907b3dac439e391cd6cd0b0b4d34666c_lupyne_79368723_20090923_215924_after_2.py
bdd03422f79d52f26378de5b7e8c00fcfdec39a3,lupyne,79368723,2009-10-01 22:12:29,+0000,documents.py,MODIFY,3,2,PythonFiles\lupyne\79368723\bdd03422f79d52f26378de5b7e8c00fcfdec39a3\bdd03422f79d52f26378de5b7e8c00fcfdec39a3_lupyne_79368723_20091001_221229_before_1.py,PythonFiles\lupyne\79368723\bdd03422f79d52f26378de5b7e8c00fcfdec39a3\bdd03422f79d52f26378de5b7e8c00fcfdec39a3_lupyne_79368723_20091001_221229_after_1.py
bdd03422f79d52f26378de5b7e8c00fcfdec39a3,lupyne,79368723,2009-10-01 22:12:29,+0000,indexers.py,MODIFY,17,14,PythonFiles\lupyne\79368723\bdd03422f79d52f26378de5b7e8c00fcfdec39a3\bdd03422f79d52f26378de5b7e8c00fcfdec39a3_lupyne_79368723_20091001_221229_before_2.py,PythonFiles\lupyne\79368723\bdd03422f79d52f26378de5b7e8c00fcfdec39a3\bdd03422f79d52f26378de5b7e8c00fcfdec39a3_lupyne_79368723_20091001_221229_after_2.py
bdd03422f79d52f26378de5b7e8c00fcfdec39a3,lupyne,79368723,2009-10-01 22:12:29,+0000,queries.py,MODIFY,2,2,PythonFiles\lupyne\79368723\bdd03422f79d52f26378de5b7e8c00fcfdec39a3\bdd03422f79d52f26378de5b7e8c00fcfdec39a3_lupyne_79368723_20091001_221229_before_3.py,PythonFiles\lupyne\79368723\bdd03422f79d52f26378de5b7e8c00fcfdec39a3\bdd03422f79d52f26378de5b7e8c00fcfdec39a3_lupyne_79368723_20091001_221229_after_3.py
bdd03422f79d52f26378de5b7e8c00fcfdec39a3,lupyne,79368723,2009-10-01 22:12:29,+0000,local.py,MODIFY,4,5,PythonFiles\lupyne\79368723\bdd03422f79d52f26378de5b7e8c00fcfdec39a3\bdd03422f79d52f26378de5b7e8c00fcfdec39a3_lupyne_79368723_20091001_221229_before_4.py,PythonFiles\lupyne\79368723\bdd03422f79d52f26378de5b7e8c00fcfdec39a3\bdd03422f79d52f26378de5b7e8c00fcfdec39a3_lupyne_79368723_20091001_221229_after_4.py
bdd03422f79d52f26378de5b7e8c00fcfdec39a3,lupyne,79368723,2009-10-01 22:12:29,+0000,remote.py,MODIFY,1,1,PythonFiles\lupyne\79368723\bdd03422f79d52f26378de5b7e8c00fcfdec39a3\bdd03422f79d52f26378de5b7e8c00fcfdec39a3_lupyne_79368723_20091001_221229_before_5.py,PythonFiles\lupyne\79368723\bdd03422f79d52f26378de5b7e8c00fcfdec39a3\bdd03422f79d52f26378de5b7e8c00fcfdec39a3_lupyne_79368723_20091001_221229_after_5.py
547405552751c70132e98f296039d2a180f3508f,lupyne,79368723,2009-10-02 19:21:51,+0000,documents.py,MODIFY,5,5,PythonFiles\lupyne\79368723\547405552751c70132e98f296039d2a180f3508f\547405552751c70132e98f296039d2a180f3508f_lupyne_79368723_20091002_192151_before_1.py,PythonFiles\lupyne\79368723\547405552751c70132e98f296039d2a180f3508f\547405552751c70132e98f296039d2a180f3508f_lupyne_79368723_20091002_192151_after_1.py
547405552751c70132e98f296039d2a180f3508f,lupyne,79368723,2009-10-02 19:21:51,+0000,queries.py,MODIFY,2,1,PythonFiles\lupyne\79368723\547405552751c70132e98f296039d2a180f3508f\547405552751c70132e98f296039d2a180f3508f_lupyne_79368723_20091002_192151_before_2.py,PythonFiles\lupyne\79368723\547405552751c70132e98f296039d2a180f3508f\547405552751c70132e98f296039d2a180f3508f_lupyne_79368723_20091002_192151_after_2.py
547405552751c70132e98f296039d2a180f3508f,lupyne,79368723,2009-10-02 19:21:51,+0000,local.py,MODIFY,2,1,PythonFiles\lupyne\79368723\547405552751c70132e98f296039d2a180f3508f\547405552751c70132e98f296039d2a180f3508f_lupyne_79368723_20091002_192151_before_3.py,PythonFiles\lupyne\79368723\547405552751c70132e98f296039d2a180f3508f\547405552751c70132e98f296039d2a180f3508f_lupyne_79368723_20091002_192151_after_3.py
2308d56e85ba816677b7f49b553bf021edbfa5ff,lupyne,79368723,2009-10-04 00:12:31,+0000,__init__.py,MODIFY,4,0,PythonFiles\lupyne\79368723\2308d56e85ba816677b7f49b553bf021edbfa5ff\2308d56e85ba816677b7f49b553bf021edbfa5ff_lupyne_79368723_20091004_001231_before_1.py,PythonFiles\lupyne\79368723\2308d56e85ba816677b7f49b553bf021edbfa5ff\2308d56e85ba816677b7f49b553bf021edbfa5ff_lupyne_79368723_20091004_001231_after_1.py
2308d56e85ba816677b7f49b553bf021edbfa5ff,lupyne,79368723,2009-10-04 00:12:31,+0000,documents.py,MODIFY,32,0,PythonFiles\lupyne\79368723\2308d56e85ba816677b7f49b553bf021edbfa5ff\2308d56e85ba816677b7f49b553bf021edbfa5ff_lupyne_79368723_20091004_001231_before_2.py,PythonFiles\lupyne\79368723\2308d56e85ba816677b7f49b553bf021edbfa5ff\2308d56e85ba816677b7f49b553bf021edbfa5ff_lupyne_79368723_20091004_001231_after_2.py
2308d56e85ba816677b7f49b553bf021edbfa5ff,lupyne,79368723,2009-10-04 00:12:31,+0000,local.py,MODIFY,18,1,PythonFiles\lupyne\79368723\2308d56e85ba816677b7f49b553bf021edbfa5ff\2308d56e85ba816677b7f49b553bf021edbfa5ff_lupyne_79368723_20091004_001231_before_3.py,PythonFiles\lupyne\79368723\2308d56e85ba816677b7f49b553bf021edbfa5ff\2308d56e85ba816677b7f49b553bf021edbfa5ff_lupyne_79368723_20091004_001231_after_3.py
a9bf3272e05f98524aba0e6552f6edd0b775fe02,lupyne,79368723,2009-10-04 16:28:11,+0000,distributed.py,MODIFY,3,5,PythonFiles\lupyne\79368723\a9bf3272e05f98524aba0e6552f6edd0b775fe02\a9bf3272e05f98524aba0e6552f6edd0b775fe02_lupyne_79368723_20091004_162811_before_1.py,PythonFiles\lupyne\79368723\a9bf3272e05f98524aba0e6552f6edd0b775fe02\a9bf3272e05f98524aba0e6552f6edd0b775fe02_lupyne_79368723_20091004_162811_after_1.py
dd41edf9e98bc66ecc1588872f4fde4dc77eb964,lupyne,79368723,2009-10-06 16:14:54,+0000,__init__.py,MODIFY,17,13,PythonFiles\lupyne\79368723\dd41edf9e98bc66ecc1588872f4fde4dc77eb964\dd41edf9e98bc66ecc1588872f4fde4dc77eb964_lupyne_79368723_20091006_161454_before_1.py,PythonFiles\lupyne\79368723\dd41edf9e98bc66ecc1588872f4fde4dc77eb964\dd41edf9e98bc66ecc1588872f4fde4dc77eb964_lupyne_79368723_20091006_161454_after_1.py
dd41edf9e98bc66ecc1588872f4fde4dc77eb964,lupyne,79368723,2009-10-06 16:14:54,+0000,local.py,MODIFY,4,0,PythonFiles\lupyne\79368723\dd41edf9e98bc66ecc1588872f4fde4dc77eb964\dd41edf9e98bc66ecc1588872f4fde4dc77eb964_lupyne_79368723_20091006_161454_before_2.py,PythonFiles\lupyne\79368723\dd41edf9e98bc66ecc1588872f4fde4dc77eb964\dd41edf9e98bc66ecc1588872f4fde4dc77eb964_lupyne_79368723_20091006_161454_after_2.py
9c5ac39b2ad444d6b64c6ad949d3a30506787bbd,lupyne,79368723,2009-10-14 19:11:09,+0000,documents.py,MODIFY,7,9,PythonFiles\lupyne\79368723\9c5ac39b2ad444d6b64c6ad949d3a30506787bbd\9c5ac39b2ad444d6b64c6ad949d3a30506787bbd_lupyne_79368723_20091014_191109_before_2.py,PythonFiles\lupyne\79368723\9c5ac39b2ad444d6b64c6ad949d3a30506787bbd\9c5ac39b2ad444d6b64c6ad949d3a30506787bbd_lupyne_79368723_20091014_191109_after_2.py
9c5ac39b2ad444d6b64c6ad949d3a30506787bbd,lupyne,79368723,2009-10-14 19:11:09,+0000,local.py,MODIFY,8,4,PythonFiles\lupyne\79368723\9c5ac39b2ad444d6b64c6ad949d3a30506787bbd\9c5ac39b2ad444d6b64c6ad949d3a30506787bbd_lupyne_79368723_20091014_191109_before_3.py,PythonFiles\lupyne\79368723\9c5ac39b2ad444d6b64c6ad949d3a30506787bbd\9c5ac39b2ad444d6b64c6ad949d3a30506787bbd_lupyne_79368723_20091014_191109_after_3.py
e6728fc52f17877842ec9f15b85f58a1a40150e4,lupyne,79368723,2009-10-14 19:50:48,+0000,conf.py,MODIFY,2,2,PythonFiles\lupyne\79368723\e6728fc52f17877842ec9f15b85f58a1a40150e4\e6728fc52f17877842ec9f15b85f58a1a40150e4_lupyne_79368723_20091014_195048_before_21.py,PythonFiles\lupyne\79368723\e6728fc52f17877842ec9f15b85f58a1a40150e4\e6728fc52f17877842ec9f15b85f58a1a40150e4_lupyne_79368723_20091014_195048_after_21.py
e6728fc52f17877842ec9f15b85f58a1a40150e4,lupyne,79368723,2009-10-14 19:50:48,+0000,setup.py,MODIFY,1,1,PythonFiles\lupyne\79368723\e6728fc52f17877842ec9f15b85f58a1a40150e4\e6728fc52f17877842ec9f15b85f58a1a40150e4_lupyne_79368723_20091014_195048_before_22.py,PythonFiles\lupyne\79368723\e6728fc52f17877842ec9f15b85f58a1a40150e4\e6728fc52f17877842ec9f15b85f58a1a40150e4_lupyne_79368723_20091014_195048_after_22.py
db00ea4b9581b7a7df7525a4f20055bbda7099a1,lupyne,79368723,2009-10-15 15:38:14,+0000,conf.py,MODIFY,1,1,PythonFiles\lupyne\79368723\db00ea4b9581b7a7df7525a4f20055bbda7099a1\db00ea4b9581b7a7df7525a4f20055bbda7099a1_lupyne_79368723_20091015_153814_before_1.py,PythonFiles\lupyne\79368723\db00ea4b9581b7a7df7525a4f20055bbda7099a1\db00ea4b9581b7a7df7525a4f20055bbda7099a1_lupyne_79368723_20091015_153814_after_1.py
db00ea4b9581b7a7df7525a4f20055bbda7099a1,lupyne,79368723,2009-10-15 15:38:14,+0000,documents.py,MODIFY,1,1,PythonFiles\lupyne\79368723\db00ea4b9581b7a7df7525a4f20055bbda7099a1\db00ea4b9581b7a7df7525a4f20055bbda7099a1_lupyne_79368723_20091015_153814_before_2.py,PythonFiles\lupyne\79368723\db00ea4b9581b7a7df7525a4f20055bbda7099a1\db00ea4b9581b7a7df7525a4f20055bbda7099a1_lupyne_79368723_20091015_153814_after_2.py
db00ea4b9581b7a7df7525a4f20055bbda7099a1,lupyne,79368723,2009-10-15 15:38:14,+0000,setup.py,MODIFY,1,1,PythonFiles\lupyne\79368723\db00ea4b9581b7a7df7525a4f20055bbda7099a1\db00ea4b9581b7a7df7525a4f20055bbda7099a1_lupyne_79368723_20091015_153814_before_3.py,PythonFiles\lupyne\79368723\db00ea4b9581b7a7df7525a4f20055bbda7099a1\db00ea4b9581b7a7df7525a4f20055bbda7099a1_lupyne_79368723_20091015_153814_after_3.py
db00ea4b9581b7a7df7525a4f20055bbda7099a1,lupyne,79368723,2009-10-15 15:38:14,+0000,local.py,MODIFY,1,0,PythonFiles\lupyne\79368723\db00ea4b9581b7a7df7525a4f20055bbda7099a1\db00ea4b9581b7a7df7525a4f20055bbda7099a1_lupyne_79368723_20091015_153814_before_4.py,PythonFiles\lupyne\79368723\db00ea4b9581b7a7df7525a4f20055bbda7099a1\db00ea4b9581b7a7df7525a4f20055bbda7099a1_lupyne_79368723_20091015_153814_after_4.py
e71f98956186f52934349a4605228b2def2d5b0e,lupyne,79368723,2009-10-20 20:11:32,+0000,__init__.py,MODIFY,1,4,PythonFiles\lupyne\79368723\e71f98956186f52934349a4605228b2def2d5b0e\e71f98956186f52934349a4605228b2def2d5b0e_lupyne_79368723_20091020_201132_before_2.py,PythonFiles\lupyne\79368723\e71f98956186f52934349a4605228b2def2d5b0e\e71f98956186f52934349a4605228b2def2d5b0e_lupyne_79368723_20091020_201132_after_2.py
e71f98956186f52934349a4605228b2def2d5b0e,lupyne,79368723,2009-10-20 20:11:32,+0000,documents.py,MODIFY,0,30,PythonFiles\lupyne\79368723\e71f98956186f52934349a4605228b2def2d5b0e\e71f98956186f52934349a4605228b2def2d5b0e_lupyne_79368723_20091020_201132_before_3.py,PythonFiles\lupyne\79368723\e71f98956186f52934349a4605228b2def2d5b0e\e71f98956186f52934349a4605228b2def2d5b0e_lupyne_79368723_20091020_201132_after_3.py
e71f98956186f52934349a4605228b2def2d5b0e,lupyne,79368723,2009-10-20 20:11:32,+0000,numeric.py,ADD,55,0,,PythonFiles\lupyne\79368723\e71f98956186f52934349a4605228b2def2d5b0e\e71f98956186f52934349a4605228b2def2d5b0e_lupyne_79368723_20091020_201132_after_4.py
e71f98956186f52934349a4605228b2def2d5b0e,lupyne,79368723,2009-10-20 20:11:32,+0000,__init__.py,MODIFY,28,19,PythonFiles\lupyne\79368723\e71f98956186f52934349a4605228b2def2d5b0e\e71f98956186f52934349a4605228b2def2d5b0e_lupyne_79368723_20091020_201132_before_5.py,PythonFiles\lupyne\79368723\e71f98956186f52934349a4605228b2def2d5b0e\e71f98956186f52934349a4605228b2def2d5b0e_lupyne_79368723_20091020_201132_after_5.py
e71f98956186f52934349a4605228b2def2d5b0e,lupyne,79368723,2009-10-20 20:11:32,+0000,local.py,MODIFY,41,38,PythonFiles\lupyne\79368723\e71f98956186f52934349a4605228b2def2d5b0e\e71f98956186f52934349a4605228b2def2d5b0e_lupyne_79368723_20091020_201132_before_6.py,PythonFiles\lupyne\79368723\e71f98956186f52934349a4605228b2def2d5b0e\e71f98956186f52934349a4605228b2def2d5b0e_lupyne_79368723_20091020_201132_after_6.py
af5e3b5f772fcd1beef681e2921d2998dda7de62,lupyne,79368723,2009-10-20 22:48:28,+0000,indexers.py,MODIFY,0,6,PythonFiles\lupyne\79368723\af5e3b5f772fcd1beef681e2921d2998dda7de62\af5e3b5f772fcd1beef681e2921d2998dda7de62_lupyne_79368723_20091020_224828_before_1.py,PythonFiles\lupyne\79368723\af5e3b5f772fcd1beef681e2921d2998dda7de62\af5e3b5f772fcd1beef681e2921d2998dda7de62_lupyne_79368723_20091020_224828_after_1.py
af5e3b5f772fcd1beef681e2921d2998dda7de62,lupyne,79368723,2009-10-20 22:48:28,+0000,local.py,MODIFY,0,4,PythonFiles\lupyne\79368723\af5e3b5f772fcd1beef681e2921d2998dda7de62\af5e3b5f772fcd1beef681e2921d2998dda7de62_lupyne_79368723_20091020_224828_before_2.py,PythonFiles\lupyne\79368723\af5e3b5f772fcd1beef681e2921d2998dda7de62\af5e3b5f772fcd1beef681e2921d2998dda7de62_lupyne_79368723_20091020_224828_after_2.py
182bd63766517cdbf0a7d5bd075f4772ce14e818,lupyne,79368723,2009-10-25 16:12:43,+0000,indexers.py,MODIFY,12,2,PythonFiles\lupyne\79368723\182bd63766517cdbf0a7d5bd075f4772ce14e818\182bd63766517cdbf0a7d5bd075f4772ce14e818_lupyne_79368723_20091025_161243_before_1.py,PythonFiles\lupyne\79368723\182bd63766517cdbf0a7d5bd075f4772ce14e818\182bd63766517cdbf0a7d5bd075f4772ce14e818_lupyne_79368723_20091025_161243_after_1.py
182bd63766517cdbf0a7d5bd075f4772ce14e818,lupyne,79368723,2009-10-25 16:12:43,+0000,local.py,MODIFY,7,1,PythonFiles\lupyne\79368723\182bd63766517cdbf0a7d5bd075f4772ce14e818\182bd63766517cdbf0a7d5bd075f4772ce14e818_lupyne_79368723_20091025_161243_before_2.py,PythonFiles\lupyne\79368723\182bd63766517cdbf0a7d5bd075f4772ce14e818\182bd63766517cdbf0a7d5bd075f4772ce14e818_lupyne_79368723_20091025_161243_after_2.py
f637764e87048c06f0ab5f6800ee6dfa6286fa7a,lupyne,79368723,2009-10-26 16:46:16,+0000,documents.py,MODIFY,16,6,PythonFiles\lupyne\79368723\f637764e87048c06f0ab5f6800ee6dfa6286fa7a\f637764e87048c06f0ab5f6800ee6dfa6286fa7a_lupyne_79368723_20091026_164616_before_2.py,PythonFiles\lupyne\79368723\f637764e87048c06f0ab5f6800ee6dfa6286fa7a\f637764e87048c06f0ab5f6800ee6dfa6286fa7a_lupyne_79368723_20091026_164616_after_2.py
f637764e87048c06f0ab5f6800ee6dfa6286fa7a,lupyne,79368723,2009-10-26 16:46:16,+0000,numeric.py,MODIFY,29,2,PythonFiles\lupyne\79368723\f637764e87048c06f0ab5f6800ee6dfa6286fa7a\f637764e87048c06f0ab5f6800ee6dfa6286fa7a_lupyne_79368723_20091026_164616_before_3.py,PythonFiles\lupyne\79368723\f637764e87048c06f0ab5f6800ee6dfa6286fa7a\f637764e87048c06f0ab5f6800ee6dfa6286fa7a_lupyne_79368723_20091026_164616_after_3.py
f637764e87048c06f0ab5f6800ee6dfa6286fa7a,lupyne,79368723,2009-10-26 16:46:16,+0000,local.py,MODIFY,55,17,PythonFiles\lupyne\79368723\f637764e87048c06f0ab5f6800ee6dfa6286fa7a\f637764e87048c06f0ab5f6800ee6dfa6286fa7a_lupyne_79368723_20091026_164616_before_4.py,PythonFiles\lupyne\79368723\f637764e87048c06f0ab5f6800ee6dfa6286fa7a\f637764e87048c06f0ab5f6800ee6dfa6286fa7a_lupyne_79368723_20091026_164616_after_4.py
295634934c3fd1c942f1d55ccf92b61464fffd31,lupyne,79368723,2009-11-02 00:33:14,+0000,numeric.py,MODIFY,16,0,PythonFiles\lupyne\79368723\295634934c3fd1c942f1d55ccf92b61464fffd31\295634934c3fd1c942f1d55ccf92b61464fffd31_lupyne_79368723_20091102_003314_before_1.py,PythonFiles\lupyne\79368723\295634934c3fd1c942f1d55ccf92b61464fffd31\295634934c3fd1c942f1d55ccf92b61464fffd31_lupyne_79368723_20091102_003314_after_1.py
295634934c3fd1c942f1d55ccf92b61464fffd31,lupyne,79368723,2009-11-02 00:33:14,+0000,local.py,MODIFY,3,2,PythonFiles\lupyne\79368723\295634934c3fd1c942f1d55ccf92b61464fffd31\295634934c3fd1c942f1d55ccf92b61464fffd31_lupyne_79368723_20091102_003314_before_2.py,PythonFiles\lupyne\79368723\295634934c3fd1c942f1d55ccf92b61464fffd31\295634934c3fd1c942f1d55ccf92b61464fffd31_lupyne_79368723_20091102_003314_after_2.py
849f84c4d471260189037c70c1b6e1f91d279934,lupyne,79368723,2009-11-05 18:34:22,+0000,indexers.py,MODIFY,19,3,PythonFiles\lupyne\79368723\849f84c4d471260189037c70c1b6e1f91d279934\849f84c4d471260189037c70c1b6e1f91d279934_lupyne_79368723_20091105_183422_before_1.py,PythonFiles\lupyne\79368723\849f84c4d471260189037c70c1b6e1f91d279934\849f84c4d471260189037c70c1b6e1f91d279934_lupyne_79368723_20091105_183422_after_1.py
849f84c4d471260189037c70c1b6e1f91d279934,lupyne,79368723,2009-11-05 18:34:22,+0000,local.py,MODIFY,2,0,PythonFiles\lupyne\79368723\849f84c4d471260189037c70c1b6e1f91d279934\849f84c4d471260189037c70c1b6e1f91d279934_lupyne_79368723_20091105_183422_before_2.py,PythonFiles\lupyne\79368723\849f84c4d471260189037c70c1b6e1f91d279934\849f84c4d471260189037c70c1b6e1f91d279934_lupyne_79368723_20091105_183422_after_2.py
75590263859120d166630e15bb04c5be229e2bac,lupyne,79368723,2009-11-06 04:32:59,+0000,indexers.py,MODIFY,28,26,PythonFiles\lupyne\79368723\75590263859120d166630e15bb04c5be229e2bac\75590263859120d166630e15bb04c5be229e2bac_lupyne_79368723_20091106_043259_before_1.py,PythonFiles\lupyne\79368723\75590263859120d166630e15bb04c5be229e2bac\75590263859120d166630e15bb04c5be229e2bac_lupyne_79368723_20091106_043259_after_1.py
75590263859120d166630e15bb04c5be229e2bac,lupyne,79368723,2009-11-06 04:32:59,+0000,local.py,MODIFY,4,2,PythonFiles\lupyne\79368723\75590263859120d166630e15bb04c5be229e2bac\75590263859120d166630e15bb04c5be229e2bac_lupyne_79368723_20091106_043259_before_2.py,PythonFiles\lupyne\79368723\75590263859120d166630e15bb04c5be229e2bac\75590263859120d166630e15bb04c5be229e2bac_lupyne_79368723_20091106_043259_after_2.py
729f575ad38bbf44a7799bfa9032d6c19ebd3b5c,lupyne,79368723,2009-11-19 17:06:21,+0000,indexers.py,MODIFY,12,0,PythonFiles\lupyne\79368723\729f575ad38bbf44a7799bfa9032d6c19ebd3b5c\729f575ad38bbf44a7799bfa9032d6c19ebd3b5c_lupyne_79368723_20091119_170621_before_1.py,PythonFiles\lupyne\79368723\729f575ad38bbf44a7799bfa9032d6c19ebd3b5c\729f575ad38bbf44a7799bfa9032d6c19ebd3b5c_lupyne_79368723_20091119_170621_after_1.py
729f575ad38bbf44a7799bfa9032d6c19ebd3b5c,lupyne,79368723,2009-11-19 17:06:21,+0000,queries.py,MODIFY,6,0,PythonFiles\lupyne\79368723\729f575ad38bbf44a7799bfa9032d6c19ebd3b5c\729f575ad38bbf44a7799bfa9032d6c19ebd3b5c_lupyne_79368723_20091119_170621_before_2.py,PythonFiles\lupyne\79368723\729f575ad38bbf44a7799bfa9032d6c19ebd3b5c\729f575ad38bbf44a7799bfa9032d6c19ebd3b5c_lupyne_79368723_20091119_170621_after_2.py
729f575ad38bbf44a7799bfa9032d6c19ebd3b5c,lupyne,79368723,2009-11-19 17:06:21,+0000,local.py,MODIFY,9,0,PythonFiles\lupyne\79368723\729f575ad38bbf44a7799bfa9032d6c19ebd3b5c\729f575ad38bbf44a7799bfa9032d6c19ebd3b5c_lupyne_79368723_20091119_170621_before_3.py,PythonFiles\lupyne\79368723\729f575ad38bbf44a7799bfa9032d6c19ebd3b5c\729f575ad38bbf44a7799bfa9032d6c19ebd3b5c_lupyne_79368723_20091119_170621_after_3.py
321fa4b9b38e9b78850efd766bf04f4f781e0b5d,lupyne,79368723,2009-11-29 23:00:54,+0000,__main__.py,MODIFY,3,1,PythonFiles\lupyne\79368723\321fa4b9b38e9b78850efd766bf04f4f781e0b5d\321fa4b9b38e9b78850efd766bf04f4f781e0b5d_lupyne_79368723_20091129_230054_before_1.py,PythonFiles\lupyne\79368723\321fa4b9b38e9b78850efd766bf04f4f781e0b5d\321fa4b9b38e9b78850efd766bf04f4f781e0b5d_lupyne_79368723_20091129_230054_after_1.py
321fa4b9b38e9b78850efd766bf04f4f781e0b5d,lupyne,79368723,2009-11-29 23:00:54,+0000,local.py,MODIFY,3,3,PythonFiles\lupyne\79368723\321fa4b9b38e9b78850efd766bf04f4f781e0b5d\321fa4b9b38e9b78850efd766bf04f4f781e0b5d_lupyne_79368723_20091129_230054_before_2.py,PythonFiles\lupyne\79368723\321fa4b9b38e9b78850efd766bf04f4f781e0b5d\321fa4b9b38e9b78850efd766bf04f4f781e0b5d_lupyne_79368723_20091129_230054_after_2.py
6dd5d653d0afb2ea615f3e012ded19b191a67496,lupyne,79368723,2009-11-30 00:08:11,+0000,__main__.py,ADD,1,0,,PythonFiles\lupyne\79368723\6dd5d653d0afb2ea615f3e012ded19b191a67496\6dd5d653d0afb2ea615f3e012ded19b191a67496_lupyne_79368723_20091130_000811_after_2.py
6dd5d653d0afb2ea615f3e012ded19b191a67496,lupyne,79368723,2009-11-30 00:08:11,+0000,indexers.py,MODIFY,12,16,PythonFiles\lupyne\79368723\6dd5d653d0afb2ea615f3e012ded19b191a67496\6dd5d653d0afb2ea615f3e012ded19b191a67496_lupyne_79368723_20091130_000811_before_3.py,PythonFiles\lupyne\79368723\6dd5d653d0afb2ea615f3e012ded19b191a67496\6dd5d653d0afb2ea615f3e012ded19b191a67496_lupyne_79368723_20091130_000811_after_3.py
6dd5d653d0afb2ea615f3e012ded19b191a67496,lupyne,79368723,2009-11-30 00:08:11,+0000,indexers.py,MODIFY,3,10,PythonFiles\lupyne\79368723\6dd5d653d0afb2ea615f3e012ded19b191a67496\6dd5d653d0afb2ea615f3e012ded19b191a67496_lupyne_79368723_20091130_000811_before_4.py,PythonFiles\lupyne\79368723\6dd5d653d0afb2ea615f3e012ded19b191a67496\6dd5d653d0afb2ea615f3e012ded19b191a67496_lupyne_79368723_20091130_000811_after_4.py
479dc296cbf8725aa7648178b23bfadf81030995,lupyne,79368723,2009-11-30 19:18:55,+0000,indexers.py,MODIFY,13,4,PythonFiles\lupyne\79368723\479dc296cbf8725aa7648178b23bfadf81030995\479dc296cbf8725aa7648178b23bfadf81030995_lupyne_79368723_20091130_191855_before_1.py,PythonFiles\lupyne\79368723\479dc296cbf8725aa7648178b23bfadf81030995\479dc296cbf8725aa7648178b23bfadf81030995_lupyne_79368723_20091130_191855_after_1.py
479dc296cbf8725aa7648178b23bfadf81030995,lupyne,79368723,2009-11-30 19:18:55,+0000,local.py,MODIFY,5,4,PythonFiles\lupyne\79368723\479dc296cbf8725aa7648178b23bfadf81030995\479dc296cbf8725aa7648178b23bfadf81030995_lupyne_79368723_20091130_191855_before_2.py,PythonFiles\lupyne\79368723\479dc296cbf8725aa7648178b23bfadf81030995\479dc296cbf8725aa7648178b23bfadf81030995_lupyne_79368723_20091130_191855_after_2.py
79bb53a09c2dbb4581b2218fc72c47fea25dbf52,lupyne,79368723,2009-12-01 00:05:02,+0000,indexers.py,MODIFY,45,14,PythonFiles\lupyne\79368723\79bb53a09c2dbb4581b2218fc72c47fea25dbf52\79bb53a09c2dbb4581b2218fc72c47fea25dbf52_lupyne_79368723_20091201_000502_before_1.py,PythonFiles\lupyne\79368723\79bb53a09c2dbb4581b2218fc72c47fea25dbf52\79bb53a09c2dbb4581b2218fc72c47fea25dbf52_lupyne_79368723_20091201_000502_after_1.py
79bb53a09c2dbb4581b2218fc72c47fea25dbf52,lupyne,79368723,2009-12-01 00:05:02,+0000,local.py,MODIFY,5,1,PythonFiles\lupyne\79368723\79bb53a09c2dbb4581b2218fc72c47fea25dbf52\79bb53a09c2dbb4581b2218fc72c47fea25dbf52_lupyne_79368723_20091201_000502_before_2.py,PythonFiles\lupyne\79368723\79bb53a09c2dbb4581b2218fc72c47fea25dbf52\79bb53a09c2dbb4581b2218fc72c47fea25dbf52_lupyne_79368723_20091201_000502_after_2.py
75d458bb8943867599841ea5f52d777b83771a39,lupyne,79368723,2009-12-01 05:33:45,+0000,indexers.py,MODIFY,2,3,PythonFiles\lupyne\79368723\75d458bb8943867599841ea5f52d777b83771a39\75d458bb8943867599841ea5f52d777b83771a39_lupyne_79368723_20091201_053345_before_1.py,PythonFiles\lupyne\79368723\75d458bb8943867599841ea5f52d777b83771a39\75d458bb8943867599841ea5f52d777b83771a39_lupyne_79368723_20091201_053345_after_1.py
75d458bb8943867599841ea5f52d777b83771a39,lupyne,79368723,2009-12-01 05:33:45,+0000,server.py,MODIFY,9,10,PythonFiles\lupyne\79368723\75d458bb8943867599841ea5f52d777b83771a39\75d458bb8943867599841ea5f52d777b83771a39_lupyne_79368723_20091201_053345_before_2.py,PythonFiles\lupyne\79368723\75d458bb8943867599841ea5f52d777b83771a39\75d458bb8943867599841ea5f52d777b83771a39_lupyne_79368723_20091201_053345_after_2.py
75d458bb8943867599841ea5f52d777b83771a39,lupyne,79368723,2009-12-01 05:33:45,+0000,local.py,MODIFY,4,3,PythonFiles\lupyne\79368723\75d458bb8943867599841ea5f52d777b83771a39\75d458bb8943867599841ea5f52d777b83771a39_lupyne_79368723_20091201_053345_before_3.py,PythonFiles\lupyne\79368723\75d458bb8943867599841ea5f52d777b83771a39\75d458bb8943867599841ea5f52d777b83771a39_lupyne_79368723_20091201_053345_after_3.py
75d458bb8943867599841ea5f52d777b83771a39,lupyne,79368723,2009-12-01 05:33:45,+0000,remote.py,MODIFY,4,0,PythonFiles\lupyne\79368723\75d458bb8943867599841ea5f52d777b83771a39\75d458bb8943867599841ea5f52d777b83771a39_lupyne_79368723_20091201_053345_before_4.py,PythonFiles\lupyne\79368723\75d458bb8943867599841ea5f52d777b83771a39\75d458bb8943867599841ea5f52d777b83771a39_lupyne_79368723_20091201_053345_after_4.py
d170b1797df8dd5ce9bd4d99583ca95e31fc1777,lupyne,79368723,2009-12-01 20:39:54,+0000,indexers.py,MODIFY,4,4,PythonFiles\lupyne\79368723\d170b1797df8dd5ce9bd4d99583ca95e31fc1777\d170b1797df8dd5ce9bd4d99583ca95e31fc1777_lupyne_79368723_20091201_203954_before_1.py,PythonFiles\lupyne\79368723\d170b1797df8dd5ce9bd4d99583ca95e31fc1777\d170b1797df8dd5ce9bd4d99583ca95e31fc1777_lupyne_79368723_20091201_203954_after_1.py
d170b1797df8dd5ce9bd4d99583ca95e31fc1777,lupyne,79368723,2009-12-01 20:39:54,+0000,queries.py,MODIFY,19,39,PythonFiles\lupyne\79368723\d170b1797df8dd5ce9bd4d99583ca95e31fc1777\d170b1797df8dd5ce9bd4d99583ca95e31fc1777_lupyne_79368723_20091201_203954_before_2.py,PythonFiles\lupyne\79368723\d170b1797df8dd5ce9bd4d99583ca95e31fc1777\d170b1797df8dd5ce9bd4d99583ca95e31fc1777_lupyne_79368723_20091201_203954_after_2.py
d170b1797df8dd5ce9bd4d99583ca95e31fc1777,lupyne,79368723,2009-12-01 20:39:54,+0000,local.py,MODIFY,5,3,PythonFiles\lupyne\79368723\d170b1797df8dd5ce9bd4d99583ca95e31fc1777\d170b1797df8dd5ce9bd4d99583ca95e31fc1777_lupyne_79368723_20091201_203954_before_3.py,PythonFiles\lupyne\79368723\d170b1797df8dd5ce9bd4d99583ca95e31fc1777\d170b1797df8dd5ce9bd4d99583ca95e31fc1777_lupyne_79368723_20091201_203954_after_3.py
17cbb6030933cd061a3bb4ae13ef6dbdca066d1d,lupyne,79368723,2009-12-02 04:50:14,+0000,__init__.py,MODIFY,1,1,PythonFiles\lupyne\79368723\17cbb6030933cd061a3bb4ae13ef6dbdca066d1d\17cbb6030933cd061a3bb4ae13ef6dbdca066d1d_lupyne_79368723_20091202_045014_before_1.py,PythonFiles\lupyne\79368723\17cbb6030933cd061a3bb4ae13ef6dbdca066d1d\17cbb6030933cd061a3bb4ae13ef6dbdca066d1d_lupyne_79368723_20091202_045014_after_1.py
17cbb6030933cd061a3bb4ae13ef6dbdca066d1d,lupyne,79368723,2009-12-02 04:50:14,+0000,indexers.py,MODIFY,65,8,PythonFiles\lupyne\79368723\17cbb6030933cd061a3bb4ae13ef6dbdca066d1d\17cbb6030933cd061a3bb4ae13ef6dbdca066d1d_lupyne_79368723_20091202_045014_before_2.py,PythonFiles\lupyne\79368723\17cbb6030933cd061a3bb4ae13ef6dbdca066d1d\17cbb6030933cd061a3bb4ae13ef6dbdca066d1d_lupyne_79368723_20091202_045014_after_2.py
17cbb6030933cd061a3bb4ae13ef6dbdca066d1d,lupyne,79368723,2009-12-02 04:50:14,+0000,queries.py,MODIFY,18,11,PythonFiles\lupyne\79368723\17cbb6030933cd061a3bb4ae13ef6dbdca066d1d\17cbb6030933cd061a3bb4ae13ef6dbdca066d1d_lupyne_79368723_20091202_045014_before_3.py,PythonFiles\lupyne\79368723\17cbb6030933cd061a3bb4ae13ef6dbdca066d1d\17cbb6030933cd061a3bb4ae13ef6dbdca066d1d_lupyne_79368723_20091202_045014_after_3.py
17cbb6030933cd061a3bb4ae13ef6dbdca066d1d,lupyne,79368723,2009-12-02 04:50:14,+0000,local.py,MODIFY,16,7,PythonFiles\lupyne\79368723\17cbb6030933cd061a3bb4ae13ef6dbdca066d1d\17cbb6030933cd061a3bb4ae13ef6dbdca066d1d_lupyne_79368723_20091202_045014_before_4.py,PythonFiles\lupyne\79368723\17cbb6030933cd061a3bb4ae13ef6dbdca066d1d\17cbb6030933cd061a3bb4ae13ef6dbdca066d1d_lupyne_79368723_20091202_045014_after_4.py
368a6052d09123f73258be21a62c3e0b08c7c80e,lupyne,79368723,2009-12-03 01:16:02,+0000,indexers.py,MODIFY,3,2,PythonFiles\lupyne\79368723\368a6052d09123f73258be21a62c3e0b08c7c80e\368a6052d09123f73258be21a62c3e0b08c7c80e_lupyne_79368723_20091203_011602_before_1.py,PythonFiles\lupyne\79368723\368a6052d09123f73258be21a62c3e0b08c7c80e\368a6052d09123f73258be21a62c3e0b08c7c80e_lupyne_79368723_20091203_011602_after_1.py
368a6052d09123f73258be21a62c3e0b08c7c80e,lupyne,79368723,2009-12-03 01:16:02,+0000,sorting.py,MODIFY,40,31,PythonFiles\lupyne\79368723\368a6052d09123f73258be21a62c3e0b08c7c80e\368a6052d09123f73258be21a62c3e0b08c7c80e_lupyne_79368723_20091203_011602_before_2.py,PythonFiles\lupyne\79368723\368a6052d09123f73258be21a62c3e0b08c7c80e\368a6052d09123f73258be21a62c3e0b08c7c80e_lupyne_79368723_20091203_011602_after_2.py
368a6052d09123f73258be21a62c3e0b08c7c80e,lupyne,79368723,2009-12-03 01:16:02,+0000,indexers.py,MODIFY,13,14,PythonFiles\lupyne\79368723\368a6052d09123f73258be21a62c3e0b08c7c80e\368a6052d09123f73258be21a62c3e0b08c7c80e_lupyne_79368723_20091203_011602_before_3.py,PythonFiles\lupyne\79368723\368a6052d09123f73258be21a62c3e0b08c7c80e\368a6052d09123f73258be21a62c3e0b08c7c80e_lupyne_79368723_20091203_011602_after_3.py
368a6052d09123f73258be21a62c3e0b08c7c80e,lupyne,79368723,2009-12-03 01:16:02,+0000,local.py,MODIFY,3,2,PythonFiles\lupyne\79368723\368a6052d09123f73258be21a62c3e0b08c7c80e\368a6052d09123f73258be21a62c3e0b08c7c80e_lupyne_79368723_20091203_011602_before_4.py,PythonFiles\lupyne\79368723\368a6052d09123f73258be21a62c3e0b08c7c80e\368a6052d09123f73258be21a62c3e0b08c7c80e_lupyne_79368723_20091203_011602_after_4.py
ebba415210d312fb5d8e566acfa3cef370f86c69,lupyne,79368723,2009-12-03 05:25:57,+0000,indexers.py,MODIFY,57,52,PythonFiles\lupyne\79368723\ebba415210d312fb5d8e566acfa3cef370f86c69\ebba415210d312fb5d8e566acfa3cef370f86c69_lupyne_79368723_20091203_052557_before_2.py,PythonFiles\lupyne\79368723\ebba415210d312fb5d8e566acfa3cef370f86c69\ebba415210d312fb5d8e566acfa3cef370f86c69_lupyne_79368723_20091203_052557_after_2.py
2b36eaf5eae1f853e3281799a6c9926d7839bcef,lupyne,79368723,2009-12-04 05:35:02,+0000,indexers.py,MODIFY,6,5,PythonFiles\lupyne\79368723\2b36eaf5eae1f853e3281799a6c9926d7839bcef\2b36eaf5eae1f853e3281799a6c9926d7839bcef_lupyne_79368723_20091204_053502_before_1.py,PythonFiles\lupyne\79368723\2b36eaf5eae1f853e3281799a6c9926d7839bcef\2b36eaf5eae1f853e3281799a6c9926d7839bcef_lupyne_79368723_20091204_053502_after_1.py
ef4ecb7737147c9af4b8678117440b77dc51b30f,lupyne,79368723,2009-12-10 00:42:02,+0000,conf.py,MODIFY,2,2,PythonFiles\lupyne\79368723\ef4ecb7737147c9af4b8678117440b77dc51b30f\ef4ecb7737147c9af4b8678117440b77dc51b30f_lupyne_79368723_20091210_004202_before_13.py,PythonFiles\lupyne\79368723\ef4ecb7737147c9af4b8678117440b77dc51b30f\ef4ecb7737147c9af4b8678117440b77dc51b30f_lupyne_79368723_20091210_004202_after_13.py
ef4ecb7737147c9af4b8678117440b77dc51b30f,lupyne,79368723,2009-12-10 00:42:02,+0000,setup.py,MODIFY,1,1,PythonFiles\lupyne\79368723\ef4ecb7737147c9af4b8678117440b77dc51b30f\ef4ecb7737147c9af4b8678117440b77dc51b30f_lupyne_79368723_20091210_004202_before_14.py,PythonFiles\lupyne\79368723\ef4ecb7737147c9af4b8678117440b77dc51b30f\ef4ecb7737147c9af4b8678117440b77dc51b30f_lupyne_79368723_20091210_004202_after_14.py
5b7f290d7c6167ab1cb0388bee6225e3cea923fb,lupyne,79368723,2009-12-14 01:03:39,+0000,conf.py,MODIFY,1,1,PythonFiles\lupyne\79368723\5b7f290d7c6167ab1cb0388bee6225e3cea923fb\5b7f290d7c6167ab1cb0388bee6225e3cea923fb_lupyne_79368723_20091214_010339_before_2.py,PythonFiles\lupyne\79368723\5b7f290d7c6167ab1cb0388bee6225e3cea923fb\5b7f290d7c6167ab1cb0388bee6225e3cea923fb_lupyne_79368723_20091214_010339_after_2.py
5b7f290d7c6167ab1cb0388bee6225e3cea923fb,lupyne,79368723,2009-12-14 01:03:39,+0000,queries.py,MODIFY,1,1,PythonFiles\lupyne\79368723\5b7f290d7c6167ab1cb0388bee6225e3cea923fb\5b7f290d7c6167ab1cb0388bee6225e3cea923fb_lupyne_79368723_20091214_010339_before_3.py,PythonFiles\lupyne\79368723\5b7f290d7c6167ab1cb0388bee6225e3cea923fb\5b7f290d7c6167ab1cb0388bee6225e3cea923fb_lupyne_79368723_20091214_010339_after_3.py
5b7f290d7c6167ab1cb0388bee6225e3cea923fb,lupyne,79368723,2009-12-14 01:03:39,+0000,setup.py,MODIFY,38,1,PythonFiles\lupyne\79368723\5b7f290d7c6167ab1cb0388bee6225e3cea923fb\5b7f290d7c6167ab1cb0388bee6225e3cea923fb_lupyne_79368723_20091214_010339_before_4.py,PythonFiles\lupyne\79368723\5b7f290d7c6167ab1cb0388bee6225e3cea923fb\5b7f290d7c6167ab1cb0388bee6225e3cea923fb_lupyne_79368723_20091214_010339_after_4.py
752c59e589a5c967dc515045760c3be9913cb2b7,lupyne,79368723,2009-12-15 20:16:19,+0000,indexers.py,MODIFY,9,8,PythonFiles\lupyne\79368723\752c59e589a5c967dc515045760c3be9913cb2b7\752c59e589a5c967dc515045760c3be9913cb2b7_lupyne_79368723_20091215_201619_before_1.py,PythonFiles\lupyne\79368723\752c59e589a5c967dc515045760c3be9913cb2b7\752c59e589a5c967dc515045760c3be9913cb2b7_lupyne_79368723_20091215_201619_after_1.py
752c59e589a5c967dc515045760c3be9913cb2b7,lupyne,79368723,2009-12-15 20:16:19,+0000,local.py,MODIFY,1,0,PythonFiles\lupyne\79368723\752c59e589a5c967dc515045760c3be9913cb2b7\752c59e589a5c967dc515045760c3be9913cb2b7_lupyne_79368723_20091215_201619_before_2.py,PythonFiles\lupyne\79368723\752c59e589a5c967dc515045760c3be9913cb2b7\752c59e589a5c967dc515045760c3be9913cb2b7_lupyne_79368723_20091215_201619_after_2.py
1cc191be2ee7cd61e7473782ef129edc730f74e6,lupyne,79368723,2009-12-16 01:45:40,+0000,indexers.py,MODIFY,3,3,PythonFiles\lupyne\79368723\1cc191be2ee7cd61e7473782ef129edc730f74e6\1cc191be2ee7cd61e7473782ef129edc730f74e6_lupyne_79368723_20091216_014540_before_1.py,PythonFiles\lupyne\79368723\1cc191be2ee7cd61e7473782ef129edc730f74e6\1cc191be2ee7cd61e7473782ef129edc730f74e6_lupyne_79368723_20091216_014540_after_1.py
1cc191be2ee7cd61e7473782ef129edc730f74e6,lupyne,79368723,2009-12-16 01:45:40,+0000,local.py,MODIFY,8,2,PythonFiles\lupyne\79368723\1cc191be2ee7cd61e7473782ef129edc730f74e6\1cc191be2ee7cd61e7473782ef129edc730f74e6_lupyne_79368723_20091216_014540_before_2.py,PythonFiles\lupyne\79368723\1cc191be2ee7cd61e7473782ef129edc730f74e6\1cc191be2ee7cd61e7473782ef129edc730f74e6_lupyne_79368723_20091216_014540_after_2.py
4b383bb9800e739637e6ada274ecb73e12ab0ed9,lupyne,79368723,2009-12-16 18:58:32,+0000,indexers.py,MODIFY,13,7,PythonFiles\lupyne\79368723\4b383bb9800e739637e6ada274ecb73e12ab0ed9\4b383bb9800e739637e6ada274ecb73e12ab0ed9_lupyne_79368723_20091216_185832_before_12.py,PythonFiles\lupyne\79368723\4b383bb9800e739637e6ada274ecb73e12ab0ed9\4b383bb9800e739637e6ada274ecb73e12ab0ed9_lupyne_79368723_20091216_185832_after_12.py
4b383bb9800e739637e6ada274ecb73e12ab0ed9,lupyne,79368723,2009-12-16 18:58:32,+0000,local.py,MODIFY,2,0,PythonFiles\lupyne\79368723\4b383bb9800e739637e6ada274ecb73e12ab0ed9\4b383bb9800e739637e6ada274ecb73e12ab0ed9_lupyne_79368723_20091216_185832_before_13.py,PythonFiles\lupyne\79368723\4b383bb9800e739637e6ada274ecb73e12ab0ed9\4b383bb9800e739637e6ada274ecb73e12ab0ed9_lupyne_79368723_20091216_185832_after_13.py
55d583ed24cbf5bef5c2d4a66f9c3c17867937a0,lupyne,79368723,2009-12-22 02:45:31,+0000,server.py,MODIFY,10,5,PythonFiles\lupyne\79368723\55d583ed24cbf5bef5c2d4a66f9c3c17867937a0\55d583ed24cbf5bef5c2d4a66f9c3c17867937a0_lupyne_79368723_20091222_024531_before_1.py,PythonFiles\lupyne\79368723\55d583ed24cbf5bef5c2d4a66f9c3c17867937a0\55d583ed24cbf5bef5c2d4a66f9c3c17867937a0_lupyne_79368723_20091222_024531_after_1.py
55d583ed24cbf5bef5c2d4a66f9c3c17867937a0,lupyne,79368723,2009-12-22 02:45:31,+0000,remote.py,MODIFY,3,0,PythonFiles\lupyne\79368723\55d583ed24cbf5bef5c2d4a66f9c3c17867937a0\55d583ed24cbf5bef5c2d4a66f9c3c17867937a0_lupyne_79368723_20091222_024531_before_2.py,PythonFiles\lupyne\79368723\55d583ed24cbf5bef5c2d4a66f9c3c17867937a0\55d583ed24cbf5bef5c2d4a66f9c3c17867937a0_lupyne_79368723_20091222_024531_after_2.py
288dfb2651e6fdb2c58575980fea0872ae8f40f2,lupyne,79368723,2009-12-22 04:39:17,+0000,indexers.py,MODIFY,28,23,PythonFiles\lupyne\79368723\288dfb2651e6fdb2c58575980fea0872ae8f40f2\288dfb2651e6fdb2c58575980fea0872ae8f40f2_lupyne_79368723_20091222_043917_before_8.py,PythonFiles\lupyne\79368723\288dfb2651e6fdb2c58575980fea0872ae8f40f2\288dfb2651e6fdb2c58575980fea0872ae8f40f2_lupyne_79368723_20091222_043917_after_8.py
288dfb2651e6fdb2c58575980fea0872ae8f40f2,lupyne,79368723,2009-12-22 04:39:17,+0000,server.py,MODIFY,5,5,PythonFiles\lupyne\79368723\288dfb2651e6fdb2c58575980fea0872ae8f40f2\288dfb2651e6fdb2c58575980fea0872ae8f40f2_lupyne_79368723_20091222_043917_before_9.py,PythonFiles\lupyne\79368723\288dfb2651e6fdb2c58575980fea0872ae8f40f2\288dfb2651e6fdb2c58575980fea0872ae8f40f2_lupyne_79368723_20091222_043917_after_9.py
288dfb2651e6fdb2c58575980fea0872ae8f40f2,lupyne,79368723,2009-12-22 04:39:17,+0000,local.py,MODIFY,4,0,PythonFiles\lupyne\79368723\288dfb2651e6fdb2c58575980fea0872ae8f40f2\288dfb2651e6fdb2c58575980fea0872ae8f40f2_lupyne_79368723_20091222_043917_before_10.py,PythonFiles\lupyne\79368723\288dfb2651e6fdb2c58575980fea0872ae8f40f2\288dfb2651e6fdb2c58575980fea0872ae8f40f2_lupyne_79368723_20091222_043917_after_10.py
288dfb2651e6fdb2c58575980fea0872ae8f40f2,lupyne,79368723,2009-12-22 04:39:17,+0000,remote.py,MODIFY,1,1,PythonFiles\lupyne\79368723\288dfb2651e6fdb2c58575980fea0872ae8f40f2\288dfb2651e6fdb2c58575980fea0872ae8f40f2_lupyne_79368723_20091222_043917_before_11.py,PythonFiles\lupyne\79368723\288dfb2651e6fdb2c58575980fea0872ae8f40f2\288dfb2651e6fdb2c58575980fea0872ae8f40f2_lupyne_79368723_20091222_043917_after_11.py
251b78c4c39c2b8fd5850d152a24449955e077f7,lupyne,79368723,2009-12-23 04:52:28,+0000,server.py,MODIFY,10,3,PythonFiles\lupyne\79368723\251b78c4c39c2b8fd5850d152a24449955e077f7\251b78c4c39c2b8fd5850d152a24449955e077f7_lupyne_79368723_20091223_045228_before_1.py,PythonFiles\lupyne\79368723\251b78c4c39c2b8fd5850d152a24449955e077f7\251b78c4c39c2b8fd5850d152a24449955e077f7_lupyne_79368723_20091223_045228_after_1.py
251b78c4c39c2b8fd5850d152a24449955e077f7,lupyne,79368723,2009-12-23 04:52:28,+0000,remote.py,MODIFY,4,0,PythonFiles\lupyne\79368723\251b78c4c39c2b8fd5850d152a24449955e077f7\251b78c4c39c2b8fd5850d152a24449955e077f7_lupyne_79368723_20091223_045228_before_2.py,PythonFiles\lupyne\79368723\251b78c4c39c2b8fd5850d152a24449955e077f7\251b78c4c39c2b8fd5850d152a24449955e077f7_lupyne_79368723_20091223_045228_after_2.py
f1bd899ae7d20402d53b621434d594eca566a652,lupyne,79368723,2009-12-23 20:07:44,+0000,numeric.py,MODIFY,6,3,PythonFiles\lupyne\79368723\f1bd899ae7d20402d53b621434d594eca566a652\f1bd899ae7d20402d53b621434d594eca566a652_lupyne_79368723_20091223_200744_before_9.py,PythonFiles\lupyne\79368723\f1bd899ae7d20402d53b621434d594eca566a652\f1bd899ae7d20402d53b621434d594eca566a652_lupyne_79368723_20091223_200744_after_9.py
f1bd899ae7d20402d53b621434d594eca566a652,lupyne,79368723,2009-12-23 20:07:44,+0000,local.py,MODIFY,3,2,PythonFiles\lupyne\79368723\f1bd899ae7d20402d53b621434d594eca566a652\f1bd899ae7d20402d53b621434d594eca566a652_lupyne_79368723_20091223_200744_before_10.py,PythonFiles\lupyne\79368723\f1bd899ae7d20402d53b621434d594eca566a652\f1bd899ae7d20402d53b621434d594eca566a652_lupyne_79368723_20091223_200744_after_10.py
912ea4a33a1adb8853eeaf83631fc53fc2e6fa7c,lupyne,79368723,2009-12-24 19:37:11,+0000,indexers.py,MODIFY,1,1,PythonFiles\lupyne\79368723\912ea4a33a1adb8853eeaf83631fc53fc2e6fa7c\912ea4a33a1adb8853eeaf83631fc53fc2e6fa7c_lupyne_79368723_20091224_193711_before_1.py,PythonFiles\lupyne\79368723\912ea4a33a1adb8853eeaf83631fc53fc2e6fa7c\912ea4a33a1adb8853eeaf83631fc53fc2e6fa7c_lupyne_79368723_20091224_193711_after_1.py
912ea4a33a1adb8853eeaf83631fc53fc2e6fa7c,lupyne,79368723,2009-12-24 19:37:11,+0000,server.py,MODIFY,3,1,PythonFiles\lupyne\79368723\912ea4a33a1adb8853eeaf83631fc53fc2e6fa7c\912ea4a33a1adb8853eeaf83631fc53fc2e6fa7c_lupyne_79368723_20091224_193711_before_2.py,PythonFiles\lupyne\79368723\912ea4a33a1adb8853eeaf83631fc53fc2e6fa7c\912ea4a33a1adb8853eeaf83631fc53fc2e6fa7c_lupyne_79368723_20091224_193711_after_2.py
912ea4a33a1adb8853eeaf83631fc53fc2e6fa7c,lupyne,79368723,2009-12-24 19:37:11,+0000,remote.py,MODIFY,2,1,PythonFiles\lupyne\79368723\912ea4a33a1adb8853eeaf83631fc53fc2e6fa7c\912ea4a33a1adb8853eeaf83631fc53fc2e6fa7c_lupyne_79368723_20091224_193711_before_3.py,PythonFiles\lupyne\79368723\912ea4a33a1adb8853eeaf83631fc53fc2e6fa7c\912ea4a33a1adb8853eeaf83631fc53fc2e6fa7c_lupyne_79368723_20091224_193711_after_3.py
43db93284ceeb0e32fc01b5144faf44d8ecb7101,lupyne,79368723,2009-12-24 23:26:16,+0000,server.py,MODIFY,11,4,PythonFiles\lupyne\79368723\43db93284ceeb0e32fc01b5144faf44d8ecb7101\43db93284ceeb0e32fc01b5144faf44d8ecb7101_lupyne_79368723_20091224_232616_before_4.py,PythonFiles\lupyne\79368723\43db93284ceeb0e32fc01b5144faf44d8ecb7101\43db93284ceeb0e32fc01b5144faf44d8ecb7101_lupyne_79368723_20091224_232616_after_4.py
43db93284ceeb0e32fc01b5144faf44d8ecb7101,lupyne,79368723,2009-12-24 23:26:16,+0000,remote.py,MODIFY,2,1,PythonFiles\lupyne\79368723\43db93284ceeb0e32fc01b5144faf44d8ecb7101\43db93284ceeb0e32fc01b5144faf44d8ecb7101_lupyne_79368723_20091224_232616_before_5.py,PythonFiles\lupyne\79368723\43db93284ceeb0e32fc01b5144faf44d8ecb7101\43db93284ceeb0e32fc01b5144faf44d8ecb7101_lupyne_79368723_20091224_232616_after_5.py
ba8cf1d56ca9403cfb27384866a32c225a8b5d5b,lupyne,79368723,2010-01-01 20:21:54,+0000,client.py,MODIFY,6,5,PythonFiles\lupyne\79368723\ba8cf1d56ca9403cfb27384866a32c225a8b5d5b\ba8cf1d56ca9403cfb27384866a32c225a8b5d5b_lupyne_79368723_20100101_202154_before_4.py,PythonFiles\lupyne\79368723\ba8cf1d56ca9403cfb27384866a32c225a8b5d5b\ba8cf1d56ca9403cfb27384866a32c225a8b5d5b_lupyne_79368723_20100101_202154_after_4.py
ba8cf1d56ca9403cfb27384866a32c225a8b5d5b,lupyne,79368723,2010-01-01 20:21:54,+0000,server.py,MODIFY,29,30,PythonFiles\lupyne\79368723\ba8cf1d56ca9403cfb27384866a32c225a8b5d5b\ba8cf1d56ca9403cfb27384866a32c225a8b5d5b_lupyne_79368723_20100101_202154_before_5.py,PythonFiles\lupyne\79368723\ba8cf1d56ca9403cfb27384866a32c225a8b5d5b\ba8cf1d56ca9403cfb27384866a32c225a8b5d5b_lupyne_79368723_20100101_202154_after_5.py
ba8cf1d56ca9403cfb27384866a32c225a8b5d5b,lupyne,79368723,2010-01-01 20:21:54,+0000,remote.py,MODIFY,20,5,PythonFiles\lupyne\79368723\ba8cf1d56ca9403cfb27384866a32c225a8b5d5b\ba8cf1d56ca9403cfb27384866a32c225a8b5d5b_lupyne_79368723_20100101_202154_before_6.py,PythonFiles\lupyne\79368723\ba8cf1d56ca9403cfb27384866a32c225a8b5d5b\ba8cf1d56ca9403cfb27384866a32c225a8b5d5b_lupyne_79368723_20100101_202154_after_6.py
2ef66210e4726e3eef8ba7cb9bc4be442408906b,lupyne,79368723,2010-01-02 02:24:09,+0000,client.py,MODIFY,2,2,PythonFiles\lupyne\79368723\2ef66210e4726e3eef8ba7cb9bc4be442408906b\2ef66210e4726e3eef8ba7cb9bc4be442408906b_lupyne_79368723_20100102_022409_before_6.py,PythonFiles\lupyne\79368723\2ef66210e4726e3eef8ba7cb9bc4be442408906b\2ef66210e4726e3eef8ba7cb9bc4be442408906b_lupyne_79368723_20100102_022409_after_6.py
2ef66210e4726e3eef8ba7cb9bc4be442408906b,lupyne,79368723,2010-01-02 02:24:09,+0000,server.py,MODIFY,37,10,PythonFiles\lupyne\79368723\2ef66210e4726e3eef8ba7cb9bc4be442408906b\2ef66210e4726e3eef8ba7cb9bc4be442408906b_lupyne_79368723_20100102_022409_before_7.py,PythonFiles\lupyne\79368723\2ef66210e4726e3eef8ba7cb9bc4be442408906b\2ef66210e4726e3eef8ba7cb9bc4be442408906b_lupyne_79368723_20100102_022409_after_7.py
2ef66210e4726e3eef8ba7cb9bc4be442408906b,lupyne,79368723,2010-01-02 02:24:09,+0000,remote.py,MODIFY,7,0,PythonFiles\lupyne\79368723\2ef66210e4726e3eef8ba7cb9bc4be442408906b\2ef66210e4726e3eef8ba7cb9bc4be442408906b_lupyne_79368723_20100102_022409_before_8.py,PythonFiles\lupyne\79368723\2ef66210e4726e3eef8ba7cb9bc4be442408906b\2ef66210e4726e3eef8ba7cb9bc4be442408906b_lupyne_79368723_20100102_022409_after_8.py
43fd08d631205946ea0c852e8832bb3cd6776fb3,lupyne,79368723,2010-01-08 04:15:05,+0000,indexers.py,MODIFY,14,21,PythonFiles\lupyne\79368723\43fd08d631205946ea0c852e8832bb3cd6776fb3\43fd08d631205946ea0c852e8832bb3cd6776fb3_lupyne_79368723_20100108_041505_before_9.py,PythonFiles\lupyne\79368723\43fd08d631205946ea0c852e8832bb3cd6776fb3\43fd08d631205946ea0c852e8832bb3cd6776fb3_lupyne_79368723_20100108_041505_after_9.py
43fd08d631205946ea0c852e8832bb3cd6776fb3,lupyne,79368723,2010-01-08 04:15:05,+0000,queries.py,MODIFY,34,0,PythonFiles\lupyne\79368723\43fd08d631205946ea0c852e8832bb3cd6776fb3\43fd08d631205946ea0c852e8832bb3cd6776fb3_lupyne_79368723_20100108_041505_before_10.py,PythonFiles\lupyne\79368723\43fd08d631205946ea0c852e8832bb3cd6776fb3\43fd08d631205946ea0c852e8832bb3cd6776fb3_lupyne_79368723_20100108_041505_after_10.py
43fd08d631205946ea0c852e8832bb3cd6776fb3,lupyne,79368723,2010-01-08 04:15:05,+0000,server.py,MODIFY,25,14,PythonFiles\lupyne\79368723\43fd08d631205946ea0c852e8832bb3cd6776fb3\43fd08d631205946ea0c852e8832bb3cd6776fb3_lupyne_79368723_20100108_041505_before_11.py,PythonFiles\lupyne\79368723\43fd08d631205946ea0c852e8832bb3cd6776fb3\43fd08d631205946ea0c852e8832bb3cd6776fb3_lupyne_79368723_20100108_041505_after_11.py
43fd08d631205946ea0c852e8832bb3cd6776fb3,lupyne,79368723,2010-01-08 04:15:05,+0000,local.py,MODIFY,7,2,PythonFiles\lupyne\79368723\43fd08d631205946ea0c852e8832bb3cd6776fb3\43fd08d631205946ea0c852e8832bb3cd6776fb3_lupyne_79368723_20100108_041505_before_12.py,PythonFiles\lupyne\79368723\43fd08d631205946ea0c852e8832bb3cd6776fb3\43fd08d631205946ea0c852e8832bb3cd6776fb3_lupyne_79368723_20100108_041505_after_12.py
43fd08d631205946ea0c852e8832bb3cd6776fb3,lupyne,79368723,2010-01-08 04:15:05,+0000,remote.py,MODIFY,13,2,PythonFiles\lupyne\79368723\43fd08d631205946ea0c852e8832bb3cd6776fb3\43fd08d631205946ea0c852e8832bb3cd6776fb3_lupyne_79368723_20100108_041505_before_13.py,PythonFiles\lupyne\79368723\43fd08d631205946ea0c852e8832bb3cd6776fb3\43fd08d631205946ea0c852e8832bb3cd6776fb3_lupyne_79368723_20100108_041505_after_13.py
2ee14d0a69ab46d93f4b25d5c5e03c981dd88e80,lupyne,79368723,2010-01-13 23:59:29,+0000,indexers.py,MODIFY,6,5,PythonFiles\lupyne\79368723\2ee14d0a69ab46d93f4b25d5c5e03c981dd88e80\2ee14d0a69ab46d93f4b25d5c5e03c981dd88e80_lupyne_79368723_20100113_235929_before_1.py,PythonFiles\lupyne\79368723\2ee14d0a69ab46d93f4b25d5c5e03c981dd88e80\2ee14d0a69ab46d93f4b25d5c5e03c981dd88e80_lupyne_79368723_20100113_235929_after_1.py
2ee14d0a69ab46d93f4b25d5c5e03c981dd88e80,lupyne,79368723,2010-01-13 23:59:29,+0000,queries.py,MODIFY,1,0,PythonFiles\lupyne\79368723\2ee14d0a69ab46d93f4b25d5c5e03c981dd88e80\2ee14d0a69ab46d93f4b25d5c5e03c981dd88e80_lupyne_79368723_20100113_235929_before_2.py,PythonFiles\lupyne\79368723\2ee14d0a69ab46d93f4b25d5c5e03c981dd88e80\2ee14d0a69ab46d93f4b25d5c5e03c981dd88e80_lupyne_79368723_20100113_235929_after_2.py
2ee14d0a69ab46d93f4b25d5c5e03c981dd88e80,lupyne,79368723,2010-01-13 23:59:29,+0000,local.py,MODIFY,3,2,PythonFiles\lupyne\79368723\2ee14d0a69ab46d93f4b25d5c5e03c981dd88e80\2ee14d0a69ab46d93f4b25d5c5e03c981dd88e80_lupyne_79368723_20100113_235929_before_3.py,PythonFiles\lupyne\79368723\2ee14d0a69ab46d93f4b25d5c5e03c981dd88e80\2ee14d0a69ab46d93f4b25d5c5e03c981dd88e80_lupyne_79368723_20100113_235929_after_3.py
d69cfb928b7d8fd73e937771b0d97002c1ffed50,lupyne,79368723,2010-01-14 02:47:35,+0000,server.py,MODIFY,5,2,PythonFiles\lupyne\79368723\d69cfb928b7d8fd73e937771b0d97002c1ffed50\d69cfb928b7d8fd73e937771b0d97002c1ffed50_lupyne_79368723_20100114_024735_before_13.py,PythonFiles\lupyne\79368723\d69cfb928b7d8fd73e937771b0d97002c1ffed50\d69cfb928b7d8fd73e937771b0d97002c1ffed50_lupyne_79368723_20100114_024735_after_13.py
d69cfb928b7d8fd73e937771b0d97002c1ffed50,lupyne,79368723,2010-01-14 02:47:35,+0000,remote.py,MODIFY,11,0,PythonFiles\lupyne\79368723\d69cfb928b7d8fd73e937771b0d97002c1ffed50\d69cfb928b7d8fd73e937771b0d97002c1ffed50_lupyne_79368723_20100114_024735_before_14.py,PythonFiles\lupyne\79368723\d69cfb928b7d8fd73e937771b0d97002c1ffed50\d69cfb928b7d8fd73e937771b0d97002c1ffed50_lupyne_79368723_20100114_024735_after_14.py
acbcbd8464358552895563360866bb31edb15b40,lupyne,79368723,2010-01-15 04:56:05,+0000,server.py,MODIFY,8,6,PythonFiles\lupyne\79368723\acbcbd8464358552895563360866bb31edb15b40\acbcbd8464358552895563360866bb31edb15b40_lupyne_79368723_20100115_045605_before_4.py,PythonFiles\lupyne\79368723\acbcbd8464358552895563360866bb31edb15b40\acbcbd8464358552895563360866bb31edb15b40_lupyne_79368723_20100115_045605_after_4.py
acbcbd8464358552895563360866bb31edb15b40,lupyne,79368723,2010-01-15 04:56:05,+0000,remote.py,MODIFY,3,1,PythonFiles\lupyne\79368723\acbcbd8464358552895563360866bb31edb15b40\acbcbd8464358552895563360866bb31edb15b40_lupyne_79368723_20100115_045605_before_5.py,PythonFiles\lupyne\79368723\acbcbd8464358552895563360866bb31edb15b40\acbcbd8464358552895563360866bb31edb15b40_lupyne_79368723_20100115_045605_after_5.py
f6a14715b7ba51a2bf2af2dbbedce3a1159aebfb,lupyne,79368723,2010-02-17 19:26:20,+0000,indexers.py,MODIFY,1,1,PythonFiles\lupyne\79368723\f6a14715b7ba51a2bf2af2dbbedce3a1159aebfb\f6a14715b7ba51a2bf2af2dbbedce3a1159aebfb_lupyne_79368723_20100217_192620_before_1.py,PythonFiles\lupyne\79368723\f6a14715b7ba51a2bf2af2dbbedce3a1159aebfb\f6a14715b7ba51a2bf2af2dbbedce3a1159aebfb_lupyne_79368723_20100217_192620_after_1.py
f6a14715b7ba51a2bf2af2dbbedce3a1159aebfb,lupyne,79368723,2010-02-17 19:26:20,+0000,local.py,MODIFY,3,0,PythonFiles\lupyne\79368723\f6a14715b7ba51a2bf2af2dbbedce3a1159aebfb\f6a14715b7ba51a2bf2af2dbbedce3a1159aebfb_lupyne_79368723_20100217_192620_before_2.py,PythonFiles\lupyne\79368723\f6a14715b7ba51a2bf2af2dbbedce3a1159aebfb\f6a14715b7ba51a2bf2af2dbbedce3a1159aebfb_lupyne_79368723_20100217_192620_after_2.py
612e1be6f5e09765798566de283732f2fcad1858,lupyne,79368723,2010-02-17 20:51:12,+0000,queries.py,MODIFY,11,4,PythonFiles\lupyne\79368723\612e1be6f5e09765798566de283732f2fcad1858\612e1be6f5e09765798566de283732f2fcad1858_lupyne_79368723_20100217_205112_before_7.py,PythonFiles\lupyne\79368723\612e1be6f5e09765798566de283732f2fcad1858\612e1be6f5e09765798566de283732f2fcad1858_lupyne_79368723_20100217_205112_after_7.py
612e1be6f5e09765798566de283732f2fcad1858,lupyne,79368723,2010-02-17 20:51:12,+0000,local.py,MODIFY,9,9,PythonFiles\lupyne\79368723\612e1be6f5e09765798566de283732f2fcad1858\612e1be6f5e09765798566de283732f2fcad1858_lupyne_79368723_20100217_205112_before_8.py,PythonFiles\lupyne\79368723\612e1be6f5e09765798566de283732f2fcad1858\612e1be6f5e09765798566de283732f2fcad1858_lupyne_79368723_20100217_205112_after_8.py
22a58e30bfbaabbdccd162d326a33cc936f3c3c0,lupyne,79368723,2010-02-17 23:59:25,+0000,client.py,MODIFY,5,4,PythonFiles\lupyne\79368723\22a58e30bfbaabbdccd162d326a33cc936f3c3c0\22a58e30bfbaabbdccd162d326a33cc936f3c3c0_lupyne_79368723_20100217_235925_before_1.py,PythonFiles\lupyne\79368723\22a58e30bfbaabbdccd162d326a33cc936f3c3c0\22a58e30bfbaabbdccd162d326a33cc936f3c3c0_lupyne_79368723_20100217_235925_after_1.py
22a58e30bfbaabbdccd162d326a33cc936f3c3c0,lupyne,79368723,2010-02-17 23:59:25,+0000,distributed.py,MODIFY,2,0,PythonFiles\lupyne\79368723\22a58e30bfbaabbdccd162d326a33cc936f3c3c0\22a58e30bfbaabbdccd162d326a33cc936f3c3c0_lupyne_79368723_20100217_235925_before_2.py,PythonFiles\lupyne\79368723\22a58e30bfbaabbdccd162d326a33cc936f3c3c0\22a58e30bfbaabbdccd162d326a33cc936f3c3c0_lupyne_79368723_20100217_235925_after_2.py
8052b6355533fca51e8e9c69faf8c6811f147fab,lupyne,79368723,2010-02-18 03:05:08,+0000,server.py,MODIFY,7,7,PythonFiles\lupyne\79368723\8052b6355533fca51e8e9c69faf8c6811f147fab\8052b6355533fca51e8e9c69faf8c6811f147fab_lupyne_79368723_20100218_030508_before_4.py,PythonFiles\lupyne\79368723\8052b6355533fca51e8e9c69faf8c6811f147fab\8052b6355533fca51e8e9c69faf8c6811f147fab_lupyne_79368723_20100218_030508_after_4.py
8052b6355533fca51e8e9c69faf8c6811f147fab,lupyne,79368723,2010-02-18 03:05:08,+0000,remote.py,MODIFY,2,0,PythonFiles\lupyne\79368723\8052b6355533fca51e8e9c69faf8c6811f147fab\8052b6355533fca51e8e9c69faf8c6811f147fab_lupyne_79368723_20100218_030508_before_5.py,PythonFiles\lupyne\79368723\8052b6355533fca51e8e9c69faf8c6811f147fab\8052b6355533fca51e8e9c69faf8c6811f147fab_lupyne_79368723_20100218_030508_after_5.py
c77ef005fc1b8b3370b770612ce2bfef82ddb690,lupyne,79368723,2010-02-24 02:53:02,+0000,server.py,MODIFY,12,8,PythonFiles\lupyne\79368723\c77ef005fc1b8b3370b770612ce2bfef82ddb690\c77ef005fc1b8b3370b770612ce2bfef82ddb690_lupyne_79368723_20100224_025302_before_1.py,PythonFiles\lupyne\79368723\c77ef005fc1b8b3370b770612ce2bfef82ddb690\c77ef005fc1b8b3370b770612ce2bfef82ddb690_lupyne_79368723_20100224_025302_after_1.py
e58c07372c28a1c64b00c18511eced915904be40,lupyne,79368723,2010-02-25 03:01:08,+0000,server.py,MODIFY,23,7,PythonFiles\lupyne\79368723\e58c07372c28a1c64b00c18511eced915904be40\e58c07372c28a1c64b00c18511eced915904be40_lupyne_79368723_20100225_030108_before_4.py,PythonFiles\lupyne\79368723\e58c07372c28a1c64b00c18511eced915904be40\e58c07372c28a1c64b00c18511eced915904be40_lupyne_79368723_20100225_030108_after_4.py
e58c07372c28a1c64b00c18511eced915904be40,lupyne,79368723,2010-02-25 03:01:08,+0000,remote.py,MODIFY,9,3,PythonFiles\lupyne\79368723\e58c07372c28a1c64b00c18511eced915904be40\e58c07372c28a1c64b00c18511eced915904be40_lupyne_79368723_20100225_030108_before_5.py,PythonFiles\lupyne\79368723\e58c07372c28a1c64b00c18511eced915904be40\e58c07372c28a1c64b00c18511eced915904be40_lupyne_79368723_20100225_030108_after_5.py
340e9b97386882edef05914c36a07d46ef9473c2,lupyne,79368723,2010-03-02 01:59:23,+0000,__init__.py,MODIFY,4,0,PythonFiles\lupyne\79368723\340e9b97386882edef05914c36a07d46ef9473c2\340e9b97386882edef05914c36a07d46ef9473c2_lupyne_79368723_20100302_015923_before_1.py,PythonFiles\lupyne\79368723\340e9b97386882edef05914c36a07d46ef9473c2\340e9b97386882edef05914c36a07d46ef9473c2_lupyne_79368723_20100302_015923_after_1.py
340e9b97386882edef05914c36a07d46ef9473c2,lupyne,79368723,2010-03-02 01:59:23,+0000,remote.py,MODIFY,3,1,PythonFiles\lupyne\79368723\340e9b97386882edef05914c36a07d46ef9473c2\340e9b97386882edef05914c36a07d46ef9473c2_lupyne_79368723_20100302_015923_before_2.py,PythonFiles\lupyne\79368723\340e9b97386882edef05914c36a07d46ef9473c2\340e9b97386882edef05914c36a07d46ef9473c2_lupyne_79368723_20100302_015923_after_2.py
4134b56ec5cdb4c5841875bed7a3a6c304116f93,lupyne,79368723,2010-03-03 01:00:09,+0000,indexers.py,MODIFY,23,13,PythonFiles\lupyne\79368723\4134b56ec5cdb4c5841875bed7a3a6c304116f93\4134b56ec5cdb4c5841875bed7a3a6c304116f93_lupyne_79368723_20100303_010009_before_6.py,PythonFiles\lupyne\79368723\4134b56ec5cdb4c5841875bed7a3a6c304116f93\4134b56ec5cdb4c5841875bed7a3a6c304116f93_lupyne_79368723_20100303_010009_after_6.py
4134b56ec5cdb4c5841875bed7a3a6c304116f93,lupyne,79368723,2010-03-03 01:00:09,+0000,server.py,MODIFY,14,1,PythonFiles\lupyne\79368723\4134b56ec5cdb4c5841875bed7a3a6c304116f93\4134b56ec5cdb4c5841875bed7a3a6c304116f93_lupyne_79368723_20100303_010009_before_7.py,PythonFiles\lupyne\79368723\4134b56ec5cdb4c5841875bed7a3a6c304116f93\4134b56ec5cdb4c5841875bed7a3a6c304116f93_lupyne_79368723_20100303_010009_after_7.py
4134b56ec5cdb4c5841875bed7a3a6c304116f93,lupyne,79368723,2010-03-03 01:00:09,+0000,local.py,MODIFY,3,0,PythonFiles\lupyne\79368723\4134b56ec5cdb4c5841875bed7a3a6c304116f93\4134b56ec5cdb4c5841875bed7a3a6c304116f93_lupyne_79368723_20100303_010009_before_8.py,PythonFiles\lupyne\79368723\4134b56ec5cdb4c5841875bed7a3a6c304116f93\4134b56ec5cdb4c5841875bed7a3a6c304116f93_lupyne_79368723_20100303_010009_after_8.py
4134b56ec5cdb4c5841875bed7a3a6c304116f93,lupyne,79368723,2010-03-03 01:00:09,+0000,remote.py,MODIFY,14,6,PythonFiles\lupyne\79368723\4134b56ec5cdb4c5841875bed7a3a6c304116f93\4134b56ec5cdb4c5841875bed7a3a6c304116f93_lupyne_79368723_20100303_010009_before_9.py,PythonFiles\lupyne\79368723\4134b56ec5cdb4c5841875bed7a3a6c304116f93\4134b56ec5cdb4c5841875bed7a3a6c304116f93_lupyne_79368723_20100303_010009_after_9.py
e47b42542ff33c1cbb4c8323072023c55e9fd321,lupyne,79368723,2010-03-04 04:09:18,+0000,conf.py,MODIFY,2,2,PythonFiles\lupyne\79368723\e47b42542ff33c1cbb4c8323072023c55e9fd321\e47b42542ff33c1cbb4c8323072023c55e9fd321_lupyne_79368723_20100304_040918_before_13.py,PythonFiles\lupyne\79368723\e47b42542ff33c1cbb4c8323072023c55e9fd321\e47b42542ff33c1cbb4c8323072023c55e9fd321_lupyne_79368723_20100304_040918_after_13.py
e47b42542ff33c1cbb4c8323072023c55e9fd321,lupyne,79368723,2010-03-04 04:09:18,+0000,setup.py,MODIFY,21,13,PythonFiles\lupyne\79368723\e47b42542ff33c1cbb4c8323072023c55e9fd321\e47b42542ff33c1cbb4c8323072023c55e9fd321_lupyne_79368723_20100304_040918_before_14.py,PythonFiles\lupyne\79368723\e47b42542ff33c1cbb4c8323072023c55e9fd321\e47b42542ff33c1cbb4c8323072023c55e9fd321_lupyne_79368723_20100304_040918_after_14.py
c8e467a23f89b4a1345219c4fb1759da1bee0b47,lupyne,79368723,2010-03-05 01:09:22,+0000,conf.py,MODIFY,1,1,PythonFiles\lupyne\79368723\c8e467a23f89b4a1345219c4fb1759da1bee0b47\c8e467a23f89b4a1345219c4fb1759da1bee0b47_lupyne_79368723_20100305_010922_before_1.py,PythonFiles\lupyne\79368723\c8e467a23f89b4a1345219c4fb1759da1bee0b47\c8e467a23f89b4a1345219c4fb1759da1bee0b47_lupyne_79368723_20100305_010922_after_1.py
c8e467a23f89b4a1345219c4fb1759da1bee0b47,lupyne,79368723,2010-03-05 01:09:22,+0000,server.py,MODIFY,4,1,PythonFiles\lupyne\79368723\c8e467a23f89b4a1345219c4fb1759da1bee0b47\c8e467a23f89b4a1345219c4fb1759da1bee0b47_lupyne_79368723_20100305_010922_before_2.py,PythonFiles\lupyne\79368723\c8e467a23f89b4a1345219c4fb1759da1bee0b47\c8e467a23f89b4a1345219c4fb1759da1bee0b47_lupyne_79368723_20100305_010922_after_2.py
c8e467a23f89b4a1345219c4fb1759da1bee0b47,lupyne,79368723,2010-03-05 01:09:22,+0000,setup.py,MODIFY,1,1,PythonFiles\lupyne\79368723\c8e467a23f89b4a1345219c4fb1759da1bee0b47\c8e467a23f89b4a1345219c4fb1759da1bee0b47_lupyne_79368723_20100305_010922_before_3.py,PythonFiles\lupyne\79368723\c8e467a23f89b4a1345219c4fb1759da1bee0b47\c8e467a23f89b4a1345219c4fb1759da1bee0b47_lupyne_79368723_20100305_010922_after_3.py
c8e467a23f89b4a1345219c4fb1759da1bee0b47,lupyne,79368723,2010-03-05 01:09:22,+0000,remote.py,MODIFY,2,2,PythonFiles\lupyne\79368723\c8e467a23f89b4a1345219c4fb1759da1bee0b47\c8e467a23f89b4a1345219c4fb1759da1bee0b47_lupyne_79368723_20100305_010922_before_4.py,PythonFiles\lupyne\79368723\c8e467a23f89b4a1345219c4fb1759da1bee0b47\c8e467a23f89b4a1345219c4fb1759da1bee0b47_lupyne_79368723_20100305_010922_after_4.py
3ab52fdd0aa77c117cabc8ccf22f0f7109d87b1d,lupyne,79368723,2010-03-16 01:18:31,+0000,server.py,MODIFY,7,7,PythonFiles\lupyne\79368723\3ab52fdd0aa77c117cabc8ccf22f0f7109d87b1d\3ab52fdd0aa77c117cabc8ccf22f0f7109d87b1d_lupyne_79368723_20100316_011831_before_1.py,PythonFiles\lupyne\79368723\3ab52fdd0aa77c117cabc8ccf22f0f7109d87b1d\3ab52fdd0aa77c117cabc8ccf22f0f7109d87b1d_lupyne_79368723_20100316_011831_after_1.py
3ab52fdd0aa77c117cabc8ccf22f0f7109d87b1d,lupyne,79368723,2010-03-16 01:18:31,+0000,local.py,MODIFY,1,2,PythonFiles\lupyne\79368723\3ab52fdd0aa77c117cabc8ccf22f0f7109d87b1d\3ab52fdd0aa77c117cabc8ccf22f0f7109d87b1d_lupyne_79368723_20100316_011831_before_2.py,PythonFiles\lupyne\79368723\3ab52fdd0aa77c117cabc8ccf22f0f7109d87b1d\3ab52fdd0aa77c117cabc8ccf22f0f7109d87b1d_lupyne_79368723_20100316_011831_after_2.py
3ab52fdd0aa77c117cabc8ccf22f0f7109d87b1d,lupyne,79368723,2010-03-16 01:18:31,+0000,remote.py,MODIFY,3,1,PythonFiles\lupyne\79368723\3ab52fdd0aa77c117cabc8ccf22f0f7109d87b1d\3ab52fdd0aa77c117cabc8ccf22f0f7109d87b1d_lupyne_79368723_20100316_011831_before_3.py,PythonFiles\lupyne\79368723\3ab52fdd0aa77c117cabc8ccf22f0f7109d87b1d\3ab52fdd0aa77c117cabc8ccf22f0f7109d87b1d_lupyne_79368723_20100316_011831_after_3.py
68e1c89867031a7823fbbd5201d30f25e46fc311,lupyne,79368723,2010-03-18 00:39:00,+0000,server.py,MODIFY,31,11,PythonFiles\lupyne\79368723\68e1c89867031a7823fbbd5201d30f25e46fc311\68e1c89867031a7823fbbd5201d30f25e46fc311_lupyne_79368723_20100318_003900_before_14.py,PythonFiles\lupyne\79368723\68e1c89867031a7823fbbd5201d30f25e46fc311\68e1c89867031a7823fbbd5201d30f25e46fc311_lupyne_79368723_20100318_003900_after_14.py
68e1c89867031a7823fbbd5201d30f25e46fc311,lupyne,79368723,2010-03-18 00:39:00,+0000,remote.py,MODIFY,3,2,PythonFiles\lupyne\79368723\68e1c89867031a7823fbbd5201d30f25e46fc311\68e1c89867031a7823fbbd5201d30f25e46fc311_lupyne_79368723_20100318_003900_before_15.py,PythonFiles\lupyne\79368723\68e1c89867031a7823fbbd5201d30f25e46fc311\68e1c89867031a7823fbbd5201d30f25e46fc311_lupyne_79368723_20100318_003900_after_15.py
dc38b89cb9ee35f7788bf3771cd4f420ac16d061,lupyne,79368723,2010-03-22 21:26:00,+0000,server.py,MODIFY,3,1,PythonFiles\lupyne\79368723\dc38b89cb9ee35f7788bf3771cd4f420ac16d061\dc38b89cb9ee35f7788bf3771cd4f420ac16d061_lupyne_79368723_20100322_212600_before_1.py,PythonFiles\lupyne\79368723\dc38b89cb9ee35f7788bf3771cd4f420ac16d061\dc38b89cb9ee35f7788bf3771cd4f420ac16d061_lupyne_79368723_20100322_212600_after_1.py
186910cbf035e7325b5bb323df7c440860efb002,lupyne,79368723,2010-03-27 19:08:22,+0000,__main__.py,MODIFY,8,4,PythonFiles\lupyne\79368723\186910cbf035e7325b5bb323df7c440860efb002\186910cbf035e7325b5bb323df7c440860efb002_lupyne_79368723_20100327_190822_before_1.py,PythonFiles\lupyne\79368723\186910cbf035e7325b5bb323df7c440860efb002\186910cbf035e7325b5bb323df7c440860efb002_lupyne_79368723_20100327_190822_after_1.py
186910cbf035e7325b5bb323df7c440860efb002,lupyne,79368723,2010-03-27 19:08:22,+0000,local.py,MODIFY,1,4,PythonFiles\lupyne\79368723\186910cbf035e7325b5bb323df7c440860efb002\186910cbf035e7325b5bb323df7c440860efb002_lupyne_79368723_20100327_190822_before_2.py,PythonFiles\lupyne\79368723\186910cbf035e7325b5bb323df7c440860efb002\186910cbf035e7325b5bb323df7c440860efb002_lupyne_79368723_20100327_190822_after_2.py
186910cbf035e7325b5bb323df7c440860efb002,lupyne,79368723,2010-03-27 19:08:22,+0000,remote.py,MODIFY,4,2,PythonFiles\lupyne\79368723\186910cbf035e7325b5bb323df7c440860efb002\186910cbf035e7325b5bb323df7c440860efb002_lupyne_79368723_20100327_190822_before_3.py,PythonFiles\lupyne\79368723\186910cbf035e7325b5bb323df7c440860efb002\186910cbf035e7325b5bb323df7c440860efb002_lupyne_79368723_20100327_190822_after_3.py
fc88355dc40acbe8c99e7a9d9db9e2719e2886b8,lupyne,79368723,2010-03-30 18:23:20,+0000,documents.py,MODIFY,2,2,PythonFiles\lupyne\79368723\fc88355dc40acbe8c99e7a9d9db9e2719e2886b8\fc88355dc40acbe8c99e7a9d9db9e2719e2886b8_lupyne_79368723_20100330_182320_before_1.py,PythonFiles\lupyne\79368723\fc88355dc40acbe8c99e7a9d9db9e2719e2886b8\fc88355dc40acbe8c99e7a9d9db9e2719e2886b8_lupyne_79368723_20100330_182320_after_1.py
fc88355dc40acbe8c99e7a9d9db9e2719e2886b8,lupyne,79368723,2010-03-30 18:23:20,+0000,distributed.py,MODIFY,1,1,PythonFiles\lupyne\79368723\fc88355dc40acbe8c99e7a9d9db9e2719e2886b8\fc88355dc40acbe8c99e7a9d9db9e2719e2886b8_lupyne_79368723_20100330_182320_before_2.py,PythonFiles\lupyne\79368723\fc88355dc40acbe8c99e7a9d9db9e2719e2886b8\fc88355dc40acbe8c99e7a9d9db9e2719e2886b8_lupyne_79368723_20100330_182320_after_2.py
fc88355dc40acbe8c99e7a9d9db9e2719e2886b8,lupyne,79368723,2010-03-30 18:23:20,+0000,local.py,MODIFY,2,2,PythonFiles\lupyne\79368723\fc88355dc40acbe8c99e7a9d9db9e2719e2886b8\fc88355dc40acbe8c99e7a9d9db9e2719e2886b8_lupyne_79368723_20100330_182320_before_3.py,PythonFiles\lupyne\79368723\fc88355dc40acbe8c99e7a9d9db9e2719e2886b8\fc88355dc40acbe8c99e7a9d9db9e2719e2886b8_lupyne_79368723_20100330_182320_after_3.py
fc88355dc40acbe8c99e7a9d9db9e2719e2886b8,lupyne,79368723,2010-03-30 18:23:20,+0000,remote.py,MODIFY,5,5,PythonFiles\lupyne\79368723\fc88355dc40acbe8c99e7a9d9db9e2719e2886b8\fc88355dc40acbe8c99e7a9d9db9e2719e2886b8_lupyne_79368723_20100330_182320_before_4.py,PythonFiles\lupyne\79368723\fc88355dc40acbe8c99e7a9d9db9e2719e2886b8\fc88355dc40acbe8c99e7a9d9db9e2719e2886b8_lupyne_79368723_20100330_182320_after_4.py
707d8caf207081765952e02c9f068bdfce7788ab,lupyne,79368723,2010-03-31 22:12:21,+0000,indexers.py,MODIFY,11,2,PythonFiles\lupyne\79368723\707d8caf207081765952e02c9f068bdfce7788ab\707d8caf207081765952e02c9f068bdfce7788ab_lupyne_79368723_20100331_221221_before_5.py,PythonFiles\lupyne\79368723\707d8caf207081765952e02c9f068bdfce7788ab\707d8caf207081765952e02c9f068bdfce7788ab_lupyne_79368723_20100331_221221_after_5.py
707d8caf207081765952e02c9f068bdfce7788ab,lupyne,79368723,2010-03-31 22:12:21,+0000,queries.py,MODIFY,9,3,PythonFiles\lupyne\79368723\707d8caf207081765952e02c9f068bdfce7788ab\707d8caf207081765952e02c9f068bdfce7788ab_lupyne_79368723_20100331_221221_before_6.py,PythonFiles\lupyne\79368723\707d8caf207081765952e02c9f068bdfce7788ab\707d8caf207081765952e02c9f068bdfce7788ab_lupyne_79368723_20100331_221221_after_6.py
707d8caf207081765952e02c9f068bdfce7788ab,lupyne,79368723,2010-03-31 22:12:21,+0000,local.py,MODIFY,12,1,PythonFiles\lupyne\79368723\707d8caf207081765952e02c9f068bdfce7788ab\707d8caf207081765952e02c9f068bdfce7788ab_lupyne_79368723_20100331_221221_before_7.py,PythonFiles\lupyne\79368723\707d8caf207081765952e02c9f068bdfce7788ab\707d8caf207081765952e02c9f068bdfce7788ab_lupyne_79368723_20100331_221221_after_7.py
d98a1306b56915d9e2ac7e9d96f5cfb9a1e564fd,lupyne,79368723,2010-04-10 22:35:31,+0000,server.py,MODIFY,20,13,PythonFiles\lupyne\79368723\d98a1306b56915d9e2ac7e9d96f5cfb9a1e564fd\d98a1306b56915d9e2ac7e9d96f5cfb9a1e564fd_lupyne_79368723_20100410_223531_before_8.py,PythonFiles\lupyne\79368723\d98a1306b56915d9e2ac7e9d96f5cfb9a1e564fd\d98a1306b56915d9e2ac7e9d96f5cfb9a1e564fd_lupyne_79368723_20100410_223531_after_8.py
d98a1306b56915d9e2ac7e9d96f5cfb9a1e564fd,lupyne,79368723,2010-04-10 22:35:31,+0000,remote.py,MODIFY,8,4,PythonFiles\lupyne\79368723\d98a1306b56915d9e2ac7e9d96f5cfb9a1e564fd\d98a1306b56915d9e2ac7e9d96f5cfb9a1e564fd_lupyne_79368723_20100410_223531_before_9.py,PythonFiles\lupyne\79368723\d98a1306b56915d9e2ac7e9d96f5cfb9a1e564fd\d98a1306b56915d9e2ac7e9d96f5cfb9a1e564fd_lupyne_79368723_20100410_223531_after_9.py
61ed341fb3f46995496c4689e46fc9678e8a7141,lupyne,79368723,2010-04-11 18:30:54,+0000,documents.py,MODIFY,6,3,PythonFiles\lupyne\79368723\61ed341fb3f46995496c4689e46fc9678e8a7141\61ed341fb3f46995496c4689e46fc9678e8a7141_lupyne_79368723_20100411_183054_before_7.py,PythonFiles\lupyne\79368723\61ed341fb3f46995496c4689e46fc9678e8a7141\61ed341fb3f46995496c4689e46fc9678e8a7141_lupyne_79368723_20100411_183054_after_7.py
61ed341fb3f46995496c4689e46fc9678e8a7141,lupyne,79368723,2010-04-11 18:30:54,+0000,indexers.py,MODIFY,3,0,PythonFiles\lupyne\79368723\61ed341fb3f46995496c4689e46fc9678e8a7141\61ed341fb3f46995496c4689e46fc9678e8a7141_lupyne_79368723_20100411_183054_before_8.py,PythonFiles\lupyne\79368723\61ed341fb3f46995496c4689e46fc9678e8a7141\61ed341fb3f46995496c4689e46fc9678e8a7141_lupyne_79368723_20100411_183054_after_8.py
61ed341fb3f46995496c4689e46fc9678e8a7141,lupyne,79368723,2010-04-11 18:30:54,+0000,server.py,MODIFY,7,4,PythonFiles\lupyne\79368723\61ed341fb3f46995496c4689e46fc9678e8a7141\61ed341fb3f46995496c4689e46fc9678e8a7141_lupyne_79368723_20100411_183054_before_9.py,PythonFiles\lupyne\79368723\61ed341fb3f46995496c4689e46fc9678e8a7141\61ed341fb3f46995496c4689e46fc9678e8a7141_lupyne_79368723_20100411_183054_after_9.py
61ed341fb3f46995496c4689e46fc9678e8a7141,lupyne,79368723,2010-04-11 18:30:54,+0000,local.py,MODIFY,1,0,PythonFiles\lupyne\79368723\61ed341fb3f46995496c4689e46fc9678e8a7141\61ed341fb3f46995496c4689e46fc9678e8a7141_lupyne_79368723_20100411_183054_before_10.py,PythonFiles\lupyne\79368723\61ed341fb3f46995496c4689e46fc9678e8a7141\61ed341fb3f46995496c4689e46fc9678e8a7141_lupyne_79368723_20100411_183054_after_10.py
61ed341fb3f46995496c4689e46fc9678e8a7141,lupyne,79368723,2010-04-11 18:30:54,+0000,remote.py,MODIFY,1,1,PythonFiles\lupyne\79368723\61ed341fb3f46995496c4689e46fc9678e8a7141\61ed341fb3f46995496c4689e46fc9678e8a7141_lupyne_79368723_20100411_183054_before_11.py,PythonFiles\lupyne\79368723\61ed341fb3f46995496c4689e46fc9678e8a7141\61ed341fb3f46995496c4689e46fc9678e8a7141_lupyne_79368723_20100411_183054_after_11.py
81bf568c9203bd1747d64dafc485ee3a0924a23b,lupyne,79368723,2010-04-13 01:20:28,+0000,server.py,MODIFY,3,3,PythonFiles\lupyne\79368723\81bf568c9203bd1747d64dafc485ee3a0924a23b\81bf568c9203bd1747d64dafc485ee3a0924a23b_lupyne_79368723_20100413_012028_before_1.py,PythonFiles\lupyne\79368723\81bf568c9203bd1747d64dafc485ee3a0924a23b\81bf568c9203bd1747d64dafc485ee3a0924a23b_lupyne_79368723_20100413_012028_after_1.py
81bf568c9203bd1747d64dafc485ee3a0924a23b,lupyne,79368723,2010-04-13 01:20:28,+0000,remote.py,MODIFY,3,1,PythonFiles\lupyne\79368723\81bf568c9203bd1747d64dafc485ee3a0924a23b\81bf568c9203bd1747d64dafc485ee3a0924a23b_lupyne_79368723_20100413_012028_before_2.py,PythonFiles\lupyne\79368723\81bf568c9203bd1747d64dafc485ee3a0924a23b\81bf568c9203bd1747d64dafc485ee3a0924a23b_lupyne_79368723_20100413_012028_after_2.py
e171b9bca02cbcec56a0322e29ea90b60e1158c6,lupyne,79368723,2010-04-17 01:39:27,+0000,queries.py,MODIFY,4,3,PythonFiles\lupyne\79368723\e171b9bca02cbcec56a0322e29ea90b60e1158c6\e171b9bca02cbcec56a0322e29ea90b60e1158c6_lupyne_79368723_20100417_013927_before_4.py,PythonFiles\lupyne\79368723\e171b9bca02cbcec56a0322e29ea90b60e1158c6\e171b9bca02cbcec56a0322e29ea90b60e1158c6_lupyne_79368723_20100417_013927_after_4.py
e171b9bca02cbcec56a0322e29ea90b60e1158c6,lupyne,79368723,2010-04-17 01:39:27,+0000,local.py,MODIFY,2,0,PythonFiles\lupyne\79368723\e171b9bca02cbcec56a0322e29ea90b60e1158c6\e171b9bca02cbcec56a0322e29ea90b60e1158c6_lupyne_79368723_20100417_013927_before_5.py,PythonFiles\lupyne\79368723\e171b9bca02cbcec56a0322e29ea90b60e1158c6\e171b9bca02cbcec56a0322e29ea90b60e1158c6_lupyne_79368723_20100417_013927_after_5.py
2712776cd83207c48d72c0ed14b918f6fbaba7bb,lupyne,79368723,2010-04-28 19:16:12,+0000,documents.py,MODIFY,2,5,PythonFiles\lupyne\79368723\2712776cd83207c48d72c0ed14b918f6fbaba7bb\2712776cd83207c48d72c0ed14b918f6fbaba7bb_lupyne_79368723_20100428_191612_before_7.py,PythonFiles\lupyne\79368723\2712776cd83207c48d72c0ed14b918f6fbaba7bb\2712776cd83207c48d72c0ed14b918f6fbaba7bb_lupyne_79368723_20100428_191612_after_7.py
2712776cd83207c48d72c0ed14b918f6fbaba7bb,lupyne,79368723,2010-04-28 19:16:12,+0000,indexers.py,MODIFY,2,1,PythonFiles\lupyne\79368723\2712776cd83207c48d72c0ed14b918f6fbaba7bb\2712776cd83207c48d72c0ed14b918f6fbaba7bb_lupyne_79368723_20100428_191612_before_8.py,PythonFiles\lupyne\79368723\2712776cd83207c48d72c0ed14b918f6fbaba7bb\2712776cd83207c48d72c0ed14b918f6fbaba7bb_lupyne_79368723_20100428_191612_after_8.py
2712776cd83207c48d72c0ed14b918f6fbaba7bb,lupyne,79368723,2010-04-28 19:16:12,+0000,local.py,MODIFY,2,1,PythonFiles\lupyne\79368723\2712776cd83207c48d72c0ed14b918f6fbaba7bb\2712776cd83207c48d72c0ed14b918f6fbaba7bb_lupyne_79368723_20100428_191612_before_9.py,PythonFiles\lupyne\79368723\2712776cd83207c48d72c0ed14b918f6fbaba7bb\2712776cd83207c48d72c0ed14b918f6fbaba7bb_lupyne_79368723_20100428_191612_after_9.py
b028139b4b46f965170d195a79bcded770422179,lupyne,79368723,2010-04-29 03:09:50,+0000,__main__.py,MODIFY,1,1,PythonFiles\lupyne\79368723\b028139b4b46f965170d195a79bcded770422179\b028139b4b46f965170d195a79bcded770422179_lupyne_79368723_20100429_030950_before_6.py,PythonFiles\lupyne\79368723\b028139b4b46f965170d195a79bcded770422179\b028139b4b46f965170d195a79bcded770422179_lupyne_79368723_20100429_030950_after_6.py
b028139b4b46f965170d195a79bcded770422179,lupyne,79368723,2010-04-29 03:09:50,+0000,numeric.py,ADD,63,0,,PythonFiles\lupyne\79368723\b028139b4b46f965170d195a79bcded770422179\b028139b4b46f965170d195a79bcded770422179_lupyne_79368723_20100429_030950_after_7.py
d561eded4970d50f83bce5ab3d709c492da498db,lupyne,79368723,2010-05-09 19:05:08,+0000,numeric.py,MODIFY,3,3,PythonFiles\lupyne\79368723\d561eded4970d50f83bce5ab3d709c492da498db\d561eded4970d50f83bce5ab3d709c492da498db_lupyne_79368723_20100509_190508_before_4.py,PythonFiles\lupyne\79368723\d561eded4970d50f83bce5ab3d709c492da498db\d561eded4970d50f83bce5ab3d709c492da498db_lupyne_79368723_20100509_190508_after_4.py
d561eded4970d50f83bce5ab3d709c492da498db,lupyne,79368723,2010-05-09 19:05:08,+0000,client.py,MODIFY,3,2,PythonFiles\lupyne\79368723\d561eded4970d50f83bce5ab3d709c492da498db\d561eded4970d50f83bce5ab3d709c492da498db_lupyne_79368723_20100509_190508_before_5.py,PythonFiles\lupyne\79368723\d561eded4970d50f83bce5ab3d709c492da498db\d561eded4970d50f83bce5ab3d709c492da498db_lupyne_79368723_20100509_190508_after_5.py
db1db759e0ac2dce736190bc6950060ee94199c5,lupyne,79368723,2010-05-26 19:41:53,+0000,sorting.py,MODIFY,8,9,PythonFiles\lupyne\79368723\db1db759e0ac2dce736190bc6950060ee94199c5\db1db759e0ac2dce736190bc6950060ee94199c5_lupyne_79368723_20100526_194153_before_1.py,PythonFiles\lupyne\79368723\db1db759e0ac2dce736190bc6950060ee94199c5\db1db759e0ac2dce736190bc6950060ee94199c5_lupyne_79368723_20100526_194153_after_1.py
32358abb66e78784627554aa5efa123d6fbeae1e,lupyne,79368723,2010-06-06 17:53:34,+0000,indexers.py,MODIFY,30,9,PythonFiles\lupyne\79368723\32358abb66e78784627554aa5efa123d6fbeae1e\32358abb66e78784627554aa5efa123d6fbeae1e_lupyne_79368723_20100606_175334_before_1.py,PythonFiles\lupyne\79368723\32358abb66e78784627554aa5efa123d6fbeae1e\32358abb66e78784627554aa5efa123d6fbeae1e_lupyne_79368723_20100606_175334_after_1.py
32358abb66e78784627554aa5efa123d6fbeae1e,lupyne,79368723,2010-06-06 17:53:34,+0000,queries.py,MODIFY,34,0,PythonFiles\lupyne\79368723\32358abb66e78784627554aa5efa123d6fbeae1e\32358abb66e78784627554aa5efa123d6fbeae1e_lupyne_79368723_20100606_175334_before_2.py,PythonFiles\lupyne\79368723\32358abb66e78784627554aa5efa123d6fbeae1e\32358abb66e78784627554aa5efa123d6fbeae1e_lupyne_79368723_20100606_175334_after_2.py
32358abb66e78784627554aa5efa123d6fbeae1e,lupyne,79368723,2010-06-06 17:53:34,+0000,local.py,MODIFY,13,0,PythonFiles\lupyne\79368723\32358abb66e78784627554aa5efa123d6fbeae1e\32358abb66e78784627554aa5efa123d6fbeae1e_lupyne_79368723_20100606_175334_before_3.py,PythonFiles\lupyne\79368723\32358abb66e78784627554aa5efa123d6fbeae1e\32358abb66e78784627554aa5efa123d6fbeae1e_lupyne_79368723_20100606_175334_after_3.py
9b057ea285cb85076c6cc825323806070d16790b,lupyne,79368723,2010-06-06 18:23:54,+0000,conf.py,MODIFY,4,4,PythonFiles\lupyne\79368723\9b057ea285cb85076c6cc825323806070d16790b\9b057ea285cb85076c6cc825323806070d16790b_lupyne_79368723_20100606_182354_before_16.py,PythonFiles\lupyne\79368723\9b057ea285cb85076c6cc825323806070d16790b\9b057ea285cb85076c6cc825323806070d16790b_lupyne_79368723_20100606_182354_after_16.py
f88e0c69ee724f7699e3111030ef9d205dbb7be4,lupyne,79368723,2010-06-06 20:54:09,+0000,server.py,MODIFY,11,3,PythonFiles\lupyne\79368723\f88e0c69ee724f7699e3111030ef9d205dbb7be4\f88e0c69ee724f7699e3111030ef9d205dbb7be4_lupyne_79368723_20100606_205409_before_5.py,PythonFiles\lupyne\79368723\f88e0c69ee724f7699e3111030ef9d205dbb7be4\f88e0c69ee724f7699e3111030ef9d205dbb7be4_lupyne_79368723_20100606_205409_after_5.py
f88e0c69ee724f7699e3111030ef9d205dbb7be4,lupyne,79368723,2010-06-06 20:54:09,+0000,remote.py,MODIFY,5,0,PythonFiles\lupyne\79368723\f88e0c69ee724f7699e3111030ef9d205dbb7be4\f88e0c69ee724f7699e3111030ef9d205dbb7be4_lupyne_79368723_20100606_205409_before_6.py,PythonFiles\lupyne\79368723\f88e0c69ee724f7699e3111030ef9d205dbb7be4\f88e0c69ee724f7699e3111030ef9d205dbb7be4_lupyne_79368723_20100606_205409_after_6.py
57fb16a21bb97d2b28b203ba41fd45d95c8593f2,lupyne,79368723,2010-06-06 22:37:45,+0000,indexers.py,MODIFY,17,5,PythonFiles\lupyne\79368723\57fb16a21bb97d2b28b203ba41fd45d95c8593f2\57fb16a21bb97d2b28b203ba41fd45d95c8593f2_lupyne_79368723_20100606_223745_before_8.py,PythonFiles\lupyne\79368723\57fb16a21bb97d2b28b203ba41fd45d95c8593f2\57fb16a21bb97d2b28b203ba41fd45d95c8593f2_lupyne_79368723_20100606_223745_after_8.py
57fb16a21bb97d2b28b203ba41fd45d95c8593f2,lupyne,79368723,2010-06-06 22:37:45,+0000,server.py,MODIFY,5,5,PythonFiles\lupyne\79368723\57fb16a21bb97d2b28b203ba41fd45d95c8593f2\57fb16a21bb97d2b28b203ba41fd45d95c8593f2_lupyne_79368723_20100606_223745_before_9.py,PythonFiles\lupyne\79368723\57fb16a21bb97d2b28b203ba41fd45d95c8593f2\57fb16a21bb97d2b28b203ba41fd45d95c8593f2_lupyne_79368723_20100606_223745_after_9.py
57fb16a21bb97d2b28b203ba41fd45d95c8593f2,lupyne,79368723,2010-06-06 22:37:45,+0000,local.py,MODIFY,7,0,PythonFiles\lupyne\79368723\57fb16a21bb97d2b28b203ba41fd45d95c8593f2\57fb16a21bb97d2b28b203ba41fd45d95c8593f2_lupyne_79368723_20100606_223745_before_10.py,PythonFiles\lupyne\79368723\57fb16a21bb97d2b28b203ba41fd45d95c8593f2\57fb16a21bb97d2b28b203ba41fd45d95c8593f2_lupyne_79368723_20100606_223745_after_10.py
57fb16a21bb97d2b28b203ba41fd45d95c8593f2,lupyne,79368723,2010-06-06 22:37:45,+0000,remote.py,MODIFY,3,3,PythonFiles\lupyne\79368723\57fb16a21bb97d2b28b203ba41fd45d95c8593f2\57fb16a21bb97d2b28b203ba41fd45d95c8593f2_lupyne_79368723_20100606_223745_before_11.py,PythonFiles\lupyne\79368723\57fb16a21bb97d2b28b203ba41fd45d95c8593f2\57fb16a21bb97d2b28b203ba41fd45d95c8593f2_lupyne_79368723_20100606_223745_after_11.py
550d74482713ad9769bedbf545f9a87093e46857,lupyne,79368723,2010-06-11 02:37:02,+0000,queries.py,MODIFY,7,1,PythonFiles\lupyne\79368723\550d74482713ad9769bedbf545f9a87093e46857\550d74482713ad9769bedbf545f9a87093e46857_lupyne_79368723_20100611_023702_before_1.py,PythonFiles\lupyne\79368723\550d74482713ad9769bedbf545f9a87093e46857\550d74482713ad9769bedbf545f9a87093e46857_lupyne_79368723_20100611_023702_after_1.py
550d74482713ad9769bedbf545f9a87093e46857,lupyne,79368723,2010-06-11 02:37:02,+0000,local.py,MODIFY,1,0,PythonFiles\lupyne\79368723\550d74482713ad9769bedbf545f9a87093e46857\550d74482713ad9769bedbf545f9a87093e46857_lupyne_79368723_20100611_023702_before_2.py,PythonFiles\lupyne\79368723\550d74482713ad9769bedbf545f9a87093e46857\550d74482713ad9769bedbf545f9a87093e46857_lupyne_79368723_20100611_023702_after_2.py
588ec8067eab4e3b472fb373127b66c56b5b00d7,lupyne,79368723,2010-06-12 22:27:51,+0000,indexers.py,MODIFY,24,11,PythonFiles\lupyne\79368723\588ec8067eab4e3b472fb373127b66c56b5b00d7\588ec8067eab4e3b472fb373127b66c56b5b00d7_lupyne_79368723_20100612_222751_before_2.py,PythonFiles\lupyne\79368723\588ec8067eab4e3b472fb373127b66c56b5b00d7\588ec8067eab4e3b472fb373127b66c56b5b00d7_lupyne_79368723_20100612_222751_after_2.py
588ec8067eab4e3b472fb373127b66c56b5b00d7,lupyne,79368723,2010-06-12 22:27:51,+0000,queries.py,MODIFY,24,0,PythonFiles\lupyne\79368723\588ec8067eab4e3b472fb373127b66c56b5b00d7\588ec8067eab4e3b472fb373127b66c56b5b00d7_lupyne_79368723_20100612_222751_before_3.py,PythonFiles\lupyne\79368723\588ec8067eab4e3b472fb373127b66c56b5b00d7\588ec8067eab4e3b472fb373127b66c56b5b00d7_lupyne_79368723_20100612_222751_after_3.py
588ec8067eab4e3b472fb373127b66c56b5b00d7,lupyne,79368723,2010-06-12 22:27:51,+0000,server.py,MODIFY,1,1,PythonFiles\lupyne\79368723\588ec8067eab4e3b472fb373127b66c56b5b00d7\588ec8067eab4e3b472fb373127b66c56b5b00d7_lupyne_79368723_20100612_222751_before_4.py,PythonFiles\lupyne\79368723\588ec8067eab4e3b472fb373127b66c56b5b00d7\588ec8067eab4e3b472fb373127b66c56b5b00d7_lupyne_79368723_20100612_222751_after_4.py
588ec8067eab4e3b472fb373127b66c56b5b00d7,lupyne,79368723,2010-06-12 22:27:51,+0000,local.py,MODIFY,4,0,PythonFiles\lupyne\79368723\588ec8067eab4e3b472fb373127b66c56b5b00d7\588ec8067eab4e3b472fb373127b66c56b5b00d7_lupyne_79368723_20100612_222751_before_5.py,PythonFiles\lupyne\79368723\588ec8067eab4e3b472fb373127b66c56b5b00d7\588ec8067eab4e3b472fb373127b66c56b5b00d7_lupyne_79368723_20100612_222751_after_5.py
c4e7b5d54c88846b8029614f15493307cb267f7f,lupyne,79368723,2010-06-19 22:04:30,+0000,indexers.py,MODIFY,2,2,PythonFiles\lupyne\79368723\c4e7b5d54c88846b8029614f15493307cb267f7f\c4e7b5d54c88846b8029614f15493307cb267f7f_lupyne_79368723_20100619_220430_before_1.py,PythonFiles\lupyne\79368723\c4e7b5d54c88846b8029614f15493307cb267f7f\c4e7b5d54c88846b8029614f15493307cb267f7f_lupyne_79368723_20100619_220430_after_1.py
c4e7b5d54c88846b8029614f15493307cb267f7f,lupyne,79368723,2010-06-19 22:04:30,+0000,queries.py,MODIFY,18,7,PythonFiles\lupyne\79368723\c4e7b5d54c88846b8029614f15493307cb267f7f\c4e7b5d54c88846b8029614f15493307cb267f7f_lupyne_79368723_20100619_220430_before_2.py,PythonFiles\lupyne\79368723\c4e7b5d54c88846b8029614f15493307cb267f7f\c4e7b5d54c88846b8029614f15493307cb267f7f_lupyne_79368723_20100619_220430_after_2.py
c4e7b5d54c88846b8029614f15493307cb267f7f,lupyne,79368723,2010-06-19 22:04:30,+0000,server.py,MODIFY,1,1,PythonFiles\lupyne\79368723\c4e7b5d54c88846b8029614f15493307cb267f7f\c4e7b5d54c88846b8029614f15493307cb267f7f_lupyne_79368723_20100619_220430_before_3.py,PythonFiles\lupyne\79368723\c4e7b5d54c88846b8029614f15493307cb267f7f\c4e7b5d54c88846b8029614f15493307cb267f7f_lupyne_79368723_20100619_220430_after_3.py
fffa4575a5c5cac865de9612d02adcdb3a180a3f,lupyne,79368723,2010-06-20 23:08:57,+0000,queries.py,MODIFY,13,12,PythonFiles\lupyne\79368723\fffa4575a5c5cac865de9612d02adcdb3a180a3f\fffa4575a5c5cac865de9612d02adcdb3a180a3f_lupyne_79368723_20100620_230857_before_8.py,PythonFiles\lupyne\79368723\fffa4575a5c5cac865de9612d02adcdb3a180a3f\fffa4575a5c5cac865de9612d02adcdb3a180a3f_lupyne_79368723_20100620_230857_after_8.py
fffa4575a5c5cac865de9612d02adcdb3a180a3f,lupyne,79368723,2010-06-20 23:08:57,+0000,server.py,MODIFY,10,5,PythonFiles\lupyne\79368723\fffa4575a5c5cac865de9612d02adcdb3a180a3f\fffa4575a5c5cac865de9612d02adcdb3a180a3f_lupyne_79368723_20100620_230857_before_9.py,PythonFiles\lupyne\79368723\fffa4575a5c5cac865de9612d02adcdb3a180a3f\fffa4575a5c5cac865de9612d02adcdb3a180a3f_lupyne_79368723_20100620_230857_after_9.py
fffa4575a5c5cac865de9612d02adcdb3a180a3f,lupyne,79368723,2010-06-20 23:08:57,+0000,remote.py,MODIFY,3,0,PythonFiles\lupyne\79368723\fffa4575a5c5cac865de9612d02adcdb3a180a3f\fffa4575a5c5cac865de9612d02adcdb3a180a3f_lupyne_79368723_20100620_230857_before_10.py,PythonFiles\lupyne\79368723\fffa4575a5c5cac865de9612d02adcdb3a180a3f\fffa4575a5c5cac865de9612d02adcdb3a180a3f_lupyne_79368723_20100620_230857_after_10.py
48ec268d7fc4fba01f707cd1e5c54e3783f8938d,lupyne,79368723,2010-06-26 15:36:48,+0000,queries.py,MODIFY,1,3,PythonFiles\lupyne\79368723\48ec268d7fc4fba01f707cd1e5c54e3783f8938d\48ec268d7fc4fba01f707cd1e5c54e3783f8938d_lupyne_79368723_20100626_153648_before_5.py,PythonFiles\lupyne\79368723\48ec268d7fc4fba01f707cd1e5c54e3783f8938d\48ec268d7fc4fba01f707cd1e5c54e3783f8938d_lupyne_79368723_20100626_153648_after_5.py
48ec268d7fc4fba01f707cd1e5c54e3783f8938d,lupyne,79368723,2010-06-26 15:36:48,+0000,server.py,MODIFY,13,3,PythonFiles\lupyne\79368723\48ec268d7fc4fba01f707cd1e5c54e3783f8938d\48ec268d7fc4fba01f707cd1e5c54e3783f8938d_lupyne_79368723_20100626_153648_before_6.py,PythonFiles\lupyne\79368723\48ec268d7fc4fba01f707cd1e5c54e3783f8938d\48ec268d7fc4fba01f707cd1e5c54e3783f8938d_lupyne_79368723_20100626_153648_after_6.py
48ec268d7fc4fba01f707cd1e5c54e3783f8938d,lupyne,79368723,2010-06-26 15:36:48,+0000,remote.py,MODIFY,7,0,PythonFiles\lupyne\79368723\48ec268d7fc4fba01f707cd1e5c54e3783f8938d\48ec268d7fc4fba01f707cd1e5c54e3783f8938d_lupyne_79368723_20100626_153648_before_7.py,PythonFiles\lupyne\79368723\48ec268d7fc4fba01f707cd1e5c54e3783f8938d\48ec268d7fc4fba01f707cd1e5c54e3783f8938d_lupyne_79368723_20100626_153648_after_7.py
33cb77a11a95a1a2e074e6404af465d9b29f7d49,lupyne,79368723,2010-06-26 17:38:52,+0000,server.py,MODIFY,17,12,PythonFiles\lupyne\79368723\33cb77a11a95a1a2e074e6404af465d9b29f7d49\33cb77a11a95a1a2e074e6404af465d9b29f7d49_lupyne_79368723_20100626_173852_before_1.py,PythonFiles\lupyne\79368723\33cb77a11a95a1a2e074e6404af465d9b29f7d49\33cb77a11a95a1a2e074e6404af465d9b29f7d49_lupyne_79368723_20100626_173852_after_1.py
33cb77a11a95a1a2e074e6404af465d9b29f7d49,lupyne,79368723,2010-06-26 17:38:52,+0000,remote.py,MODIFY,3,0,PythonFiles\lupyne\79368723\33cb77a11a95a1a2e074e6404af465d9b29f7d49\33cb77a11a95a1a2e074e6404af465d9b29f7d49_lupyne_79368723_20100626_173852_before_2.py,PythonFiles\lupyne\79368723\33cb77a11a95a1a2e074e6404af465d9b29f7d49\33cb77a11a95a1a2e074e6404af465d9b29f7d49_lupyne_79368723_20100626_173852_after_2.py
db5226073313ce29ed12c3bbec5f5449bb4632eb,lupyne,79368723,2010-07-04 18:15:53,+0000,conf.py,MODIFY,2,2,PythonFiles\lupyne\79368723\db5226073313ce29ed12c3bbec5f5449bb4632eb\db5226073313ce29ed12c3bbec5f5449bb4632eb_lupyne_79368723_20100704_181553_before_12.py,PythonFiles\lupyne\79368723\db5226073313ce29ed12c3bbec5f5449bb4632eb\db5226073313ce29ed12c3bbec5f5449bb4632eb_lupyne_79368723_20100704_181553_after_12.py
db5226073313ce29ed12c3bbec5f5449bb4632eb,lupyne,79368723,2010-07-04 18:15:53,+0000,searching.py,MODIFY,1,1,PythonFiles\lupyne\79368723\db5226073313ce29ed12c3bbec5f5449bb4632eb\db5226073313ce29ed12c3bbec5f5449bb4632eb_lupyne_79368723_20100704_181553_before_13.py,PythonFiles\lupyne\79368723\db5226073313ce29ed12c3bbec5f5449bb4632eb\db5226073313ce29ed12c3bbec5f5449bb4632eb_lupyne_79368723_20100704_181553_after_13.py
db5226073313ce29ed12c3bbec5f5449bb4632eb,lupyne,79368723,2010-07-04 18:15:53,+0000,sorting.py,MODIFY,1,1,PythonFiles\lupyne\79368723\db5226073313ce29ed12c3bbec5f5449bb4632eb\db5226073313ce29ed12c3bbec5f5449bb4632eb_lupyne_79368723_20100704_181553_before_14.py,PythonFiles\lupyne\79368723\db5226073313ce29ed12c3bbec5f5449bb4632eb\db5226073313ce29ed12c3bbec5f5449bb4632eb_lupyne_79368723_20100704_181553_after_14.py
db5226073313ce29ed12c3bbec5f5449bb4632eb,lupyne,79368723,2010-07-04 18:15:53,+0000,__init__.py,MODIFY,1,1,PythonFiles\lupyne\79368723\db5226073313ce29ed12c3bbec5f5449bb4632eb\db5226073313ce29ed12c3bbec5f5449bb4632eb_lupyne_79368723_20100704_181553_before_15.py,PythonFiles\lupyne\79368723\db5226073313ce29ed12c3bbec5f5449bb4632eb\db5226073313ce29ed12c3bbec5f5449bb4632eb_lupyne_79368723_20100704_181553_after_15.py
db5226073313ce29ed12c3bbec5f5449bb4632eb,lupyne,79368723,2010-07-04 18:15:53,+0000,setup.py,MODIFY,16,18,PythonFiles\lupyne\79368723\db5226073313ce29ed12c3bbec5f5449bb4632eb\db5226073313ce29ed12c3bbec5f5449bb4632eb_lupyne_79368723_20100704_181553_before_16.py,PythonFiles\lupyne\79368723\db5226073313ce29ed12c3bbec5f5449bb4632eb\db5226073313ce29ed12c3bbec5f5449bb4632eb_lupyne_79368723_20100704_181553_after_16.py
f0b2a598493cae94e065b934234ff79d0ca2ea32,lupyne,79368723,2010-07-04 19:28:56,+0000,conf.py,MODIFY,1,1,PythonFiles\lupyne\79368723\f0b2a598493cae94e065b934234ff79d0ca2ea32\f0b2a598493cae94e065b934234ff79d0ca2ea32_lupyne_79368723_20100704_192856_before_1.py,PythonFiles\lupyne\79368723\f0b2a598493cae94e065b934234ff79d0ca2ea32\f0b2a598493cae94e065b934234ff79d0ca2ea32_lupyne_79368723_20100704_192856_after_1.py
f0b2a598493cae94e065b934234ff79d0ca2ea32,lupyne,79368723,2010-07-04 19:28:56,+0000,numeric.py,MODIFY,11,7,PythonFiles\lupyne\79368723\f0b2a598493cae94e065b934234ff79d0ca2ea32\f0b2a598493cae94e065b934234ff79d0ca2ea32_lupyne_79368723_20100704_192856_before_2.py,PythonFiles\lupyne\79368723\f0b2a598493cae94e065b934234ff79d0ca2ea32\f0b2a598493cae94e065b934234ff79d0ca2ea32_lupyne_79368723_20100704_192856_after_2.py
f0b2a598493cae94e065b934234ff79d0ca2ea32,lupyne,79368723,2010-07-04 19:28:56,+0000,__init__.py,MODIFY,1,1,PythonFiles\lupyne\79368723\f0b2a598493cae94e065b934234ff79d0ca2ea32\f0b2a598493cae94e065b934234ff79d0ca2ea32_lupyne_79368723_20100704_192856_before_3.py,PythonFiles\lupyne\79368723\f0b2a598493cae94e065b934234ff79d0ca2ea32\f0b2a598493cae94e065b934234ff79d0ca2ea32_lupyne_79368723_20100704_192856_after_3.py
f0b2a598493cae94e065b934234ff79d0ca2ea32,lupyne,79368723,2010-07-04 19:28:56,+0000,setup.py,MODIFY,2,2,PythonFiles\lupyne\79368723\f0b2a598493cae94e065b934234ff79d0ca2ea32\f0b2a598493cae94e065b934234ff79d0ca2ea32_lupyne_79368723_20100704_192856_before_4.py,PythonFiles\lupyne\79368723\f0b2a598493cae94e065b934234ff79d0ca2ea32\f0b2a598493cae94e065b934234ff79d0ca2ea32_lupyne_79368723_20100704_192856_after_4.py
22cf2ca191bbaa8a0192fcf3a01c647280ae65af,lupyne,79368723,2010-07-18 20:43:21,+0000,documents.py,MODIFY,3,3,PythonFiles\lupyne\79368723\22cf2ca191bbaa8a0192fcf3a01c647280ae65af\22cf2ca191bbaa8a0192fcf3a01c647280ae65af_lupyne_79368723_20100718_204321_before_1.py,PythonFiles\lupyne\79368723\22cf2ca191bbaa8a0192fcf3a01c647280ae65af\22cf2ca191bbaa8a0192fcf3a01c647280ae65af_lupyne_79368723_20100718_204321_after_1.py
22cf2ca191bbaa8a0192fcf3a01c647280ae65af,lupyne,79368723,2010-07-18 20:43:21,+0000,indexers.py,MODIFY,19,12,PythonFiles\lupyne\79368723\22cf2ca191bbaa8a0192fcf3a01c647280ae65af\22cf2ca191bbaa8a0192fcf3a01c647280ae65af_lupyne_79368723_20100718_204321_before_2.py,PythonFiles\lupyne\79368723\22cf2ca191bbaa8a0192fcf3a01c647280ae65af\22cf2ca191bbaa8a0192fcf3a01c647280ae65af_lupyne_79368723_20100718_204321_after_2.py
22cf2ca191bbaa8a0192fcf3a01c647280ae65af,lupyne,79368723,2010-07-18 20:43:21,+0000,local.py,MODIFY,10,2,PythonFiles\lupyne\79368723\22cf2ca191bbaa8a0192fcf3a01c647280ae65af\22cf2ca191bbaa8a0192fcf3a01c647280ae65af_lupyne_79368723_20100718_204321_before_3.py,PythonFiles\lupyne\79368723\22cf2ca191bbaa8a0192fcf3a01c647280ae65af\22cf2ca191bbaa8a0192fcf3a01c647280ae65af_lupyne_79368723_20100718_204321_after_3.py
22b367a6618c2fd55ce35e4a2a04a0b488ca7ea1,lupyne,79368723,2010-07-18 20:56:40,+0000,indexers.py,MODIFY,3,3,PythonFiles\lupyne\79368723\22b367a6618c2fd55ce35e4a2a04a0b488ca7ea1\22b367a6618c2fd55ce35e4a2a04a0b488ca7ea1_lupyne_79368723_20100718_205640_before_1.py,PythonFiles\lupyne\79368723\22b367a6618c2fd55ce35e4a2a04a0b488ca7ea1\22b367a6618c2fd55ce35e4a2a04a0b488ca7ea1_lupyne_79368723_20100718_205640_after_1.py
22b367a6618c2fd55ce35e4a2a04a0b488ca7ea1,lupyne,79368723,2010-07-18 20:56:40,+0000,numeric.py,MODIFY,1,1,PythonFiles\lupyne\79368723\22b367a6618c2fd55ce35e4a2a04a0b488ca7ea1\22b367a6618c2fd55ce35e4a2a04a0b488ca7ea1_lupyne_79368723_20100718_205640_before_2.py,PythonFiles\lupyne\79368723\22b367a6618c2fd55ce35e4a2a04a0b488ca7ea1\22b367a6618c2fd55ce35e4a2a04a0b488ca7ea1_lupyne_79368723_20100718_205640_after_2.py
22b367a6618c2fd55ce35e4a2a04a0b488ca7ea1,lupyne,79368723,2010-07-18 20:56:40,+0000,sorting.py,MODIFY,1,1,PythonFiles\lupyne\79368723\22b367a6618c2fd55ce35e4a2a04a0b488ca7ea1\22b367a6618c2fd55ce35e4a2a04a0b488ca7ea1_lupyne_79368723_20100718_205640_before_3.py,PythonFiles\lupyne\79368723\22b367a6618c2fd55ce35e4a2a04a0b488ca7ea1\22b367a6618c2fd55ce35e4a2a04a0b488ca7ea1_lupyne_79368723_20100718_205640_after_3.py
22b367a6618c2fd55ce35e4a2a04a0b488ca7ea1,lupyne,79368723,2010-07-18 20:56:40,+0000,__init__.py,MODIFY,2,3,PythonFiles\lupyne\79368723\22b367a6618c2fd55ce35e4a2a04a0b488ca7ea1\22b367a6618c2fd55ce35e4a2a04a0b488ca7ea1_lupyne_79368723_20100718_205640_before_4.py,PythonFiles\lupyne\79368723\22b367a6618c2fd55ce35e4a2a04a0b488ca7ea1\22b367a6618c2fd55ce35e4a2a04a0b488ca7ea1_lupyne_79368723_20100718_205640_after_4.py
22b367a6618c2fd55ce35e4a2a04a0b488ca7ea1,lupyne,79368723,2010-07-18 20:56:40,+0000,documents.py,MODIFY,4,2,PythonFiles\lupyne\79368723\22b367a6618c2fd55ce35e4a2a04a0b488ca7ea1\22b367a6618c2fd55ce35e4a2a04a0b488ca7ea1_lupyne_79368723_20100718_205640_before_5.py,PythonFiles\lupyne\79368723\22b367a6618c2fd55ce35e4a2a04a0b488ca7ea1\22b367a6618c2fd55ce35e4a2a04a0b488ca7ea1_lupyne_79368723_20100718_205640_after_5.py
22b367a6618c2fd55ce35e4a2a04a0b488ca7ea1,lupyne,79368723,2010-07-18 20:56:40,+0000,indexers.py,MODIFY,10,31,PythonFiles\lupyne\79368723\22b367a6618c2fd55ce35e4a2a04a0b488ca7ea1\22b367a6618c2fd55ce35e4a2a04a0b488ca7ea1_lupyne_79368723_20100718_205640_before_6.py,PythonFiles\lupyne\79368723\22b367a6618c2fd55ce35e4a2a04a0b488ca7ea1\22b367a6618c2fd55ce35e4a2a04a0b488ca7ea1_lupyne_79368723_20100718_205640_after_6.py
22b367a6618c2fd55ce35e4a2a04a0b488ca7ea1,lupyne,79368723,2010-07-18 20:56:40,+0000,numeric.py,MODIFY,1,1,PythonFiles\lupyne\79368723\22b367a6618c2fd55ce35e4a2a04a0b488ca7ea1\22b367a6618c2fd55ce35e4a2a04a0b488ca7ea1_lupyne_79368723_20100718_205640_before_7.py,PythonFiles\lupyne\79368723\22b367a6618c2fd55ce35e4a2a04a0b488ca7ea1\22b367a6618c2fd55ce35e4a2a04a0b488ca7ea1_lupyne_79368723_20100718_205640_after_7.py
22b367a6618c2fd55ce35e4a2a04a0b488ca7ea1,lupyne,79368723,2010-07-18 20:56:40,+0000,queries.py,MODIFY,3,12,PythonFiles\lupyne\79368723\22b367a6618c2fd55ce35e4a2a04a0b488ca7ea1\22b367a6618c2fd55ce35e4a2a04a0b488ca7ea1_lupyne_79368723_20100718_205640_before_8.py,PythonFiles\lupyne\79368723\22b367a6618c2fd55ce35e4a2a04a0b488ca7ea1\22b367a6618c2fd55ce35e4a2a04a0b488ca7ea1_lupyne_79368723_20100718_205640_after_8.py
22b367a6618c2fd55ce35e4a2a04a0b488ca7ea1,lupyne,79368723,2010-07-18 20:56:40,+0000,__init__.py,MODIFY,4,0,PythonFiles\lupyne\79368723\22b367a6618c2fd55ce35e4a2a04a0b488ca7ea1\22b367a6618c2fd55ce35e4a2a04a0b488ca7ea1_lupyne_79368723_20100718_205640_before_9.py,PythonFiles\lupyne\79368723\22b367a6618c2fd55ce35e4a2a04a0b488ca7ea1\22b367a6618c2fd55ce35e4a2a04a0b488ca7ea1_lupyne_79368723_20100718_205640_after_9.py
22b367a6618c2fd55ce35e4a2a04a0b488ca7ea1,lupyne,79368723,2010-07-18 20:56:40,+0000,server.py,MODIFY,3,10,PythonFiles\lupyne\79368723\22b367a6618c2fd55ce35e4a2a04a0b488ca7ea1\22b367a6618c2fd55ce35e4a2a04a0b488ca7ea1_lupyne_79368723_20100718_205640_before_10.py,PythonFiles\lupyne\79368723\22b367a6618c2fd55ce35e4a2a04a0b488ca7ea1\22b367a6618c2fd55ce35e4a2a04a0b488ca7ea1_lupyne_79368723_20100718_205640_after_10.py
22b367a6618c2fd55ce35e4a2a04a0b488ca7ea1,lupyne,79368723,2010-07-18 20:56:40,+0000,local.py,MODIFY,70,76,PythonFiles\lupyne\79368723\22b367a6618c2fd55ce35e4a2a04a0b488ca7ea1\22b367a6618c2fd55ce35e4a2a04a0b488ca7ea1_lupyne_79368723_20100718_205640_before_11.py,PythonFiles\lupyne\79368723\22b367a6618c2fd55ce35e4a2a04a0b488ca7ea1\22b367a6618c2fd55ce35e4a2a04a0b488ca7ea1_lupyne_79368723_20100718_205640_after_11.py
22b367a6618c2fd55ce35e4a2a04a0b488ca7ea1,lupyne,79368723,2010-07-18 20:56:40,+0000,remote.py,MODIFY,11,16,PythonFiles\lupyne\79368723\22b367a6618c2fd55ce35e4a2a04a0b488ca7ea1\22b367a6618c2fd55ce35e4a2a04a0b488ca7ea1_lupyne_79368723_20100718_205640_before_12.py,PythonFiles\lupyne\79368723\22b367a6618c2fd55ce35e4a2a04a0b488ca7ea1\22b367a6618c2fd55ce35e4a2a04a0b488ca7ea1_lupyne_79368723_20100718_205640_after_12.py
d7ed8f8d0ae03ae7d1a73b526fb13462619285a8,lupyne,79368723,2010-07-18 21:29:49,+0000,documents.py,MODIFY,1,0,PythonFiles\lupyne\79368723\d7ed8f8d0ae03ae7d1a73b526fb13462619285a8\d7ed8f8d0ae03ae7d1a73b526fb13462619285a8_lupyne_79368723_20100718_212949_before_12.py,PythonFiles\lupyne\79368723\d7ed8f8d0ae03ae7d1a73b526fb13462619285a8\d7ed8f8d0ae03ae7d1a73b526fb13462619285a8_lupyne_79368723_20100718_212949_after_12.py
d7ed8f8d0ae03ae7d1a73b526fb13462619285a8,lupyne,79368723,2010-07-18 21:29:49,+0000,globalmaptiles.py,MODIFY,0,93,PythonFiles\lupyne\79368723\d7ed8f8d0ae03ae7d1a73b526fb13462619285a8\d7ed8f8d0ae03ae7d1a73b526fb13462619285a8_lupyne_79368723_20100718_212949_before_13.py,PythonFiles\lupyne\79368723\d7ed8f8d0ae03ae7d1a73b526fb13462619285a8\d7ed8f8d0ae03ae7d1a73b526fb13462619285a8_lupyne_79368723_20100718_212949_after_13.py
d7ed8f8d0ae03ae7d1a73b526fb13462619285a8,lupyne,79368723,2010-07-18 21:29:49,+0000,__main__.py,MODIFY,2,1,PythonFiles\lupyne\79368723\d7ed8f8d0ae03ae7d1a73b526fb13462619285a8\d7ed8f8d0ae03ae7d1a73b526fb13462619285a8_lupyne_79368723_20100718_212949_before_14.py,PythonFiles\lupyne\79368723\d7ed8f8d0ae03ae7d1a73b526fb13462619285a8\d7ed8f8d0ae03ae7d1a73b526fb13462619285a8_lupyne_79368723_20100718_212949_after_14.py
d7ed8f8d0ae03ae7d1a73b526fb13462619285a8,lupyne,79368723,2010-07-18 21:29:49,+0000,local.py,MODIFY,2,2,PythonFiles\lupyne\79368723\d7ed8f8d0ae03ae7d1a73b526fb13462619285a8\d7ed8f8d0ae03ae7d1a73b526fb13462619285a8_lupyne_79368723_20100718_212949_before_15.py,PythonFiles\lupyne\79368723\d7ed8f8d0ae03ae7d1a73b526fb13462619285a8\d7ed8f8d0ae03ae7d1a73b526fb13462619285a8_lupyne_79368723_20100718_212949_after_15.py
6237365bb34e65d3df79671dc0269e80b52efe04,lupyne,79368723,2010-07-18 23:30:45,+0000,indexers.py,MODIFY,28,16,PythonFiles\lupyne\79368723\6237365bb34e65d3df79671dc0269e80b52efe04\6237365bb34e65d3df79671dc0269e80b52efe04_lupyne_79368723_20100718_233045_before_4.py,PythonFiles\lupyne\79368723\6237365bb34e65d3df79671dc0269e80b52efe04\6237365bb34e65d3df79671dc0269e80b52efe04_lupyne_79368723_20100718_233045_after_4.py
6237365bb34e65d3df79671dc0269e80b52efe04,lupyne,79368723,2010-07-18 23:30:45,+0000,local.py,MODIFY,5,0,PythonFiles\lupyne\79368723\6237365bb34e65d3df79671dc0269e80b52efe04\6237365bb34e65d3df79671dc0269e80b52efe04_lupyne_79368723_20100718_233045_before_5.py,PythonFiles\lupyne\79368723\6237365bb34e65d3df79671dc0269e80b52efe04\6237365bb34e65d3df79671dc0269e80b52efe04_lupyne_79368723_20100718_233045_after_5.py
213967ab95a86525ff6145c9370872759b329a95,lupyne,79368723,2010-07-25 22:14:02,+0000,sorting.py,MODIFY,18,31,PythonFiles\lupyne\79368723\213967ab95a86525ff6145c9370872759b329a95\213967ab95a86525ff6145c9370872759b329a95_lupyne_79368723_20100725_221402_before_1.py,PythonFiles\lupyne\79368723\213967ab95a86525ff6145c9370872759b329a95\213967ab95a86525ff6145c9370872759b329a95_lupyne_79368723_20100725_221402_after_1.py
213967ab95a86525ff6145c9370872759b329a95,lupyne,79368723,2010-07-25 22:14:02,+0000,server.py,MODIFY,8,6,PythonFiles\lupyne\79368723\213967ab95a86525ff6145c9370872759b329a95\213967ab95a86525ff6145c9370872759b329a95_lupyne_79368723_20100725_221402_before_2.py,PythonFiles\lupyne\79368723\213967ab95a86525ff6145c9370872759b329a95\213967ab95a86525ff6145c9370872759b329a95_lupyne_79368723_20100725_221402_after_2.py
213967ab95a86525ff6145c9370872759b329a95,lupyne,79368723,2010-07-25 22:14:02,+0000,remote.py,MODIFY,2,1,PythonFiles\lupyne\79368723\213967ab95a86525ff6145c9370872759b329a95\213967ab95a86525ff6145c9370872759b329a95_lupyne_79368723_20100725_221402_before_3.py,PythonFiles\lupyne\79368723\213967ab95a86525ff6145c9370872759b329a95\213967ab95a86525ff6145c9370872759b329a95_lupyne_79368723_20100725_221402_after_3.py
638313da99b59182f2d6c2bc3a1432e57f7fcfe1,lupyne,79368723,2010-07-25 23:23:37,+0000,server.py,MODIFY,5,3,PythonFiles\lupyne\79368723\638313da99b59182f2d6c2bc3a1432e57f7fcfe1\638313da99b59182f2d6c2bc3a1432e57f7fcfe1_lupyne_79368723_20100725_232337_before_1.py,PythonFiles\lupyne\79368723\638313da99b59182f2d6c2bc3a1432e57f7fcfe1\638313da99b59182f2d6c2bc3a1432e57f7fcfe1_lupyne_79368723_20100725_232337_after_1.py
638313da99b59182f2d6c2bc3a1432e57f7fcfe1,lupyne,79368723,2010-07-25 23:23:37,+0000,remote.py,MODIFY,19,9,PythonFiles\lupyne\79368723\638313da99b59182f2d6c2bc3a1432e57f7fcfe1\638313da99b59182f2d6c2bc3a1432e57f7fcfe1_lupyne_79368723_20100725_232337_before_2.py,PythonFiles\lupyne\79368723\638313da99b59182f2d6c2bc3a1432e57f7fcfe1\638313da99b59182f2d6c2bc3a1432e57f7fcfe1_lupyne_79368723_20100725_232337_after_2.py
e5b700b16f736f4e2f2083909efd89b3f5021d9e,lupyne,79368723,2010-07-26 00:58:30,+0000,server.py,MODIFY,10,4,PythonFiles\lupyne\79368723\e5b700b16f736f4e2f2083909efd89b3f5021d9e\e5b700b16f736f4e2f2083909efd89b3f5021d9e_lupyne_79368723_20100726_005830_before_19.py,PythonFiles\lupyne\79368723\e5b700b16f736f4e2f2083909efd89b3f5021d9e\e5b700b16f736f4e2f2083909efd89b3f5021d9e_lupyne_79368723_20100726_005830_after_19.py
e5b700b16f736f4e2f2083909efd89b3f5021d9e,lupyne,79368723,2010-07-26 00:58:30,+0000,remote.py,MODIFY,4,0,PythonFiles\lupyne\79368723\e5b700b16f736f4e2f2083909efd89b3f5021d9e\e5b700b16f736f4e2f2083909efd89b3f5021d9e_lupyne_79368723_20100726_005830_before_20.py,PythonFiles\lupyne\79368723\e5b700b16f736f4e2f2083909efd89b3f5021d9e\e5b700b16f736f4e2f2083909efd89b3f5021d9e_lupyne_79368723_20100726_005830_after_20.py
bc60586f2cb9e1f425309784ae22fd6822526d1c,lupyne,79368723,2010-07-26 02:55:49,+0000,indexers.py,MODIFY,2,1,PythonFiles\lupyne\79368723\bc60586f2cb9e1f425309784ae22fd6822526d1c\bc60586f2cb9e1f425309784ae22fd6822526d1c_lupyne_79368723_20100726_025549_before_4.py,PythonFiles\lupyne\79368723\bc60586f2cb9e1f425309784ae22fd6822526d1c\bc60586f2cb9e1f425309784ae22fd6822526d1c_lupyne_79368723_20100726_025549_after_4.py
bc60586f2cb9e1f425309784ae22fd6822526d1c,lupyne,79368723,2010-07-26 02:55:49,+0000,server.py,MODIFY,12,3,PythonFiles\lupyne\79368723\bc60586f2cb9e1f425309784ae22fd6822526d1c\bc60586f2cb9e1f425309784ae22fd6822526d1c_lupyne_79368723_20100726_025549_before_5.py,PythonFiles\lupyne\79368723\bc60586f2cb9e1f425309784ae22fd6822526d1c\bc60586f2cb9e1f425309784ae22fd6822526d1c_lupyne_79368723_20100726_025549_after_5.py
bc60586f2cb9e1f425309784ae22fd6822526d1c,lupyne,79368723,2010-07-26 02:55:49,+0000,remote.py,MODIFY,4,0,PythonFiles\lupyne\79368723\bc60586f2cb9e1f425309784ae22fd6822526d1c\bc60586f2cb9e1f425309784ae22fd6822526d1c_lupyne_79368723_20100726_025549_before_6.py,PythonFiles\lupyne\79368723\bc60586f2cb9e1f425309784ae22fd6822526d1c\bc60586f2cb9e1f425309784ae22fd6822526d1c_lupyne_79368723_20100726_025549_after_6.py
86010ae627395deb4f29294f595ae49ac4b38e4e,lupyne,79368723,2010-07-31 17:00:06,+0000,server.py,MODIFY,8,6,PythonFiles\lupyne\79368723\86010ae627395deb4f29294f595ae49ac4b38e4e\86010ae627395deb4f29294f595ae49ac4b38e4e_lupyne_79368723_20100731_170006_before_8.py,PythonFiles\lupyne\79368723\86010ae627395deb4f29294f595ae49ac4b38e4e\86010ae627395deb4f29294f595ae49ac4b38e4e_lupyne_79368723_20100731_170006_after_8.py
8b3d8f5d1f0c243b621e068ec0ecc84f35ff122c,lupyne,79368723,2010-08-08 19:08:01,+0000,client.py,MODIFY,2,2,PythonFiles\lupyne\79368723\8b3d8f5d1f0c243b621e068ec0ecc84f35ff122c\8b3d8f5d1f0c243b621e068ec0ecc84f35ff122c_lupyne_79368723_20100808_190801_before_1.py,PythonFiles\lupyne\79368723\8b3d8f5d1f0c243b621e068ec0ecc84f35ff122c\8b3d8f5d1f0c243b621e068ec0ecc84f35ff122c_lupyne_79368723_20100808_190801_after_1.py
8b3d8f5d1f0c243b621e068ec0ecc84f35ff122c,lupyne,79368723,2010-08-08 19:08:01,+0000,server.py,MODIFY,9,5,PythonFiles\lupyne\79368723\8b3d8f5d1f0c243b621e068ec0ecc84f35ff122c\8b3d8f5d1f0c243b621e068ec0ecc84f35ff122c_lupyne_79368723_20100808_190801_before_2.py,PythonFiles\lupyne\79368723\8b3d8f5d1f0c243b621e068ec0ecc84f35ff122c\8b3d8f5d1f0c243b621e068ec0ecc84f35ff122c_lupyne_79368723_20100808_190801_after_2.py
8b3d8f5d1f0c243b621e068ec0ecc84f35ff122c,lupyne,79368723,2010-08-08 19:08:01,+0000,distributed.py,MODIFY,2,2,PythonFiles\lupyne\79368723\8b3d8f5d1f0c243b621e068ec0ecc84f35ff122c\8b3d8f5d1f0c243b621e068ec0ecc84f35ff122c_lupyne_79368723_20100808_190801_before_3.py,PythonFiles\lupyne\79368723\8b3d8f5d1f0c243b621e068ec0ecc84f35ff122c\8b3d8f5d1f0c243b621e068ec0ecc84f35ff122c_lupyne_79368723_20100808_190801_after_3.py
8b3d8f5d1f0c243b621e068ec0ecc84f35ff122c,lupyne,79368723,2010-08-08 19:08:01,+0000,remote.py,MODIFY,5,6,PythonFiles\lupyne\79368723\8b3d8f5d1f0c243b621e068ec0ecc84f35ff122c\8b3d8f5d1f0c243b621e068ec0ecc84f35ff122c_lupyne_79368723_20100808_190801_before_4.py,PythonFiles\lupyne\79368723\8b3d8f5d1f0c243b621e068ec0ecc84f35ff122c\8b3d8f5d1f0c243b621e068ec0ecc84f35ff122c_lupyne_79368723_20100808_190801_after_4.py
8c898817712ed1ef3b892ff4d30b9f3a400c244c,lupyne,79368723,2010-08-27 18:15:31,+0000,__init__.py,MODIFY,6,1,PythonFiles\lupyne\79368723\8c898817712ed1ef3b892ff4d30b9f3a400c244c\8c898817712ed1ef3b892ff4d30b9f3a400c244c_lupyne_79368723_20100827_181531_before_1.py,PythonFiles\lupyne\79368723\8c898817712ed1ef3b892ff4d30b9f3a400c244c\8c898817712ed1ef3b892ff4d30b9f3a400c244c_lupyne_79368723_20100827_181531_after_1.py
8c898817712ed1ef3b892ff4d30b9f3a400c244c,lupyne,79368723,2010-08-27 18:15:31,+0000,local.py,MODIFY,1,0,PythonFiles\lupyne\79368723\8c898817712ed1ef3b892ff4d30b9f3a400c244c\8c898817712ed1ef3b892ff4d30b9f3a400c244c_lupyne_79368723_20100827_181531_before_2.py,PythonFiles\lupyne\79368723\8c898817712ed1ef3b892ff4d30b9f3a400c244c\8c898817712ed1ef3b892ff4d30b9f3a400c244c_lupyne_79368723_20100827_181531_after_2.py
6a78081377d95147b0be1ec27d12265839cee4f5,lupyne,79368723,2010-09-03 15:42:01,+0000,queries.py,MODIFY,10,0,PythonFiles\lupyne\79368723\6a78081377d95147b0be1ec27d12265839cee4f5\6a78081377d95147b0be1ec27d12265839cee4f5_lupyne_79368723_20100903_154201_before_1.py,PythonFiles\lupyne\79368723\6a78081377d95147b0be1ec27d12265839cee4f5\6a78081377d95147b0be1ec27d12265839cee4f5_lupyne_79368723_20100903_154201_after_1.py
6a78081377d95147b0be1ec27d12265839cee4f5,lupyne,79368723,2010-09-03 15:42:01,+0000,local.py,MODIFY,2,0,PythonFiles\lupyne\79368723\6a78081377d95147b0be1ec27d12265839cee4f5\6a78081377d95147b0be1ec27d12265839cee4f5_lupyne_79368723_20100903_154201_before_2.py,PythonFiles\lupyne\79368723\6a78081377d95147b0be1ec27d12265839cee4f5\6a78081377d95147b0be1ec27d12265839cee4f5_lupyne_79368723_20100903_154201_after_2.py
98d0b4a9f4fe07e2a4b1b1e1bb5a17e8a9a27ff7,lupyne,79368723,2010-09-12 16:04:30,+0000,client.py,MODIFY,3,4,PythonFiles\lupyne\79368723\98d0b4a9f4fe07e2a4b1b1e1bb5a17e8a9a27ff7\98d0b4a9f4fe07e2a4b1b1e1bb5a17e8a9a27ff7_lupyne_79368723_20100912_160430_before_1.py,PythonFiles\lupyne\79368723\98d0b4a9f4fe07e2a4b1b1e1bb5a17e8a9a27ff7\98d0b4a9f4fe07e2a4b1b1e1bb5a17e8a9a27ff7_lupyne_79368723_20100912_160430_after_1.py
98d0b4a9f4fe07e2a4b1b1e1bb5a17e8a9a27ff7,lupyne,79368723,2010-09-12 16:04:30,+0000,indexers.py,MODIFY,3,3,PythonFiles\lupyne\79368723\98d0b4a9f4fe07e2a4b1b1e1bb5a17e8a9a27ff7\98d0b4a9f4fe07e2a4b1b1e1bb5a17e8a9a27ff7_lupyne_79368723_20100912_160430_before_2.py,PythonFiles\lupyne\79368723\98d0b4a9f4fe07e2a4b1b1e1bb5a17e8a9a27ff7\98d0b4a9f4fe07e2a4b1b1e1bb5a17e8a9a27ff7_lupyne_79368723_20100912_160430_after_2.py
98d0b4a9f4fe07e2a4b1b1e1bb5a17e8a9a27ff7,lupyne,79368723,2010-09-12 16:04:30,+0000,numeric.py,MODIFY,4,4,PythonFiles\lupyne\79368723\98d0b4a9f4fe07e2a4b1b1e1bb5a17e8a9a27ff7\98d0b4a9f4fe07e2a4b1b1e1bb5a17e8a9a27ff7_lupyne_79368723_20100912_160430_before_3.py,PythonFiles\lupyne\79368723\98d0b4a9f4fe07e2a4b1b1e1bb5a17e8a9a27ff7\98d0b4a9f4fe07e2a4b1b1e1bb5a17e8a9a27ff7_lupyne_79368723_20100912_160430_after_3.py
98d0b4a9f4fe07e2a4b1b1e1bb5a17e8a9a27ff7,lupyne,79368723,2010-09-12 16:04:30,+0000,server.py,MODIFY,3,3,PythonFiles\lupyne\79368723\98d0b4a9f4fe07e2a4b1b1e1bb5a17e8a9a27ff7\98d0b4a9f4fe07e2a4b1b1e1bb5a17e8a9a27ff7_lupyne_79368723_20100912_160430_before_4.py,PythonFiles\lupyne\79368723\98d0b4a9f4fe07e2a4b1b1e1bb5a17e8a9a27ff7\98d0b4a9f4fe07e2a4b1b1e1bb5a17e8a9a27ff7_lupyne_79368723_20100912_160430_after_4.py
5a4013fe6333917424f074c9b71356f67f468b42,lupyne,79368723,2010-09-24 01:20:26,+0000,client.py,MODIFY,4,3,PythonFiles\lupyne\79368723\5a4013fe6333917424f074c9b71356f67f468b42\5a4013fe6333917424f074c9b71356f67f468b42_lupyne_79368723_20100924_012026_before_1.py,PythonFiles\lupyne\79368723\5a4013fe6333917424f074c9b71356f67f468b42\5a4013fe6333917424f074c9b71356f67f468b42_lupyne_79368723_20100924_012026_after_1.py
5a4013fe6333917424f074c9b71356f67f468b42,lupyne,79368723,2010-09-24 01:20:26,+0000,documents.py,MODIFY,6,5,PythonFiles\lupyne\79368723\5a4013fe6333917424f074c9b71356f67f468b42\5a4013fe6333917424f074c9b71356f67f468b42_lupyne_79368723_20100924_012026_before_2.py,PythonFiles\lupyne\79368723\5a4013fe6333917424f074c9b71356f67f468b42\5a4013fe6333917424f074c9b71356f67f468b42_lupyne_79368723_20100924_012026_after_2.py
5a4013fe6333917424f074c9b71356f67f468b42,lupyne,79368723,2010-09-24 01:20:26,+0000,indexers.py,MODIFY,6,5,PythonFiles\lupyne\79368723\5a4013fe6333917424f074c9b71356f67f468b42\5a4013fe6333917424f074c9b71356f67f468b42_lupyne_79368723_20100924_012026_before_3.py,PythonFiles\lupyne\79368723\5a4013fe6333917424f074c9b71356f67f468b42\5a4013fe6333917424f074c9b71356f67f468b42_lupyne_79368723_20100924_012026_after_3.py
5a4013fe6333917424f074c9b71356f67f468b42,lupyne,79368723,2010-09-24 01:20:26,+0000,numeric.py,MODIFY,2,1,PythonFiles\lupyne\79368723\5a4013fe6333917424f074c9b71356f67f468b42\5a4013fe6333917424f074c9b71356f67f468b42_lupyne_79368723_20100924_012026_before_4.py,PythonFiles\lupyne\79368723\5a4013fe6333917424f074c9b71356f67f468b42\5a4013fe6333917424f074c9b71356f67f468b42_lupyne_79368723_20100924_012026_after_4.py
5a4013fe6333917424f074c9b71356f67f468b42,lupyne,79368723,2010-09-24 01:20:26,+0000,queries.py,MODIFY,9,8,PythonFiles\lupyne\79368723\5a4013fe6333917424f074c9b71356f67f468b42\5a4013fe6333917424f074c9b71356f67f468b42_lupyne_79368723_20100924_012026_before_5.py,PythonFiles\lupyne\79368723\5a4013fe6333917424f074c9b71356f67f468b42\5a4013fe6333917424f074c9b71356f67f468b42_lupyne_79368723_20100924_012026_after_5.py
5a4013fe6333917424f074c9b71356f67f468b42,lupyne,79368723,2010-09-24 01:20:26,+0000,server.py,MODIFY,4,3,PythonFiles\lupyne\79368723\5a4013fe6333917424f074c9b71356f67f468b42\5a4013fe6333917424f074c9b71356f67f468b42_lupyne_79368723_20100924_012026_before_6.py,PythonFiles\lupyne\79368723\5a4013fe6333917424f074c9b71356f67f468b42\5a4013fe6333917424f074c9b71356f67f468b42_lupyne_79368723_20100924_012026_after_6.py
5a4013fe6333917424f074c9b71356f67f468b42,lupyne,79368723,2010-09-24 01:20:26,+0000,distributed.py,MODIFY,3,2,PythonFiles\lupyne\79368723\5a4013fe6333917424f074c9b71356f67f468b42\5a4013fe6333917424f074c9b71356f67f468b42_lupyne_79368723_20100924_012026_before_7.py,PythonFiles\lupyne\79368723\5a4013fe6333917424f074c9b71356f67f468b42\5a4013fe6333917424f074c9b71356f67f468b42_lupyne_79368723_20100924_012026_after_7.py
5a4013fe6333917424f074c9b71356f67f468b42,lupyne,79368723,2010-09-24 01:20:26,+0000,local.py,MODIFY,4,3,PythonFiles\lupyne\79368723\5a4013fe6333917424f074c9b71356f67f468b42\5a4013fe6333917424f074c9b71356f67f468b42_lupyne_79368723_20100924_012026_before_8.py,PythonFiles\lupyne\79368723\5a4013fe6333917424f074c9b71356f67f468b42\5a4013fe6333917424f074c9b71356f67f468b42_lupyne_79368723_20100924_012026_after_8.py
5a4013fe6333917424f074c9b71356f67f468b42,lupyne,79368723,2010-09-24 01:20:26,+0000,remote.py,MODIFY,2,1,PythonFiles\lupyne\79368723\5a4013fe6333917424f074c9b71356f67f468b42\5a4013fe6333917424f074c9b71356f67f468b42_lupyne_79368723_20100924_012026_before_9.py,PythonFiles\lupyne\79368723\5a4013fe6333917424f074c9b71356f67f468b42\5a4013fe6333917424f074c9b71356f67f468b42_lupyne_79368723_20100924_012026_after_9.py
77da490b92810bcd74e955fa436c051b2b71cbd0,lupyne,79368723,2010-09-25 03:21:07,+0000,numeric.py,MODIFY,2,2,PythonFiles\lupyne\79368723\77da490b92810bcd74e955fa436c051b2b71cbd0\77da490b92810bcd74e955fa436c051b2b71cbd0_lupyne_79368723_20100925_032107_before_1.py,PythonFiles\lupyne\79368723\77da490b92810bcd74e955fa436c051b2b71cbd0\77da490b92810bcd74e955fa436c051b2b71cbd0_lupyne_79368723_20100925_032107_after_1.py
77da490b92810bcd74e955fa436c051b2b71cbd0,lupyne,79368723,2010-09-25 03:21:07,+0000,local.py,MODIFY,1,1,PythonFiles\lupyne\79368723\77da490b92810bcd74e955fa436c051b2b71cbd0\77da490b92810bcd74e955fa436c051b2b71cbd0_lupyne_79368723_20100925_032107_before_2.py,PythonFiles\lupyne\79368723\77da490b92810bcd74e955fa436c051b2b71cbd0\77da490b92810bcd74e955fa436c051b2b71cbd0_lupyne_79368723_20100925_032107_after_2.py
be762b279d0bc7ca3eb1380d6d9d008e0e9f17b2,lupyne,79368723,2010-09-30 05:37:30,+0000,server.py,MODIFY,16,6,PythonFiles\lupyne\79368723\be762b279d0bc7ca3eb1380d6d9d008e0e9f17b2\be762b279d0bc7ca3eb1380d6d9d008e0e9f17b2_lupyne_79368723_20100930_053730_before_1.py,PythonFiles\lupyne\79368723\be762b279d0bc7ca3eb1380d6d9d008e0e9f17b2\be762b279d0bc7ca3eb1380d6d9d008e0e9f17b2_lupyne_79368723_20100930_053730_after_1.py
7e2165a5af244e843c58846631675e46ea9c9e44,lupyne,79368723,2010-09-30 05:53:58,+0000,conf.py,MODIFY,1,1,PythonFiles\lupyne\79368723\7e2165a5af244e843c58846631675e46ea9c9e44\7e2165a5af244e843c58846631675e46ea9c9e44_lupyne_79368723_20100930_055358_before_15.py,PythonFiles\lupyne\79368723\7e2165a5af244e843c58846631675e46ea9c9e44\7e2165a5af244e843c58846631675e46ea9c9e44_lupyne_79368723_20100930_055358_after_15.py
7e2165a5af244e843c58846631675e46ea9c9e44,lupyne,79368723,2010-09-30 05:53:58,+0000,documents.py,MODIFY,4,4,PythonFiles\lupyne\79368723\7e2165a5af244e843c58846631675e46ea9c9e44\7e2165a5af244e843c58846631675e46ea9c9e44_lupyne_79368723_20100930_055358_before_16.py,PythonFiles\lupyne\79368723\7e2165a5af244e843c58846631675e46ea9c9e44\7e2165a5af244e843c58846631675e46ea9c9e44_lupyne_79368723_20100930_055358_after_16.py
7e2165a5af244e843c58846631675e46ea9c9e44,lupyne,79368723,2010-09-30 05:53:58,+0000,indexers.py,MODIFY,1,1,PythonFiles\lupyne\79368723\7e2165a5af244e843c58846631675e46ea9c9e44\7e2165a5af244e843c58846631675e46ea9c9e44_lupyne_79368723_20100930_055358_before_17.py,PythonFiles\lupyne\79368723\7e2165a5af244e843c58846631675e46ea9c9e44\7e2165a5af244e843c58846631675e46ea9c9e44_lupyne_79368723_20100930_055358_after_17.py
7e2165a5af244e843c58846631675e46ea9c9e44,lupyne,79368723,2010-09-30 05:53:58,+0000,numeric.py,MODIFY,1,1,PythonFiles\lupyne\79368723\7e2165a5af244e843c58846631675e46ea9c9e44\7e2165a5af244e843c58846631675e46ea9c9e44_lupyne_79368723_20100930_055358_before_18.py,PythonFiles\lupyne\79368723\7e2165a5af244e843c58846631675e46ea9c9e44\7e2165a5af244e843c58846631675e46ea9c9e44_lupyne_79368723_20100930_055358_after_18.py
7e2165a5af244e843c58846631675e46ea9c9e44,lupyne,79368723,2010-09-30 05:53:58,+0000,__init__.py,MODIFY,1,1,PythonFiles\lupyne\79368723\7e2165a5af244e843c58846631675e46ea9c9e44\7e2165a5af244e843c58846631675e46ea9c9e44_lupyne_79368723_20100930_055358_before_19.py,PythonFiles\lupyne\79368723\7e2165a5af244e843c58846631675e46ea9c9e44\7e2165a5af244e843c58846631675e46ea9c9e44_lupyne_79368723_20100930_055358_after_19.py
4e300b5af754447692dd4b20a0467a82cea72798,lupyne,79368723,2010-10-02 20:58:04,+0000,indexers.py,MODIFY,17,0,PythonFiles\lupyne\79368723\4e300b5af754447692dd4b20a0467a82cea72798\4e300b5af754447692dd4b20a0467a82cea72798_lupyne_79368723_20101002_205804_before_1.py,PythonFiles\lupyne\79368723\4e300b5af754447692dd4b20a0467a82cea72798\4e300b5af754447692dd4b20a0467a82cea72798_lupyne_79368723_20101002_205804_after_1.py
4e300b5af754447692dd4b20a0467a82cea72798,lupyne,79368723,2010-10-02 20:58:04,+0000,local.py,MODIFY,5,0,PythonFiles\lupyne\79368723\4e300b5af754447692dd4b20a0467a82cea72798\4e300b5af754447692dd4b20a0467a82cea72798_lupyne_79368723_20101002_205804_before_2.py,PythonFiles\lupyne\79368723\4e300b5af754447692dd4b20a0467a82cea72798\4e300b5af754447692dd4b20a0467a82cea72798_lupyne_79368723_20101002_205804_after_2.py
603eed6c5fe254beb2f43afe8ecd5d621201c222,lupyne,79368723,2010-10-07 00:14:11,+0000,indexers.py,MODIFY,27,0,PythonFiles\lupyne\79368723\603eed6c5fe254beb2f43afe8ecd5d621201c222\603eed6c5fe254beb2f43afe8ecd5d621201c222_lupyne_79368723_20101007_001411_before_1.py,PythonFiles\lupyne\79368723\603eed6c5fe254beb2f43afe8ecd5d621201c222\603eed6c5fe254beb2f43afe8ecd5d621201c222_lupyne_79368723_20101007_001411_after_1.py
603eed6c5fe254beb2f43afe8ecd5d621201c222,lupyne,79368723,2010-10-07 00:14:11,+0000,local.py,MODIFY,11,0,PythonFiles\lupyne\79368723\603eed6c5fe254beb2f43afe8ecd5d621201c222\603eed6c5fe254beb2f43afe8ecd5d621201c222_lupyne_79368723_20101007_001411_before_2.py,PythonFiles\lupyne\79368723\603eed6c5fe254beb2f43afe8ecd5d621201c222\603eed6c5fe254beb2f43afe8ecd5d621201c222_lupyne_79368723_20101007_001411_after_2.py
7a75bbeab04a08b878f0f48ea087dd2e3cb0bffd,lupyne,79368723,2010-10-27 00:27:39,+0000,client.py,MODIFY,17,17,PythonFiles\lupyne\79368723\7a75bbeab04a08b878f0f48ea087dd2e3cb0bffd\7a75bbeab04a08b878f0f48ea087dd2e3cb0bffd_lupyne_79368723_20101027_002739_before_1.py,PythonFiles\lupyne\79368723\7a75bbeab04a08b878f0f48ea087dd2e3cb0bffd\7a75bbeab04a08b878f0f48ea087dd2e3cb0bffd_lupyne_79368723_20101027_002739_after_1.py
9be8cfe7b93cc815292b7d69cd41a51b5917cebb,lupyne,79368723,2010-11-03 01:13:31,+0000,client.py,MODIFY,24,15,PythonFiles\lupyne\79368723\9be8cfe7b93cc815292b7d69cd41a51b5917cebb\9be8cfe7b93cc815292b7d69cd41a51b5917cebb_lupyne_79368723_20101103_011331_before_8.py,PythonFiles\lupyne\79368723\9be8cfe7b93cc815292b7d69cd41a51b5917cebb\9be8cfe7b93cc815292b7d69cd41a51b5917cebb_lupyne_79368723_20101103_011331_after_8.py
9be8cfe7b93cc815292b7d69cd41a51b5917cebb,lupyne,79368723,2010-11-03 01:13:31,+0000,remote.py,MODIFY,3,1,PythonFiles\lupyne\79368723\9be8cfe7b93cc815292b7d69cd41a51b5917cebb\9be8cfe7b93cc815292b7d69cd41a51b5917cebb_lupyne_79368723_20101103_011331_before_9.py,PythonFiles\lupyne\79368723\9be8cfe7b93cc815292b7d69cd41a51b5917cebb\9be8cfe7b93cc815292b7d69cd41a51b5917cebb_lupyne_79368723_20101103_011331_after_9.py
68fe11caf038c429d0be711dc01f43b9b223d10d,lupyne,79368723,2010-11-21 01:15:42,+0000,server.py,MODIFY,6,4,PythonFiles\lupyne\79368723\68fe11caf038c429d0be711dc01f43b9b223d10d\68fe11caf038c429d0be711dc01f43b9b223d10d_lupyne_79368723_20101121_011542_before_1.py,PythonFiles\lupyne\79368723\68fe11caf038c429d0be711dc01f43b9b223d10d\68fe11caf038c429d0be711dc01f43b9b223d10d_lupyne_79368723_20101121_011542_after_1.py
68fe11caf038c429d0be711dc01f43b9b223d10d,lupyne,79368723,2010-11-21 01:15:42,+0000,remote.py,MODIFY,2,0,PythonFiles\lupyne\79368723\68fe11caf038c429d0be711dc01f43b9b223d10d\68fe11caf038c429d0be711dc01f43b9b223d10d_lupyne_79368723_20101121_011542_before_2.py,PythonFiles\lupyne\79368723\68fe11caf038c429d0be711dc01f43b9b223d10d\68fe11caf038c429d0be711dc01f43b9b223d10d_lupyne_79368723_20101121_011542_after_2.py
fd19c344d39cafd8883b6667448f13107b35d323,lupyne,79368723,2010-11-21 01:47:14,+0000,indexers.py,MODIFY,10,1,PythonFiles\lupyne\79368723\fd19c344d39cafd8883b6667448f13107b35d323\fd19c344d39cafd8883b6667448f13107b35d323_lupyne_79368723_20101121_014714_before_1.py,PythonFiles\lupyne\79368723\fd19c344d39cafd8883b6667448f13107b35d323\fd19c344d39cafd8883b6667448f13107b35d323_lupyne_79368723_20101121_014714_after_1.py
fd19c344d39cafd8883b6667448f13107b35d323,lupyne,79368723,2010-11-21 01:47:14,+0000,local.py,MODIFY,2,0,PythonFiles\lupyne\79368723\fd19c344d39cafd8883b6667448f13107b35d323\fd19c344d39cafd8883b6667448f13107b35d323_lupyne_79368723_20101121_014714_before_2.py,PythonFiles\lupyne\79368723\fd19c344d39cafd8883b6667448f13107b35d323\fd19c344d39cafd8883b6667448f13107b35d323_lupyne_79368723_20101121_014714_after_2.py
f2a5eb4036a6ea08951fafe0dc7c118fd1a58a2c,lupyne,79368723,2010-11-21 01:52:32,+0000,client.py,MODIFY,1,3,PythonFiles\lupyne\79368723\f2a5eb4036a6ea08951fafe0dc7c118fd1a58a2c\f2a5eb4036a6ea08951fafe0dc7c118fd1a58a2c_lupyne_79368723_20101121_015232_before_1.py,PythonFiles\lupyne\79368723\f2a5eb4036a6ea08951fafe0dc7c118fd1a58a2c\f2a5eb4036a6ea08951fafe0dc7c118fd1a58a2c_lupyne_79368723_20101121_015232_after_1.py
f2a5eb4036a6ea08951fafe0dc7c118fd1a58a2c,lupyne,79368723,2010-11-21 01:52:32,+0000,documents.py,MODIFY,2,7,PythonFiles\lupyne\79368723\f2a5eb4036a6ea08951fafe0dc7c118fd1a58a2c\f2a5eb4036a6ea08951fafe0dc7c118fd1a58a2c_lupyne_79368723_20101121_015232_before_2.py,PythonFiles\lupyne\79368723\f2a5eb4036a6ea08951fafe0dc7c118fd1a58a2c\f2a5eb4036a6ea08951fafe0dc7c118fd1a58a2c_lupyne_79368723_20101121_015232_after_2.py
bc259e9dd65189de22029a71f32aaeba9e8e5fa6,lupyne,79368723,2010-11-23 22:49:40,+0000,server.py,MODIFY,2,2,PythonFiles\lupyne\79368723\bc259e9dd65189de22029a71f32aaeba9e8e5fa6\bc259e9dd65189de22029a71f32aaeba9e8e5fa6_lupyne_79368723_20101123_224940_before_1.py,PythonFiles\lupyne\79368723\bc259e9dd65189de22029a71f32aaeba9e8e5fa6\bc259e9dd65189de22029a71f32aaeba9e8e5fa6_lupyne_79368723_20101123_224940_after_1.py
bc259e9dd65189de22029a71f32aaeba9e8e5fa6,lupyne,79368723,2010-11-23 22:49:40,+0000,remote.py,MODIFY,4,0,PythonFiles\lupyne\79368723\bc259e9dd65189de22029a71f32aaeba9e8e5fa6\bc259e9dd65189de22029a71f32aaeba9e8e5fa6_lupyne_79368723_20101123_224940_before_2.py,PythonFiles\lupyne\79368723\bc259e9dd65189de22029a71f32aaeba9e8e5fa6\bc259e9dd65189de22029a71f32aaeba9e8e5fa6_lupyne_79368723_20101123_224940_after_2.py
9e5eff5817bb2ad8d4cc80c72e766935dd515110,lupyne,79368723,2010-11-28 22:30:36,+0000,server.py,MODIFY,2,1,PythonFiles\lupyne\79368723\9e5eff5817bb2ad8d4cc80c72e766935dd515110\9e5eff5817bb2ad8d4cc80c72e766935dd515110_lupyne_79368723_20101128_223036_before_1.py,PythonFiles\lupyne\79368723\9e5eff5817bb2ad8d4cc80c72e766935dd515110\9e5eff5817bb2ad8d4cc80c72e766935dd515110_lupyne_79368723_20101128_223036_after_1.py
9e5eff5817bb2ad8d4cc80c72e766935dd515110,lupyne,79368723,2010-11-28 22:30:36,+0000,remote.py,MODIFY,2,0,PythonFiles\lupyne\79368723\9e5eff5817bb2ad8d4cc80c72e766935dd515110\9e5eff5817bb2ad8d4cc80c72e766935dd515110_lupyne_79368723_20101128_223036_before_2.py,PythonFiles\lupyne\79368723\9e5eff5817bb2ad8d4cc80c72e766935dd515110\9e5eff5817bb2ad8d4cc80c72e766935dd515110_lupyne_79368723_20101128_223036_after_2.py
d6900e1a23b5e5b4b6f3fe07b418adcac54f135d,lupyne,79368723,2010-11-30 02:23:00,+0000,server.py,MODIFY,6,6,PythonFiles\lupyne\79368723\d6900e1a23b5e5b4b6f3fe07b418adcac54f135d\d6900e1a23b5e5b4b6f3fe07b418adcac54f135d_lupyne_79368723_20101130_022300_before_1.py,PythonFiles\lupyne\79368723\d6900e1a23b5e5b4b6f3fe07b418adcac54f135d\d6900e1a23b5e5b4b6f3fe07b418adcac54f135d_lupyne_79368723_20101130_022300_after_1.py
c5066438c132968ad006290412aab1db2ab557a5,lupyne,79368723,2010-11-30 03:53:37,+0000,client.py,MODIFY,4,0,PythonFiles\lupyne\79368723\c5066438c132968ad006290412aab1db2ab557a5\c5066438c132968ad006290412aab1db2ab557a5_lupyne_79368723_20101130_035337_before_2.py,PythonFiles\lupyne\79368723\c5066438c132968ad006290412aab1db2ab557a5\c5066438c132968ad006290412aab1db2ab557a5_lupyne_79368723_20101130_035337_after_2.py
c5066438c132968ad006290412aab1db2ab557a5,lupyne,79368723,2010-11-30 03:53:37,+0000,server.py,MODIFY,27,25,PythonFiles\lupyne\79368723\c5066438c132968ad006290412aab1db2ab557a5\c5066438c132968ad006290412aab1db2ab557a5_lupyne_79368723_20101130_035337_before_3.py,PythonFiles\lupyne\79368723\c5066438c132968ad006290412aab1db2ab557a5\c5066438c132968ad006290412aab1db2ab557a5_lupyne_79368723_20101130_035337_after_3.py
c5066438c132968ad006290412aab1db2ab557a5,lupyne,79368723,2010-11-30 03:53:37,+0000,remote.py,MODIFY,6,3,PythonFiles\lupyne\79368723\c5066438c132968ad006290412aab1db2ab557a5\c5066438c132968ad006290412aab1db2ab557a5_lupyne_79368723_20101130_035337_before_4.py,PythonFiles\lupyne\79368723\c5066438c132968ad006290412aab1db2ab557a5\c5066438c132968ad006290412aab1db2ab557a5_lupyne_79368723_20101130_035337_after_4.py
bcda7f54632527eb0460c1199aa04542bb953a11,lupyne,79368723,2010-12-01 03:40:30,+0000,server.py,MODIFY,14,9,PythonFiles\lupyne\79368723\bcda7f54632527eb0460c1199aa04542bb953a11\bcda7f54632527eb0460c1199aa04542bb953a11_lupyne_79368723_20101201_034030_before_1.py,PythonFiles\lupyne\79368723\bcda7f54632527eb0460c1199aa04542bb953a11\bcda7f54632527eb0460c1199aa04542bb953a11_lupyne_79368723_20101201_034030_after_1.py
bcda7f54632527eb0460c1199aa04542bb953a11,lupyne,79368723,2010-12-01 03:40:30,+0000,remote.py,MODIFY,3,0,PythonFiles\lupyne\79368723\bcda7f54632527eb0460c1199aa04542bb953a11\bcda7f54632527eb0460c1199aa04542bb953a11_lupyne_79368723_20101201_034030_before_2.py,PythonFiles\lupyne\79368723\bcda7f54632527eb0460c1199aa04542bb953a11\bcda7f54632527eb0460c1199aa04542bb953a11_lupyne_79368723_20101201_034030_after_2.py
0e0fbb525da070ea918103227b3967fa51f40fe1,lupyne,79368723,2010-12-05 01:48:18,+0000,server.py,MODIFY,34,13,PythonFiles\lupyne\79368723\0e0fbb525da070ea918103227b3967fa51f40fe1\0e0fbb525da070ea918103227b3967fa51f40fe1_lupyne_79368723_20101205_014818_before_1.py,PythonFiles\lupyne\79368723\0e0fbb525da070ea918103227b3967fa51f40fe1\0e0fbb525da070ea918103227b3967fa51f40fe1_lupyne_79368723_20101205_014818_after_1.py
0e0fbb525da070ea918103227b3967fa51f40fe1,lupyne,79368723,2010-12-05 01:48:18,+0000,remote.py,MODIFY,13,0,PythonFiles\lupyne\79368723\0e0fbb525da070ea918103227b3967fa51f40fe1\0e0fbb525da070ea918103227b3967fa51f40fe1_lupyne_79368723_20101205_014818_before_2.py,PythonFiles\lupyne\79368723\0e0fbb525da070ea918103227b3967fa51f40fe1\0e0fbb525da070ea918103227b3967fa51f40fe1_lupyne_79368723_20101205_014818_after_2.py
a47626c60c3ea18289b8a59542165870268a1935,lupyne,79368723,2010-12-05 22:34:30,+0000,client.py,MODIFY,1,0,PythonFiles\lupyne\79368723\a47626c60c3ea18289b8a59542165870268a1935\a47626c60c3ea18289b8a59542165870268a1935_lupyne_79368723_20101205_223430_before_3.py,PythonFiles\lupyne\79368723\a47626c60c3ea18289b8a59542165870268a1935\a47626c60c3ea18289b8a59542165870268a1935_lupyne_79368723_20101205_223430_after_3.py
a47626c60c3ea18289b8a59542165870268a1935,lupyne,79368723,2010-12-05 22:34:30,+0000,server.py,MODIFY,15,5,PythonFiles\lupyne\79368723\a47626c60c3ea18289b8a59542165870268a1935\a47626c60c3ea18289b8a59542165870268a1935_lupyne_79368723_20101205_223430_before_4.py,PythonFiles\lupyne\79368723\a47626c60c3ea18289b8a59542165870268a1935\a47626c60c3ea18289b8a59542165870268a1935_lupyne_79368723_20101205_223430_after_4.py
a47626c60c3ea18289b8a59542165870268a1935,lupyne,79368723,2010-12-05 22:34:30,+0000,remote.py,MODIFY,1,1,PythonFiles\lupyne\79368723\a47626c60c3ea18289b8a59542165870268a1935\a47626c60c3ea18289b8a59542165870268a1935_lupyne_79368723_20101205_223430_before_5.py,PythonFiles\lupyne\79368723\a47626c60c3ea18289b8a59542165870268a1935\a47626c60c3ea18289b8a59542165870268a1935_lupyne_79368723_20101205_223430_after_5.py
8f30dfe11a873468d247e0bd9e4b35e6d9b085fc,lupyne,79368723,2010-12-05 23:19:10,+0000,queries.py,MODIFY,2,2,PythonFiles\lupyne\79368723\8f30dfe11a873468d247e0bd9e4b35e6d9b085fc\8f30dfe11a873468d247e0bd9e4b35e6d9b085fc_lupyne_79368723_20101205_231910_before_16.py,PythonFiles\lupyne\79368723\8f30dfe11a873468d247e0bd9e4b35e6d9b085fc\8f30dfe11a873468d247e0bd9e4b35e6d9b085fc_lupyne_79368723_20101205_231910_after_16.py
8f30dfe11a873468d247e0bd9e4b35e6d9b085fc,lupyne,79368723,2010-12-05 23:19:10,+0000,server.py,MODIFY,20,7,PythonFiles\lupyne\79368723\8f30dfe11a873468d247e0bd9e4b35e6d9b085fc\8f30dfe11a873468d247e0bd9e4b35e6d9b085fc_lupyne_79368723_20101205_231910_before_17.py,PythonFiles\lupyne\79368723\8f30dfe11a873468d247e0bd9e4b35e6d9b085fc\8f30dfe11a873468d247e0bd9e4b35e6d9b085fc_lupyne_79368723_20101205_231910_after_17.py
b2a64dc246513876a269af3c745151a5c648a45a,lupyne,79368723,2010-12-06 02:44:48,+0000,server.py,MODIFY,5,2,PythonFiles\lupyne\79368723\b2a64dc246513876a269af3c745151a5c648a45a\b2a64dc246513876a269af3c745151a5c648a45a_lupyne_79368723_20101206_024448_before_1.py,PythonFiles\lupyne\79368723\b2a64dc246513876a269af3c745151a5c648a45a\b2a64dc246513876a269af3c745151a5c648a45a_lupyne_79368723_20101206_024448_after_1.py
b2a64dc246513876a269af3c745151a5c648a45a,lupyne,79368723,2010-12-06 02:44:48,+0000,remote.py,MODIFY,4,1,PythonFiles\lupyne\79368723\b2a64dc246513876a269af3c745151a5c648a45a\b2a64dc246513876a269af3c745151a5c648a45a_lupyne_79368723_20101206_024448_before_2.py,PythonFiles\lupyne\79368723\b2a64dc246513876a269af3c745151a5c648a45a\b2a64dc246513876a269af3c745151a5c648a45a_lupyne_79368723_20101206_024448_after_2.py
f6ee379984cd57df1bf084c5727a40d8d8269ecf,lupyne,79368723,2010-12-08 01:40:01,+0000,indexers.py,MODIFY,1,1,PythonFiles\lupyne\79368723\f6ee379984cd57df1bf084c5727a40d8d8269ecf\f6ee379984cd57df1bf084c5727a40d8d8269ecf_lupyne_79368723_20101208_014001_before_1.py,PythonFiles\lupyne\79368723\f6ee379984cd57df1bf084c5727a40d8d8269ecf\f6ee379984cd57df1bf084c5727a40d8d8269ecf_lupyne_79368723_20101208_014001_after_1.py
e6bb37c4e6e9cc5bc500ce3ab6ec2d468c1ee1a4,lupyne,79368723,2010-12-11 19:03:19,+0000,__init__.py,MODIFY,1,1,PythonFiles\lupyne\79368723\e6bb37c4e6e9cc5bc500ce3ab6ec2d468c1ee1a4\e6bb37c4e6e9cc5bc500ce3ab6ec2d468c1ee1a4_lupyne_79368723_20101211_190319_before_2.py,PythonFiles\lupyne\79368723\e6bb37c4e6e9cc5bc500ce3ab6ec2d468c1ee1a4\e6bb37c4e6e9cc5bc500ce3ab6ec2d468c1ee1a4_lupyne_79368723_20101211_190319_after_2.py
e6bb37c4e6e9cc5bc500ce3ab6ec2d468c1ee1a4,lupyne,79368723,2010-12-11 19:03:19,+0000,indexers.py,MODIFY,5,11,PythonFiles\lupyne\79368723\e6bb37c4e6e9cc5bc500ce3ab6ec2d468c1ee1a4\e6bb37c4e6e9cc5bc500ce3ab6ec2d468c1ee1a4_lupyne_79368723_20101211_190319_before_3.py,PythonFiles\lupyne\79368723\e6bb37c4e6e9cc5bc500ce3ab6ec2d468c1ee1a4\e6bb37c4e6e9cc5bc500ce3ab6ec2d468c1ee1a4_lupyne_79368723_20101211_190319_after_3.py
e6bb37c4e6e9cc5bc500ce3ab6ec2d468c1ee1a4,lupyne,79368723,2010-12-11 19:03:19,+0000,queries.py,MODIFY,22,0,PythonFiles\lupyne\79368723\e6bb37c4e6e9cc5bc500ce3ab6ec2d468c1ee1a4\e6bb37c4e6e9cc5bc500ce3ab6ec2d468c1ee1a4_lupyne_79368723_20101211_190319_before_4.py,PythonFiles\lupyne\79368723\e6bb37c4e6e9cc5bc500ce3ab6ec2d468c1ee1a4\e6bb37c4e6e9cc5bc500ce3ab6ec2d468c1ee1a4_lupyne_79368723_20101211_190319_after_4.py
e6bb37c4e6e9cc5bc500ce3ab6ec2d468c1ee1a4,lupyne,79368723,2010-12-11 19:03:19,+0000,server.py,MODIFY,1,1,PythonFiles\lupyne\79368723\e6bb37c4e6e9cc5bc500ce3ab6ec2d468c1ee1a4\e6bb37c4e6e9cc5bc500ce3ab6ec2d468c1ee1a4_lupyne_79368723_20101211_190319_before_5.py,PythonFiles\lupyne\79368723\e6bb37c4e6e9cc5bc500ce3ab6ec2d468c1ee1a4\e6bb37c4e6e9cc5bc500ce3ab6ec2d468c1ee1a4_lupyne_79368723_20101211_190319_after_5.py
e6bb37c4e6e9cc5bc500ce3ab6ec2d468c1ee1a4,lupyne,79368723,2010-12-11 19:03:19,+0000,local.py,MODIFY,3,3,PythonFiles\lupyne\79368723\e6bb37c4e6e9cc5bc500ce3ab6ec2d468c1ee1a4\e6bb37c4e6e9cc5bc500ce3ab6ec2d468c1ee1a4_lupyne_79368723_20101211_190319_before_6.py,PythonFiles\lupyne\79368723\e6bb37c4e6e9cc5bc500ce3ab6ec2d468c1ee1a4\e6bb37c4e6e9cc5bc500ce3ab6ec2d468c1ee1a4_lupyne_79368723_20101211_190319_after_6.py
18e396d01e16334c78c2c1989b03f3a5e07d92b4,lupyne,79368723,2010-12-12 01:29:57,+0000,indexers.py,MODIFY,14,9,PythonFiles\lupyne\79368723\18e396d01e16334c78c2c1989b03f3a5e07d92b4\18e396d01e16334c78c2c1989b03f3a5e07d92b4_lupyne_79368723_20101212_012957_before_1.py,PythonFiles\lupyne\79368723\18e396d01e16334c78c2c1989b03f3a5e07d92b4\18e396d01e16334c78c2c1989b03f3a5e07d92b4_lupyne_79368723_20101212_012957_after_1.py
10f42d7630392d3f74eb7b7edf8d4a17ea8c55bf,lupyne,79368723,2010-12-12 20:01:31,+0000,indexers.py,MODIFY,15,4,PythonFiles\lupyne\79368723\10f42d7630392d3f74eb7b7edf8d4a17ea8c55bf\10f42d7630392d3f74eb7b7edf8d4a17ea8c55bf_lupyne_79368723_20101212_200131_before_2.py,PythonFiles\lupyne\79368723\10f42d7630392d3f74eb7b7edf8d4a17ea8c55bf\10f42d7630392d3f74eb7b7edf8d4a17ea8c55bf_lupyne_79368723_20101212_200131_after_2.py
10f42d7630392d3f74eb7b7edf8d4a17ea8c55bf,lupyne,79368723,2010-12-12 20:01:31,+0000,server.py,MODIFY,4,8,PythonFiles\lupyne\79368723\10f42d7630392d3f74eb7b7edf8d4a17ea8c55bf\10f42d7630392d3f74eb7b7edf8d4a17ea8c55bf_lupyne_79368723_20101212_200131_before_3.py,PythonFiles\lupyne\79368723\10f42d7630392d3f74eb7b7edf8d4a17ea8c55bf\10f42d7630392d3f74eb7b7edf8d4a17ea8c55bf_lupyne_79368723_20101212_200131_after_3.py
10f42d7630392d3f74eb7b7edf8d4a17ea8c55bf,lupyne,79368723,2010-12-12 20:01:31,+0000,local.py,MODIFY,8,0,PythonFiles\lupyne\79368723\10f42d7630392d3f74eb7b7edf8d4a17ea8c55bf\10f42d7630392d3f74eb7b7edf8d4a17ea8c55bf_lupyne_79368723_20101212_200131_before_4.py,PythonFiles\lupyne\79368723\10f42d7630392d3f74eb7b7edf8d4a17ea8c55bf\10f42d7630392d3f74eb7b7edf8d4a17ea8c55bf_lupyne_79368723_20101212_200131_after_4.py
10f42d7630392d3f74eb7b7edf8d4a17ea8c55bf,lupyne,79368723,2010-12-12 20:01:31,+0000,remote.py,MODIFY,1,1,PythonFiles\lupyne\79368723\10f42d7630392d3f74eb7b7edf8d4a17ea8c55bf\10f42d7630392d3f74eb7b7edf8d4a17ea8c55bf_lupyne_79368723_20101212_200131_before_5.py,PythonFiles\lupyne\79368723\10f42d7630392d3f74eb7b7edf8d4a17ea8c55bf\10f42d7630392d3f74eb7b7edf8d4a17ea8c55bf_lupyne_79368723_20101212_200131_after_5.py
0ca8b87d32e21218e47747c3fed0a15a41f0c4b1,lupyne,79368723,2010-12-12 23:38:57,+0000,indexers.py,MODIFY,1,1,PythonFiles\lupyne\79368723\0ca8b87d32e21218e47747c3fed0a15a41f0c4b1\0ca8b87d32e21218e47747c3fed0a15a41f0c4b1_lupyne_79368723_20101212_233857_before_1.py,PythonFiles\lupyne\79368723\0ca8b87d32e21218e47747c3fed0a15a41f0c4b1\0ca8b87d32e21218e47747c3fed0a15a41f0c4b1_lupyne_79368723_20101212_233857_after_1.py
0ca8b87d32e21218e47747c3fed0a15a41f0c4b1,lupyne,79368723,2010-12-12 23:38:57,+0000,local.py,MODIFY,5,0,PythonFiles\lupyne\79368723\0ca8b87d32e21218e47747c3fed0a15a41f0c4b1\0ca8b87d32e21218e47747c3fed0a15a41f0c4b1_lupyne_79368723_20101212_233857_before_2.py,PythonFiles\lupyne\79368723\0ca8b87d32e21218e47747c3fed0a15a41f0c4b1\0ca8b87d32e21218e47747c3fed0a15a41f0c4b1_lupyne_79368723_20101212_233857_after_2.py
e0de3817877980a704d91ffbc3155e97d4bda056,lupyne,79368723,2010-12-17 01:06:43,+0000,indexers.py,MODIFY,9,7,PythonFiles\lupyne\79368723\e0de3817877980a704d91ffbc3155e97d4bda056\e0de3817877980a704d91ffbc3155e97d4bda056_lupyne_79368723_20101217_010643_before_1.py,PythonFiles\lupyne\79368723\e0de3817877980a704d91ffbc3155e97d4bda056\e0de3817877980a704d91ffbc3155e97d4bda056_lupyne_79368723_20101217_010643_after_1.py
e0de3817877980a704d91ffbc3155e97d4bda056,lupyne,79368723,2010-12-17 01:06:43,+0000,server.py,MODIFY,2,1,PythonFiles\lupyne\79368723\e0de3817877980a704d91ffbc3155e97d4bda056\e0de3817877980a704d91ffbc3155e97d4bda056_lupyne_79368723_20101217_010643_before_2.py,PythonFiles\lupyne\79368723\e0de3817877980a704d91ffbc3155e97d4bda056\e0de3817877980a704d91ffbc3155e97d4bda056_lupyne_79368723_20101217_010643_after_2.py
e0de3817877980a704d91ffbc3155e97d4bda056,lupyne,79368723,2010-12-17 01:06:43,+0000,local.py,MODIFY,12,10,PythonFiles\lupyne\79368723\e0de3817877980a704d91ffbc3155e97d4bda056\e0de3817877980a704d91ffbc3155e97d4bda056_lupyne_79368723_20101217_010643_before_3.py,PythonFiles\lupyne\79368723\e0de3817877980a704d91ffbc3155e97d4bda056\e0de3817877980a704d91ffbc3155e97d4bda056_lupyne_79368723_20101217_010643_after_3.py
e0de3817877980a704d91ffbc3155e97d4bda056,lupyne,79368723,2010-12-17 01:06:43,+0000,remote.py,MODIFY,2,0,PythonFiles\lupyne\79368723\e0de3817877980a704d91ffbc3155e97d4bda056\e0de3817877980a704d91ffbc3155e97d4bda056_lupyne_79368723_20101217_010643_before_4.py,PythonFiles\lupyne\79368723\e0de3817877980a704d91ffbc3155e97d4bda056\e0de3817877980a704d91ffbc3155e97d4bda056_lupyne_79368723_20101217_010643_after_4.py
087968fd1e908139adb1e3b17b2c7a888f2aae0b,lupyne,79368723,2010-12-17 02:19:59,+0000,conf.py,MODIFY,2,2,PythonFiles\lupyne\79368723\087968fd1e908139adb1e3b17b2c7a888f2aae0b\087968fd1e908139adb1e3b17b2c7a888f2aae0b_lupyne_79368723_20101217_021959_before_13.py,PythonFiles\lupyne\79368723\087968fd1e908139adb1e3b17b2c7a888f2aae0b\087968fd1e908139adb1e3b17b2c7a888f2aae0b_lupyne_79368723_20101217_021959_after_13.py
087968fd1e908139adb1e3b17b2c7a888f2aae0b,lupyne,79368723,2010-12-17 02:19:59,+0000,setup.py,MODIFY,34,18,PythonFiles\lupyne\79368723\087968fd1e908139adb1e3b17b2c7a888f2aae0b\087968fd1e908139adb1e3b17b2c7a888f2aae0b_lupyne_79368723_20101217_021959_before_14.py,PythonFiles\lupyne\79368723\087968fd1e908139adb1e3b17b2c7a888f2aae0b\087968fd1e908139adb1e3b17b2c7a888f2aae0b_lupyne_79368723_20101217_021959_after_14.py
f0f5cb59be72899ddd1155fa9e48a397ff69ffce,lupyne,79368723,2010-12-19 01:31:12,+0000,conf.py,MODIFY,1,1,PythonFiles\lupyne\79368723\f0f5cb59be72899ddd1155fa9e48a397ff69ffce\f0f5cb59be72899ddd1155fa9e48a397ff69ffce_lupyne_79368723_20101219_013112_before_14.py,PythonFiles\lupyne\79368723\f0f5cb59be72899ddd1155fa9e48a397ff69ffce\f0f5cb59be72899ddd1155fa9e48a397ff69ffce_lupyne_79368723_20101219_013112_after_14.py
f0f5cb59be72899ddd1155fa9e48a397ff69ffce,lupyne,79368723,2010-12-19 01:31:12,+0000,__main__.py,MODIFY,1,1,PythonFiles\lupyne\79368723\f0f5cb59be72899ddd1155fa9e48a397ff69ffce\f0f5cb59be72899ddd1155fa9e48a397ff69ffce_lupyne_79368723_20101219_013112_before_17.py,PythonFiles\lupyne\79368723\f0f5cb59be72899ddd1155fa9e48a397ff69ffce\f0f5cb59be72899ddd1155fa9e48a397ff69ffce_lupyne_79368723_20101219_013112_after_17.py
f0f5cb59be72899ddd1155fa9e48a397ff69ffce,lupyne,79368723,2010-12-19 01:31:12,+0000,numeric.py,DELETE,0,63,PythonFiles\lupyne\79368723\f0f5cb59be72899ddd1155fa9e48a397ff69ffce\f0f5cb59be72899ddd1155fa9e48a397ff69ffce_lupyne_79368723_20101219_013112_before_18.py,
f0f5cb59be72899ddd1155fa9e48a397ff69ffce,lupyne,79368723,2010-12-19 01:31:12,+0000,searching.py,MODIFY,43,34,PythonFiles\lupyne\79368723\f0f5cb59be72899ddd1155fa9e48a397ff69ffce\f0f5cb59be72899ddd1155fa9e48a397ff69ffce_lupyne_79368723_20101219_013112_before_19.py,PythonFiles\lupyne\79368723\f0f5cb59be72899ddd1155fa9e48a397ff69ffce\f0f5cb59be72899ddd1155fa9e48a397ff69ffce_lupyne_79368723_20101219_013112_after_19.py
f0f5cb59be72899ddd1155fa9e48a397ff69ffce,lupyne,79368723,2010-12-19 01:31:12,+0000,__init__.py,MODIFY,8,2,PythonFiles\lupyne\79368723\f0f5cb59be72899ddd1155fa9e48a397ff69ffce\f0f5cb59be72899ddd1155fa9e48a397ff69ffce_lupyne_79368723_20101219_013112_before_20.py,PythonFiles\lupyne\79368723\f0f5cb59be72899ddd1155fa9e48a397ff69ffce\f0f5cb59be72899ddd1155fa9e48a397ff69ffce_lupyne_79368723_20101219_013112_after_20.py
f0f5cb59be72899ddd1155fa9e48a397ff69ffce,lupyne,79368723,2010-12-19 01:31:12,+0000,documents.py,MODIFY,52,48,PythonFiles\lupyne\79368723\f0f5cb59be72899ddd1155fa9e48a397ff69ffce\f0f5cb59be72899ddd1155fa9e48a397ff69ffce_lupyne_79368723_20101219_013112_before_21.py,PythonFiles\lupyne\79368723\f0f5cb59be72899ddd1155fa9e48a397ff69ffce\f0f5cb59be72899ddd1155fa9e48a397ff69ffce_lupyne_79368723_20101219_013112_after_21.py
f0f5cb59be72899ddd1155fa9e48a397ff69ffce,lupyne,79368723,2010-12-19 01:31:12,+0000,numeric.py,DELETE,0,106,PythonFiles\lupyne\79368723\f0f5cb59be72899ddd1155fa9e48a397ff69ffce\f0f5cb59be72899ddd1155fa9e48a397ff69ffce_lupyne_79368723_20101219_013112_before_22.py,
f0f5cb59be72899ddd1155fa9e48a397ff69ffce,lupyne,79368723,2010-12-19 01:31:12,+0000,__init__.py,MODIFY,32,42,PythonFiles\lupyne\79368723\f0f5cb59be72899ddd1155fa9e48a397ff69ffce\f0f5cb59be72899ddd1155fa9e48a397ff69ffce_lupyne_79368723_20101219_013112_before_23.py,PythonFiles\lupyne\79368723\f0f5cb59be72899ddd1155fa9e48a397ff69ffce\f0f5cb59be72899ddd1155fa9e48a397ff69ffce_lupyne_79368723_20101219_013112_after_23.py
f0f5cb59be72899ddd1155fa9e48a397ff69ffce,lupyne,79368723,2010-12-19 01:31:12,+0000,setup.py,MODIFY,3,3,PythonFiles\lupyne\79368723\f0f5cb59be72899ddd1155fa9e48a397ff69ffce\f0f5cb59be72899ddd1155fa9e48a397ff69ffce_lupyne_79368723_20101219_013112_before_24.py,PythonFiles\lupyne\79368723\f0f5cb59be72899ddd1155fa9e48a397ff69ffce\f0f5cb59be72899ddd1155fa9e48a397ff69ffce_lupyne_79368723_20101219_013112_after_24.py
f0f5cb59be72899ddd1155fa9e48a397ff69ffce,lupyne,79368723,2010-12-19 01:31:12,+0000,local.py,MODIFY,48,62,PythonFiles\lupyne\79368723\f0f5cb59be72899ddd1155fa9e48a397ff69ffce\f0f5cb59be72899ddd1155fa9e48a397ff69ffce_lupyne_79368723_20101219_013112_before_25.py,PythonFiles\lupyne\79368723\f0f5cb59be72899ddd1155fa9e48a397ff69ffce\f0f5cb59be72899ddd1155fa9e48a397ff69ffce_lupyne_79368723_20101219_013112_after_25.py
918c49ca387dacfe6cd702bf02cdfed9b4ccd255,lupyne,79368723,2010-12-19 19:14:53,+0000,searching.py,MODIFY,1,1,PythonFiles\lupyne\79368723\918c49ca387dacfe6cd702bf02cdfed9b4ccd255\918c49ca387dacfe6cd702bf02cdfed9b4ccd255_lupyne_79368723_20101219_191453_before_9.py,PythonFiles\lupyne\79368723\918c49ca387dacfe6cd702bf02cdfed9b4ccd255\918c49ca387dacfe6cd702bf02cdfed9b4ccd255_lupyne_79368723_20101219_191453_after_9.py
918c49ca387dacfe6cd702bf02cdfed9b4ccd255,lupyne,79368723,2010-12-19 19:14:53,+0000,documents.py,MODIFY,33,12,PythonFiles\lupyne\79368723\918c49ca387dacfe6cd702bf02cdfed9b4ccd255\918c49ca387dacfe6cd702bf02cdfed9b4ccd255_lupyne_79368723_20101219_191453_before_10.py,PythonFiles\lupyne\79368723\918c49ca387dacfe6cd702bf02cdfed9b4ccd255\918c49ca387dacfe6cd702bf02cdfed9b4ccd255_lupyne_79368723_20101219_191453_after_10.py
918c49ca387dacfe6cd702bf02cdfed9b4ccd255,lupyne,79368723,2010-12-19 19:14:53,+0000,local.py,MODIFY,5,2,PythonFiles\lupyne\79368723\918c49ca387dacfe6cd702bf02cdfed9b4ccd255\918c49ca387dacfe6cd702bf02cdfed9b4ccd255_lupyne_79368723_20101219_191453_before_11.py,PythonFiles\lupyne\79368723\918c49ca387dacfe6cd702bf02cdfed9b4ccd255\918c49ca387dacfe6cd702bf02cdfed9b4ccd255_lupyne_79368723_20101219_191453_after_11.py
c0e09be6c8f30c8075a80e37728f1098c038a687,lupyne,79368723,2010-12-23 21:52:06,+0000,__main__.py,MODIFY,1,1,PythonFiles\lupyne\79368723\c0e09be6c8f30c8075a80e37728f1098c038a687\c0e09be6c8f30c8075a80e37728f1098c038a687_lupyne_79368723_20101223_215206_before_1.py,PythonFiles\lupyne\79368723\c0e09be6c8f30c8075a80e37728f1098c038a687\c0e09be6c8f30c8075a80e37728f1098c038a687_lupyne_79368723_20101223_215206_after_1.py
c0e09be6c8f30c8075a80e37728f1098c038a687,lupyne,79368723,2010-12-23 21:52:06,+0000,indexers.py,MODIFY,1,1,PythonFiles\lupyne\79368723\c0e09be6c8f30c8075a80e37728f1098c038a687\c0e09be6c8f30c8075a80e37728f1098c038a687_lupyne_79368723_20101223_215206_before_2.py,PythonFiles\lupyne\79368723\c0e09be6c8f30c8075a80e37728f1098c038a687\c0e09be6c8f30c8075a80e37728f1098c038a687_lupyne_79368723_20101223_215206_after_2.py
c0e09be6c8f30c8075a80e37728f1098c038a687,lupyne,79368723,2010-12-23 21:52:06,+0000,queries.py,MODIFY,1,1,PythonFiles\lupyne\79368723\c0e09be6c8f30c8075a80e37728f1098c038a687\c0e09be6c8f30c8075a80e37728f1098c038a687_lupyne_79368723_20101223_215206_before_3.py,PythonFiles\lupyne\79368723\c0e09be6c8f30c8075a80e37728f1098c038a687\c0e09be6c8f30c8075a80e37728f1098c038a687_lupyne_79368723_20101223_215206_after_3.py
c0e09be6c8f30c8075a80e37728f1098c038a687,lupyne,79368723,2010-12-23 21:52:06,+0000,searching.py,MODIFY,1,1,PythonFiles\lupyne\79368723\c0e09be6c8f30c8075a80e37728f1098c038a687\c0e09be6c8f30c8075a80e37728f1098c038a687_lupyne_79368723_20101223_215206_before_4.py,PythonFiles\lupyne\79368723\c0e09be6c8f30c8075a80e37728f1098c038a687\c0e09be6c8f30c8075a80e37728f1098c038a687_lupyne_79368723_20101223_215206_after_4.py
c0e09be6c8f30c8075a80e37728f1098c038a687,lupyne,79368723,2010-12-23 21:52:06,+0000,sorting.py,MODIFY,1,1,PythonFiles\lupyne\79368723\c0e09be6c8f30c8075a80e37728f1098c038a687\c0e09be6c8f30c8075a80e37728f1098c038a687_lupyne_79368723_20101223_215206_before_5.py,PythonFiles\lupyne\79368723\c0e09be6c8f30c8075a80e37728f1098c038a687\c0e09be6c8f30c8075a80e37728f1098c038a687_lupyne_79368723_20101223_215206_after_5.py
c0e09be6c8f30c8075a80e37728f1098c038a687,lupyne,79368723,2010-12-23 21:52:06,+0000,indexers.py,MODIFY,7,17,PythonFiles\lupyne\79368723\c0e09be6c8f30c8075a80e37728f1098c038a687\c0e09be6c8f30c8075a80e37728f1098c038a687_lupyne_79368723_20101223_215206_before_6.py,PythonFiles\lupyne\79368723\c0e09be6c8f30c8075a80e37728f1098c038a687\c0e09be6c8f30c8075a80e37728f1098c038a687_lupyne_79368723_20101223_215206_after_6.py
c0e09be6c8f30c8075a80e37728f1098c038a687,lupyne,79368723,2010-12-23 21:52:06,+0000,__main__.py,MODIFY,1,1,PythonFiles\lupyne\79368723\c0e09be6c8f30c8075a80e37728f1098c038a687\c0e09be6c8f30c8075a80e37728f1098c038a687_lupyne_79368723_20101223_215206_before_7.py,PythonFiles\lupyne\79368723\c0e09be6c8f30c8075a80e37728f1098c038a687\c0e09be6c8f30c8075a80e37728f1098c038a687_lupyne_79368723_20101223_215206_after_7.py
c0e09be6c8f30c8075a80e37728f1098c038a687,lupyne,79368723,2010-12-23 21:52:06,+0000,local.py,MODIFY,1,1,PythonFiles\lupyne\79368723\c0e09be6c8f30c8075a80e37728f1098c038a687\c0e09be6c8f30c8075a80e37728f1098c038a687_lupyne_79368723_20101223_215206_before_8.py,PythonFiles\lupyne\79368723\c0e09be6c8f30c8075a80e37728f1098c038a687\c0e09be6c8f30c8075a80e37728f1098c038a687_lupyne_79368723_20101223_215206_after_8.py
c0e09be6c8f30c8075a80e37728f1098c038a687,lupyne,79368723,2010-12-23 21:52:06,+0000,remote.py,MODIFY,1,1,PythonFiles\lupyne\79368723\c0e09be6c8f30c8075a80e37728f1098c038a687\c0e09be6c8f30c8075a80e37728f1098c038a687_lupyne_79368723_20101223_215206_before_9.py,PythonFiles\lupyne\79368723\c0e09be6c8f30c8075a80e37728f1098c038a687\c0e09be6c8f30c8075a80e37728f1098c038a687_lupyne_79368723_20101223_215206_after_9.py
3f0144bab88eb3af15c194ea4dd3d5113bcf03d8,lupyne,79368723,2010-12-23 22:19:53,+0000,server.py,MODIFY,6,4,PythonFiles\lupyne\79368723\3f0144bab88eb3af15c194ea4dd3d5113bcf03d8\3f0144bab88eb3af15c194ea4dd3d5113bcf03d8_lupyne_79368723_20101223_221953_before_7.py,PythonFiles\lupyne\79368723\3f0144bab88eb3af15c194ea4dd3d5113bcf03d8\3f0144bab88eb3af15c194ea4dd3d5113bcf03d8_lupyne_79368723_20101223_221953_after_7.py
3f0144bab88eb3af15c194ea4dd3d5113bcf03d8,lupyne,79368723,2010-12-23 22:19:53,+0000,remote.py,MODIFY,2,1,PythonFiles\lupyne\79368723\3f0144bab88eb3af15c194ea4dd3d5113bcf03d8\3f0144bab88eb3af15c194ea4dd3d5113bcf03d8_lupyne_79368723_20101223_221953_before_8.py,PythonFiles\lupyne\79368723\3f0144bab88eb3af15c194ea4dd3d5113bcf03d8\3f0144bab88eb3af15c194ea4dd3d5113bcf03d8_lupyne_79368723_20101223_221953_after_8.py
d7a2d026d79052e3af99e62e06ec4fd09085cd94,lupyne,79368723,2010-12-24 23:15:57,+0000,client.py,MODIFY,13,5,PythonFiles\lupyne\79368723\d7a2d026d79052e3af99e62e06ec4fd09085cd94\d7a2d026d79052e3af99e62e06ec4fd09085cd94_lupyne_79368723_20101224_231557_before_1.py,PythonFiles\lupyne\79368723\d7a2d026d79052e3af99e62e06ec4fd09085cd94\d7a2d026d79052e3af99e62e06ec4fd09085cd94_lupyne_79368723_20101224_231557_after_1.py
d7a2d026d79052e3af99e62e06ec4fd09085cd94,lupyne,79368723,2010-12-24 23:15:57,+0000,server.py,MODIFY,9,7,PythonFiles\lupyne\79368723\d7a2d026d79052e3af99e62e06ec4fd09085cd94\d7a2d026d79052e3af99e62e06ec4fd09085cd94_lupyne_79368723_20101224_231557_before_2.py,PythonFiles\lupyne\79368723\d7a2d026d79052e3af99e62e06ec4fd09085cd94\d7a2d026d79052e3af99e62e06ec4fd09085cd94_lupyne_79368723_20101224_231557_after_2.py
d7a2d026d79052e3af99e62e06ec4fd09085cd94,lupyne,79368723,2010-12-24 23:15:57,+0000,distributed.py,MODIFY,13,3,PythonFiles\lupyne\79368723\d7a2d026d79052e3af99e62e06ec4fd09085cd94\d7a2d026d79052e3af99e62e06ec4fd09085cd94_lupyne_79368723_20101224_231557_before_3.py,PythonFiles\lupyne\79368723\d7a2d026d79052e3af99e62e06ec4fd09085cd94\d7a2d026d79052e3af99e62e06ec4fd09085cd94_lupyne_79368723_20101224_231557_after_3.py
d7a2d026d79052e3af99e62e06ec4fd09085cd94,lupyne,79368723,2010-12-24 23:15:57,+0000,local.py,MODIFY,28,2,PythonFiles\lupyne\79368723\d7a2d026d79052e3af99e62e06ec4fd09085cd94\d7a2d026d79052e3af99e62e06ec4fd09085cd94_lupyne_79368723_20101224_231557_before_4.py,PythonFiles\lupyne\79368723\d7a2d026d79052e3af99e62e06ec4fd09085cd94\d7a2d026d79052e3af99e62e06ec4fd09085cd94_lupyne_79368723_20101224_231557_after_4.py
d7a2d026d79052e3af99e62e06ec4fd09085cd94,lupyne,79368723,2010-12-24 23:15:57,+0000,remote.py,MODIFY,17,8,PythonFiles\lupyne\79368723\d7a2d026d79052e3af99e62e06ec4fd09085cd94\d7a2d026d79052e3af99e62e06ec4fd09085cd94_lupyne_79368723_20101224_231557_before_5.py,PythonFiles\lupyne\79368723\d7a2d026d79052e3af99e62e06ec4fd09085cd94\d7a2d026d79052e3af99e62e06ec4fd09085cd94_lupyne_79368723_20101224_231557_after_5.py
ea79ef74533e3dbd6c15deed5fb5e7df396360d2,lupyne,79368723,2010-12-28 04:48:52,+0000,client.py,MODIFY,3,3,PythonFiles\lupyne\79368723\ea79ef74533e3dbd6c15deed5fb5e7df396360d2\ea79ef74533e3dbd6c15deed5fb5e7df396360d2_lupyne_79368723_20101227_204852_before_2.py,PythonFiles\lupyne\79368723\ea79ef74533e3dbd6c15deed5fb5e7df396360d2\ea79ef74533e3dbd6c15deed5fb5e7df396360d2_lupyne_79368723_20101227_204852_after_2.py
ea79ef74533e3dbd6c15deed5fb5e7df396360d2,lupyne,79368723,2010-12-28 04:48:52,+0000,remote.py,MODIFY,1,1,PythonFiles\lupyne\79368723\ea79ef74533e3dbd6c15deed5fb5e7df396360d2\ea79ef74533e3dbd6c15deed5fb5e7df396360d2_lupyne_79368723_20101227_204852_before_3.py,PythonFiles\lupyne\79368723\ea79ef74533e3dbd6c15deed5fb5e7df396360d2\ea79ef74533e3dbd6c15deed5fb5e7df396360d2_lupyne_79368723_20101227_204852_after_3.py
5e9b45878bcf463659c1231a02fd2863d05018bc,lupyne,79368723,2010-12-28 06:32:26,+0000,distributed.py,MODIFY,1,1,PythonFiles\lupyne\79368723\5e9b45878bcf463659c1231a02fd2863d05018bc\5e9b45878bcf463659c1231a02fd2863d05018bc_lupyne_79368723_20101227_223226_before_1.py,PythonFiles\lupyne\79368723\5e9b45878bcf463659c1231a02fd2863d05018bc\5e9b45878bcf463659c1231a02fd2863d05018bc_lupyne_79368723_20101227_223226_after_1.py
5e9b45878bcf463659c1231a02fd2863d05018bc,lupyne,79368723,2010-12-28 06:32:26,+0000,remote.py,MODIFY,4,3,PythonFiles\lupyne\79368723\5e9b45878bcf463659c1231a02fd2863d05018bc\5e9b45878bcf463659c1231a02fd2863d05018bc_lupyne_79368723_20101227_223226_before_2.py,PythonFiles\lupyne\79368723\5e9b45878bcf463659c1231a02fd2863d05018bc\5e9b45878bcf463659c1231a02fd2863d05018bc_lupyne_79368723_20101227_223226_after_2.py
32b35891ceea77bc4e342c5a3d61390983f6e431,lupyne,79368723,2010-12-28 21:59:40,+0000,conf.py,MODIFY,1,1,PythonFiles\lupyne\79368723\32b35891ceea77bc4e342c5a3d61390983f6e431\32b35891ceea77bc4e342c5a3d61390983f6e431_lupyne_79368723_20101228_135940_before_8.py,PythonFiles\lupyne\79368723\32b35891ceea77bc4e342c5a3d61390983f6e431\32b35891ceea77bc4e342c5a3d61390983f6e431_lupyne_79368723_20101228_135940_after_8.py
32b35891ceea77bc4e342c5a3d61390983f6e431,lupyne,79368723,2010-12-28 21:59:40,+0000,server.py,MODIFY,12,5,PythonFiles\lupyne\79368723\32b35891ceea77bc4e342c5a3d61390983f6e431\32b35891ceea77bc4e342c5a3d61390983f6e431_lupyne_79368723_20101228_135940_before_9.py,PythonFiles\lupyne\79368723\32b35891ceea77bc4e342c5a3d61390983f6e431\32b35891ceea77bc4e342c5a3d61390983f6e431_lupyne_79368723_20101228_135940_after_9.py
32b35891ceea77bc4e342c5a3d61390983f6e431,lupyne,79368723,2010-12-28 21:59:40,+0000,remote.py,MODIFY,36,7,PythonFiles\lupyne\79368723\32b35891ceea77bc4e342c5a3d61390983f6e431\32b35891ceea77bc4e342c5a3d61390983f6e431_lupyne_79368723_20101228_135940_before_10.py,PythonFiles\lupyne\79368723\32b35891ceea77bc4e342c5a3d61390983f6e431\32b35891ceea77bc4e342c5a3d61390983f6e431_lupyne_79368723_20101228_135940_after_10.py
5634db4a323a55467e14759a49ad506b2af87154,lupyne,79368723,2011-01-26 22:56:22,+0000,client.py,MODIFY,2,0,PythonFiles\lupyne\79368723\5634db4a323a55467e14759a49ad506b2af87154\5634db4a323a55467e14759a49ad506b2af87154_lupyne_79368723_20110126_145622_before_1.py,PythonFiles\lupyne\79368723\5634db4a323a55467e14759a49ad506b2af87154\5634db4a323a55467e14759a49ad506b2af87154_lupyne_79368723_20110126_145622_after_1.py
5634db4a323a55467e14759a49ad506b2af87154,lupyne,79368723,2011-01-26 22:56:22,+0000,server.py,MODIFY,5,2,PythonFiles\lupyne\79368723\5634db4a323a55467e14759a49ad506b2af87154\5634db4a323a55467e14759a49ad506b2af87154_lupyne_79368723_20110126_145622_before_2.py,PythonFiles\lupyne\79368723\5634db4a323a55467e14759a49ad506b2af87154\5634db4a323a55467e14759a49ad506b2af87154_lupyne_79368723_20110126_145622_after_2.py
5634db4a323a55467e14759a49ad506b2af87154,lupyne,79368723,2011-01-26 22:56:22,+0000,remote.py,MODIFY,4,0,PythonFiles\lupyne\79368723\5634db4a323a55467e14759a49ad506b2af87154\5634db4a323a55467e14759a49ad506b2af87154_lupyne_79368723_20110126_145622_before_3.py,PythonFiles\lupyne\79368723\5634db4a323a55467e14759a49ad506b2af87154\5634db4a323a55467e14759a49ad506b2af87154_lupyne_79368723_20110126_145622_after_3.py
29f222cb41bb4c15e143136f25e8b2b9cca8749b,lupyne,79368723,2011-01-27 02:17:53,+0000,conf.py,MODIFY,1,1,PythonFiles\lupyne\79368723\29f222cb41bb4c15e143136f25e8b2b9cca8749b\29f222cb41bb4c15e143136f25e8b2b9cca8749b_lupyne_79368723_20110126_181753_before_1.py,PythonFiles\lupyne\79368723\29f222cb41bb4c15e143136f25e8b2b9cca8749b\29f222cb41bb4c15e143136f25e8b2b9cca8749b_lupyne_79368723_20110126_181753_after_1.py
29f222cb41bb4c15e143136f25e8b2b9cca8749b,lupyne,79368723,2011-01-27 02:17:53,+0000,setup.py,MODIFY,2,7,PythonFiles\lupyne\79368723\29f222cb41bb4c15e143136f25e8b2b9cca8749b\29f222cb41bb4c15e143136f25e8b2b9cca8749b_lupyne_79368723_20110126_181753_before_2.py,PythonFiles\lupyne\79368723\29f222cb41bb4c15e143136f25e8b2b9cca8749b\29f222cb41bb4c15e143136f25e8b2b9cca8749b_lupyne_79368723_20110126_181753_after_2.py
29f222cb41bb4c15e143136f25e8b2b9cca8749b,lupyne,79368723,2011-01-27 02:17:53,+0000,__main__.py,MODIFY,2,2,PythonFiles\lupyne\79368723\29f222cb41bb4c15e143136f25e8b2b9cca8749b\29f222cb41bb4c15e143136f25e8b2b9cca8749b_lupyne_79368723_20110126_181753_before_3.py,PythonFiles\lupyne\79368723\29f222cb41bb4c15e143136f25e8b2b9cca8749b\29f222cb41bb4c15e143136f25e8b2b9cca8749b_lupyne_79368723_20110126_181753_after_3.py
8a53b99ece3f6cc3780a717d273db84e2555060d,lupyne,79368723,2011-02-18 17:52:49,+0000,conf.py,MODIFY,2,2,PythonFiles\lupyne\79368723\8a53b99ece3f6cc3780a717d273db84e2555060d\8a53b99ece3f6cc3780a717d273db84e2555060d_lupyne_79368723_20110218_095249_before_1.py,PythonFiles\lupyne\79368723\8a53b99ece3f6cc3780a717d273db84e2555060d\8a53b99ece3f6cc3780a717d273db84e2555060d_lupyne_79368723_20110218_095249_after_1.py
8a53b99ece3f6cc3780a717d273db84e2555060d,lupyne,79368723,2011-02-18 17:52:49,+0000,__init__.py,MODIFY,1,0,,PythonFiles\lupyne\79368723\8a53b99ece3f6cc3780a717d273db84e2555060d\8a53b99ece3f6cc3780a717d273db84e2555060d_lupyne_79368723_20110218_095249_after_2.py
8a53b99ece3f6cc3780a717d273db84e2555060d,lupyne,79368723,2011-02-18 17:52:49,+0000,server.py,MODIFY,6,4,PythonFiles\lupyne\79368723\8a53b99ece3f6cc3780a717d273db84e2555060d\8a53b99ece3f6cc3780a717d273db84e2555060d_lupyne_79368723_20110218_095249_before_3.py,PythonFiles\lupyne\79368723\8a53b99ece3f6cc3780a717d273db84e2555060d\8a53b99ece3f6cc3780a717d273db84e2555060d_lupyne_79368723_20110218_095249_after_3.py
6f7ebd9ec45a3e60695fcdad461da1fa4c3616e9,lupyne,79368723,2011-02-20 17:21:16,+0000,client.py,MODIFY,15,15,PythonFiles\lupyne\79368723\6f7ebd9ec45a3e60695fcdad461da1fa4c3616e9\6f7ebd9ec45a3e60695fcdad461da1fa4c3616e9_lupyne_79368723_20110220_092116_before_1.py,PythonFiles\lupyne\79368723\6f7ebd9ec45a3e60695fcdad461da1fa4c3616e9\6f7ebd9ec45a3e60695fcdad461da1fa4c3616e9_lupyne_79368723_20110220_092116_after_1.py
6f7ebd9ec45a3e60695fcdad461da1fa4c3616e9,lupyne,79368723,2011-02-20 17:21:16,+0000,server.py,MODIFY,39,28,PythonFiles\lupyne\79368723\6f7ebd9ec45a3e60695fcdad461da1fa4c3616e9\6f7ebd9ec45a3e60695fcdad461da1fa4c3616e9_lupyne_79368723_20110220_092116_before_2.py,PythonFiles\lupyne\79368723\6f7ebd9ec45a3e60695fcdad461da1fa4c3616e9\6f7ebd9ec45a3e60695fcdad461da1fa4c3616e9_lupyne_79368723_20110220_092116_after_2.py
6f7ebd9ec45a3e60695fcdad461da1fa4c3616e9,lupyne,79368723,2011-02-20 17:21:16,+0000,distributed.py,MODIFY,3,3,PythonFiles\lupyne\79368723\6f7ebd9ec45a3e60695fcdad461da1fa4c3616e9\6f7ebd9ec45a3e60695fcdad461da1fa4c3616e9_lupyne_79368723_20110220_092116_before_3.py,PythonFiles\lupyne\79368723\6f7ebd9ec45a3e60695fcdad461da1fa4c3616e9\6f7ebd9ec45a3e60695fcdad461da1fa4c3616e9_lupyne_79368723_20110220_092116_after_3.py
6f7ebd9ec45a3e60695fcdad461da1fa4c3616e9,lupyne,79368723,2011-02-20 17:21:16,+0000,remote.py,MODIFY,20,15,PythonFiles\lupyne\79368723\6f7ebd9ec45a3e60695fcdad461da1fa4c3616e9\6f7ebd9ec45a3e60695fcdad461da1fa4c3616e9_lupyne_79368723_20110220_092116_before_4.py,PythonFiles\lupyne\79368723\6f7ebd9ec45a3e60695fcdad461da1fa4c3616e9\6f7ebd9ec45a3e60695fcdad461da1fa4c3616e9_lupyne_79368723_20110220_092116_after_4.py
eed05a34109829530332821359ae768804cbf6f6,lupyne,79368723,2011-03-05 01:59:09,+0000,client.py,MODIFY,2,1,PythonFiles\lupyne\79368723\eed05a34109829530332821359ae768804cbf6f6\eed05a34109829530332821359ae768804cbf6f6_lupyne_79368723_20110304_175909_before_2.py,PythonFiles\lupyne\79368723\eed05a34109829530332821359ae768804cbf6f6\eed05a34109829530332821359ae768804cbf6f6_lupyne_79368723_20110304_175909_after_2.py
eed05a34109829530332821359ae768804cbf6f6,lupyne,79368723,2011-03-05 01:59:09,+0000,server.py,MODIFY,16,6,PythonFiles\lupyne\79368723\eed05a34109829530332821359ae768804cbf6f6\eed05a34109829530332821359ae768804cbf6f6_lupyne_79368723_20110304_175909_before_3.py,PythonFiles\lupyne\79368723\eed05a34109829530332821359ae768804cbf6f6\eed05a34109829530332821359ae768804cbf6f6_lupyne_79368723_20110304_175909_after_3.py
eed05a34109829530332821359ae768804cbf6f6,lupyne,79368723,2011-03-05 01:59:09,+0000,remote.py,MODIFY,8,0,PythonFiles\lupyne\79368723\eed05a34109829530332821359ae768804cbf6f6\eed05a34109829530332821359ae768804cbf6f6_lupyne_79368723_20110304_175909_before_4.py,PythonFiles\lupyne\79368723\eed05a34109829530332821359ae768804cbf6f6\eed05a34109829530332821359ae768804cbf6f6_lupyne_79368723_20110304_175909_after_4.py
b28b2ef65e24547498ba4fdf24257981bfa927f4,lupyne,79368723,2011-03-10 23:47:02,+0000,server.py,MODIFY,3,2,PythonFiles\lupyne\79368723\b28b2ef65e24547498ba4fdf24257981bfa927f4\b28b2ef65e24547498ba4fdf24257981bfa927f4_lupyne_79368723_20110310_154702_before_1.py,PythonFiles\lupyne\79368723\b28b2ef65e24547498ba4fdf24257981bfa927f4\b28b2ef65e24547498ba4fdf24257981bfa927f4_lupyne_79368723_20110310_154702_after_1.py
b28b2ef65e24547498ba4fdf24257981bfa927f4,lupyne,79368723,2011-03-10 23:47:02,+0000,remote.py,MODIFY,2,2,PythonFiles\lupyne\79368723\b28b2ef65e24547498ba4fdf24257981bfa927f4\b28b2ef65e24547498ba4fdf24257981bfa927f4_lupyne_79368723_20110310_154702_before_2.py,PythonFiles\lupyne\79368723\b28b2ef65e24547498ba4fdf24257981bfa927f4\b28b2ef65e24547498ba4fdf24257981bfa927f4_lupyne_79368723_20110310_154702_after_2.py
cc472b9e91a55fb8c99b9c143b5e876197a39de6,lupyne,79368723,2011-03-11 01:42:24,+0000,indexers.py,MODIFY,16,14,PythonFiles\lupyne\79368723\cc472b9e91a55fb8c99b9c143b5e876197a39de6\cc472b9e91a55fb8c99b9c143b5e876197a39de6_lupyne_79368723_20110310_174224_before_1.py,PythonFiles\lupyne\79368723\cc472b9e91a55fb8c99b9c143b5e876197a39de6\cc472b9e91a55fb8c99b9c143b5e876197a39de6_lupyne_79368723_20110310_174224_after_1.py
cc472b9e91a55fb8c99b9c143b5e876197a39de6,lupyne,79368723,2011-03-11 01:42:24,+0000,local.py,MODIFY,7,0,PythonFiles\lupyne\79368723\cc472b9e91a55fb8c99b9c143b5e876197a39de6\cc472b9e91a55fb8c99b9c143b5e876197a39de6_lupyne_79368723_20110310_174224_before_2.py,PythonFiles\lupyne\79368723\cc472b9e91a55fb8c99b9c143b5e876197a39de6\cc472b9e91a55fb8c99b9c143b5e876197a39de6_lupyne_79368723_20110310_174224_after_2.py
9a8d4cb091301b1aac939c275a08c62ec75cb076,lupyne,79368723,2011-03-16 01:21:13,+0000,server.py,MODIFY,72,52,PythonFiles\lupyne\79368723\9a8d4cb091301b1aac939c275a08c62ec75cb076\9a8d4cb091301b1aac939c275a08c62ec75cb076_lupyne_79368723_20110315_182113_before_1.py,PythonFiles\lupyne\79368723\9a8d4cb091301b1aac939c275a08c62ec75cb076\9a8d4cb091301b1aac939c275a08c62ec75cb076_lupyne_79368723_20110315_182113_after_1.py
b523ba2d9e7875d69611bbb16fbed006a7be3b57,lupyne,79368723,2011-03-16 20:42:13,+0000,client.py,MODIFY,9,3,PythonFiles\lupyne\79368723\b523ba2d9e7875d69611bbb16fbed006a7be3b57\b523ba2d9e7875d69611bbb16fbed006a7be3b57_lupyne_79368723_20110316_134213_before_2.py,PythonFiles\lupyne\79368723\b523ba2d9e7875d69611bbb16fbed006a7be3b57\b523ba2d9e7875d69611bbb16fbed006a7be3b57_lupyne_79368723_20110316_134213_after_2.py
b523ba2d9e7875d69611bbb16fbed006a7be3b57,lupyne,79368723,2011-03-16 20:42:13,+0000,server.py,MODIFY,19,13,PythonFiles\lupyne\79368723\b523ba2d9e7875d69611bbb16fbed006a7be3b57\b523ba2d9e7875d69611bbb16fbed006a7be3b57_lupyne_79368723_20110316_134213_before_3.py,PythonFiles\lupyne\79368723\b523ba2d9e7875d69611bbb16fbed006a7be3b57\b523ba2d9e7875d69611bbb16fbed006a7be3b57_lupyne_79368723_20110316_134213_after_3.py
b523ba2d9e7875d69611bbb16fbed006a7be3b57,lupyne,79368723,2011-03-16 20:42:13,+0000,distributed.py,MODIFY,2,2,PythonFiles\lupyne\79368723\b523ba2d9e7875d69611bbb16fbed006a7be3b57\b523ba2d9e7875d69611bbb16fbed006a7be3b57_lupyne_79368723_20110316_134213_before_4.py,PythonFiles\lupyne\79368723\b523ba2d9e7875d69611bbb16fbed006a7be3b57\b523ba2d9e7875d69611bbb16fbed006a7be3b57_lupyne_79368723_20110316_134213_after_4.py
b523ba2d9e7875d69611bbb16fbed006a7be3b57,lupyne,79368723,2011-03-16 20:42:13,+0000,local.py,MODIFY,11,4,PythonFiles\lupyne\79368723\b523ba2d9e7875d69611bbb16fbed006a7be3b57\b523ba2d9e7875d69611bbb16fbed006a7be3b57_lupyne_79368723_20110316_134213_before_5.py,PythonFiles\lupyne\79368723\b523ba2d9e7875d69611bbb16fbed006a7be3b57\b523ba2d9e7875d69611bbb16fbed006a7be3b57_lupyne_79368723_20110316_134213_after_5.py
b523ba2d9e7875d69611bbb16fbed006a7be3b57,lupyne,79368723,2011-03-16 20:42:13,+0000,remote.py,MODIFY,16,13,PythonFiles\lupyne\79368723\b523ba2d9e7875d69611bbb16fbed006a7be3b57\b523ba2d9e7875d69611bbb16fbed006a7be3b57_lupyne_79368723_20110316_134213_before_6.py,PythonFiles\lupyne\79368723\b523ba2d9e7875d69611bbb16fbed006a7be3b57\b523ba2d9e7875d69611bbb16fbed006a7be3b57_lupyne_79368723_20110316_134213_after_6.py
23d4513814439f7e1c732414ae4d9d3339ea06fc,lupyne,79368723,2011-03-18 03:55:17,+0000,server.py,MODIFY,22,17,PythonFiles\lupyne\79368723\23d4513814439f7e1c732414ae4d9d3339ea06fc\23d4513814439f7e1c732414ae4d9d3339ea06fc_lupyne_79368723_20110317_205517_before_1.py,PythonFiles\lupyne\79368723\23d4513814439f7e1c732414ae4d9d3339ea06fc\23d4513814439f7e1c732414ae4d9d3339ea06fc_lupyne_79368723_20110317_205517_after_1.py
5d68dadeb5bbc00314e9100cf1719b95f79f3c34,lupyne,79368723,2011-03-19 00:17:40,+0000,client.py,MODIFY,1,1,PythonFiles\lupyne\79368723\5d68dadeb5bbc00314e9100cf1719b95f79f3c34\5d68dadeb5bbc00314e9100cf1719b95f79f3c34_lupyne_79368723_20110318_171740_before_1.py,PythonFiles\lupyne\79368723\5d68dadeb5bbc00314e9100cf1719b95f79f3c34\5d68dadeb5bbc00314e9100cf1719b95f79f3c34_lupyne_79368723_20110318_171740_after_1.py
5d68dadeb5bbc00314e9100cf1719b95f79f3c34,lupyne,79368723,2011-03-19 00:17:40,+0000,indexers.py,MODIFY,3,0,PythonFiles\lupyne\79368723\5d68dadeb5bbc00314e9100cf1719b95f79f3c34\5d68dadeb5bbc00314e9100cf1719b95f79f3c34_lupyne_79368723_20110318_171740_before_2.py,PythonFiles\lupyne\79368723\5d68dadeb5bbc00314e9100cf1719b95f79f3c34\5d68dadeb5bbc00314e9100cf1719b95f79f3c34_lupyne_79368723_20110318_171740_after_2.py
5d68dadeb5bbc00314e9100cf1719b95f79f3c34,lupyne,79368723,2011-03-19 00:17:40,+0000,server.py,MODIFY,3,4,PythonFiles\lupyne\79368723\5d68dadeb5bbc00314e9100cf1719b95f79f3c34\5d68dadeb5bbc00314e9100cf1719b95f79f3c34_lupyne_79368723_20110318_171740_before_3.py,PythonFiles\lupyne\79368723\5d68dadeb5bbc00314e9100cf1719b95f79f3c34\5d68dadeb5bbc00314e9100cf1719b95f79f3c34_lupyne_79368723_20110318_171740_after_3.py
5d68dadeb5bbc00314e9100cf1719b95f79f3c34,lupyne,79368723,2011-03-19 00:17:40,+0000,remote.py,MODIFY,1,1,PythonFiles\lupyne\79368723\5d68dadeb5bbc00314e9100cf1719b95f79f3c34\5d68dadeb5bbc00314e9100cf1719b95f79f3c34_lupyne_79368723_20110318_171740_before_4.py,PythonFiles\lupyne\79368723\5d68dadeb5bbc00314e9100cf1719b95f79f3c34\5d68dadeb5bbc00314e9100cf1719b95f79f3c34_lupyne_79368723_20110318_171740_after_4.py
947cb24e52c5188e296091786eb0cfa08803eaf7,lupyne,79368723,2011-03-24 23:01:34,+0000,indexers.py,MODIFY,7,0,PythonFiles\lupyne\79368723\947cb24e52c5188e296091786eb0cfa08803eaf7\947cb24e52c5188e296091786eb0cfa08803eaf7_lupyne_79368723_20110324_160134_before_1.py,PythonFiles\lupyne\79368723\947cb24e52c5188e296091786eb0cfa08803eaf7\947cb24e52c5188e296091786eb0cfa08803eaf7_lupyne_79368723_20110324_160134_after_1.py
947cb24e52c5188e296091786eb0cfa08803eaf7,lupyne,79368723,2011-03-24 23:01:34,+0000,server.py,MODIFY,18,4,PythonFiles\lupyne\79368723\947cb24e52c5188e296091786eb0cfa08803eaf7\947cb24e52c5188e296091786eb0cfa08803eaf7_lupyne_79368723_20110324_160134_before_2.py,PythonFiles\lupyne\79368723\947cb24e52c5188e296091786eb0cfa08803eaf7\947cb24e52c5188e296091786eb0cfa08803eaf7_lupyne_79368723_20110324_160134_after_2.py
947cb24e52c5188e296091786eb0cfa08803eaf7,lupyne,79368723,2011-03-24 23:01:34,+0000,remote.py,MODIFY,6,3,PythonFiles\lupyne\79368723\947cb24e52c5188e296091786eb0cfa08803eaf7\947cb24e52c5188e296091786eb0cfa08803eaf7_lupyne_79368723_20110324_160134_before_3.py,PythonFiles\lupyne\79368723\947cb24e52c5188e296091786eb0cfa08803eaf7\947cb24e52c5188e296091786eb0cfa08803eaf7_lupyne_79368723_20110324_160134_after_3.py
4812529cc4e2f77d1162b2fdee784b10df0ae6d4,lupyne,79368723,2011-03-25 00:40:09,+0000,server.py,MODIFY,12,1,PythonFiles\lupyne\79368723\4812529cc4e2f77d1162b2fdee784b10df0ae6d4\4812529cc4e2f77d1162b2fdee784b10df0ae6d4_lupyne_79368723_20110324_174009_before_1.py,PythonFiles\lupyne\79368723\4812529cc4e2f77d1162b2fdee784b10df0ae6d4\4812529cc4e2f77d1162b2fdee784b10df0ae6d4_lupyne_79368723_20110324_174009_after_1.py
4812529cc4e2f77d1162b2fdee784b10df0ae6d4,lupyne,79368723,2011-03-25 00:40:09,+0000,remote.py,MODIFY,10,5,PythonFiles\lupyne\79368723\4812529cc4e2f77d1162b2fdee784b10df0ae6d4\4812529cc4e2f77d1162b2fdee784b10df0ae6d4_lupyne_79368723_20110324_174009_before_2.py,PythonFiles\lupyne\79368723\4812529cc4e2f77d1162b2fdee784b10df0ae6d4\4812529cc4e2f77d1162b2fdee784b10df0ae6d4_lupyne_79368723_20110324_174009_after_2.py
6084d881bd12583bc2e6c7d85fa9f6d9f3f9dd90,lupyne,79368723,2011-03-26 02:40:38,+0000,indexers.py,MODIFY,11,0,PythonFiles\lupyne\79368723\6084d881bd12583bc2e6c7d85fa9f6d9f3f9dd90\6084d881bd12583bc2e6c7d85fa9f6d9f3f9dd90_lupyne_79368723_20110325_194038_before_1.py,PythonFiles\lupyne\79368723\6084d881bd12583bc2e6c7d85fa9f6d9f3f9dd90\6084d881bd12583bc2e6c7d85fa9f6d9f3f9dd90_lupyne_79368723_20110325_194038_after_1.py
6084d881bd12583bc2e6c7d85fa9f6d9f3f9dd90,lupyne,79368723,2011-03-26 02:40:38,+0000,local.py,MODIFY,3,0,PythonFiles\lupyne\79368723\6084d881bd12583bc2e6c7d85fa9f6d9f3f9dd90\6084d881bd12583bc2e6c7d85fa9f6d9f3f9dd90_lupyne_79368723_20110325_194038_before_2.py,PythonFiles\lupyne\79368723\6084d881bd12583bc2e6c7d85fa9f6d9f3f9dd90\6084d881bd12583bc2e6c7d85fa9f6d9f3f9dd90_lupyne_79368723_20110325_194038_after_2.py
1210d75a1a09d23db701c8321d758468942269f8,lupyne,79368723,2011-03-27 23:24:57,+0000,server.py,MODIFY,14,2,PythonFiles\lupyne\79368723\1210d75a1a09d23db701c8321d758468942269f8\1210d75a1a09d23db701c8321d758468942269f8_lupyne_79368723_20110327_162457_before_1.py,PythonFiles\lupyne\79368723\1210d75a1a09d23db701c8321d758468942269f8\1210d75a1a09d23db701c8321d758468942269f8_lupyne_79368723_20110327_162457_after_1.py
1210d75a1a09d23db701c8321d758468942269f8,lupyne,79368723,2011-03-27 23:24:57,+0000,distributed.py,MODIFY,1,1,PythonFiles\lupyne\79368723\1210d75a1a09d23db701c8321d758468942269f8\1210d75a1a09d23db701c8321d758468942269f8_lupyne_79368723_20110327_162457_before_2.py,PythonFiles\lupyne\79368723\1210d75a1a09d23db701c8321d758468942269f8\1210d75a1a09d23db701c8321d758468942269f8_lupyne_79368723_20110327_162457_after_2.py
1210d75a1a09d23db701c8321d758468942269f8,lupyne,79368723,2011-03-27 23:24:57,+0000,local.py,MODIFY,9,9,PythonFiles\lupyne\79368723\1210d75a1a09d23db701c8321d758468942269f8\1210d75a1a09d23db701c8321d758468942269f8_lupyne_79368723_20110327_162457_before_3.py,PythonFiles\lupyne\79368723\1210d75a1a09d23db701c8321d758468942269f8\1210d75a1a09d23db701c8321d758468942269f8_lupyne_79368723_20110327_162457_after_3.py
1210d75a1a09d23db701c8321d758468942269f8,lupyne,79368723,2011-03-27 23:24:57,+0000,remote.py,MODIFY,10,4,PythonFiles\lupyne\79368723\1210d75a1a09d23db701c8321d758468942269f8\1210d75a1a09d23db701c8321d758468942269f8_lupyne_79368723_20110327_162457_before_4.py,PythonFiles\lupyne\79368723\1210d75a1a09d23db701c8321d758468942269f8\1210d75a1a09d23db701c8321d758468942269f8_lupyne_79368723_20110327_162457_after_4.py
a531663af80fd447b7a665d3a488b180016197cf,lupyne,79368723,2011-03-28 05:18:37,+0000,server.py,MODIFY,14,7,PythonFiles\lupyne\79368723\a531663af80fd447b7a665d3a488b180016197cf\a531663af80fd447b7a665d3a488b180016197cf_lupyne_79368723_20110327_221837_before_2.py,PythonFiles\lupyne\79368723\a531663af80fd447b7a665d3a488b180016197cf\a531663af80fd447b7a665d3a488b180016197cf_lupyne_79368723_20110327_221837_after_2.py
0549e48852e315d8b56ea2f6dbb855ea7665dc07,lupyne,79368723,2011-04-05 00:07:08,+0000,__init__.py,MODIFY,4,0,PythonFiles\lupyne\79368723\0549e48852e315d8b56ea2f6dbb855ea7665dc07\0549e48852e315d8b56ea2f6dbb855ea7665dc07_lupyne_79368723_20110404_170708_before_1.py,PythonFiles\lupyne\79368723\0549e48852e315d8b56ea2f6dbb855ea7665dc07\0549e48852e315d8b56ea2f6dbb855ea7665dc07_lupyne_79368723_20110404_170708_after_1.py
0549e48852e315d8b56ea2f6dbb855ea7665dc07,lupyne,79368723,2011-04-05 00:07:08,+0000,indexers.py,MODIFY,37,10,PythonFiles\lupyne\79368723\0549e48852e315d8b56ea2f6dbb855ea7665dc07\0549e48852e315d8b56ea2f6dbb855ea7665dc07_lupyne_79368723_20110404_170708_before_2.py,PythonFiles\lupyne\79368723\0549e48852e315d8b56ea2f6dbb855ea7665dc07\0549e48852e315d8b56ea2f6dbb855ea7665dc07_lupyne_79368723_20110404_170708_after_2.py
0549e48852e315d8b56ea2f6dbb855ea7665dc07,lupyne,79368723,2011-04-05 00:07:08,+0000,queries.py,MODIFY,12,9,PythonFiles\lupyne\79368723\0549e48852e315d8b56ea2f6dbb855ea7665dc07\0549e48852e315d8b56ea2f6dbb855ea7665dc07_lupyne_79368723_20110404_170708_before_3.py,PythonFiles\lupyne\79368723\0549e48852e315d8b56ea2f6dbb855ea7665dc07\0549e48852e315d8b56ea2f6dbb855ea7665dc07_lupyne_79368723_20110404_170708_after_3.py
0549e48852e315d8b56ea2f6dbb855ea7665dc07,lupyne,79368723,2011-04-05 00:07:08,+0000,server.py,MODIFY,4,7,PythonFiles\lupyne\79368723\0549e48852e315d8b56ea2f6dbb855ea7665dc07\0549e48852e315d8b56ea2f6dbb855ea7665dc07_lupyne_79368723_20110404_170708_before_4.py,PythonFiles\lupyne\79368723\0549e48852e315d8b56ea2f6dbb855ea7665dc07\0549e48852e315d8b56ea2f6dbb855ea7665dc07_lupyne_79368723_20110404_170708_after_4.py
0549e48852e315d8b56ea2f6dbb855ea7665dc07,lupyne,79368723,2011-04-05 00:07:08,+0000,local.py,MODIFY,23,19,PythonFiles\lupyne\79368723\0549e48852e315d8b56ea2f6dbb855ea7665dc07\0549e48852e315d8b56ea2f6dbb855ea7665dc07_lupyne_79368723_20110404_170708_before_5.py,PythonFiles\lupyne\79368723\0549e48852e315d8b56ea2f6dbb855ea7665dc07\0549e48852e315d8b56ea2f6dbb855ea7665dc07_lupyne_79368723_20110404_170708_after_5.py
0549e48852e315d8b56ea2f6dbb855ea7665dc07,lupyne,79368723,2011-04-05 00:07:08,+0000,remote.py,MODIFY,3,3,PythonFiles\lupyne\79368723\0549e48852e315d8b56ea2f6dbb855ea7665dc07\0549e48852e315d8b56ea2f6dbb855ea7665dc07_lupyne_79368723_20110404_170708_before_6.py,PythonFiles\lupyne\79368723\0549e48852e315d8b56ea2f6dbb855ea7665dc07\0549e48852e315d8b56ea2f6dbb855ea7665dc07_lupyne_79368723_20110404_170708_after_6.py
8908b6c5a5434054e0ca4be616d6a5b775d7a0d6,lupyne,79368723,2011-04-06 01:43:25,+0000,indexers.py,MODIFY,13,10,PythonFiles\lupyne\79368723\8908b6c5a5434054e0ca4be616d6a5b775d7a0d6\8908b6c5a5434054e0ca4be616d6a5b775d7a0d6_lupyne_79368723_20110405_184325_before_1.py,PythonFiles\lupyne\79368723\8908b6c5a5434054e0ca4be616d6a5b775d7a0d6\8908b6c5a5434054e0ca4be616d6a5b775d7a0d6_lupyne_79368723_20110405_184325_after_1.py
8908b6c5a5434054e0ca4be616d6a5b775d7a0d6,lupyne,79368723,2011-04-06 01:43:25,+0000,local.py,MODIFY,13,4,PythonFiles\lupyne\79368723\8908b6c5a5434054e0ca4be616d6a5b775d7a0d6\8908b6c5a5434054e0ca4be616d6a5b775d7a0d6_lupyne_79368723_20110405_184325_before_2.py,PythonFiles\lupyne\79368723\8908b6c5a5434054e0ca4be616d6a5b775d7a0d6\8908b6c5a5434054e0ca4be616d6a5b775d7a0d6_lupyne_79368723_20110405_184325_after_2.py
309d8160458b6a5889e838c39cd23519a1c0d04a,lupyne,79368723,2011-04-08 00:18:19,+0000,server.py,MODIFY,43,20,PythonFiles\lupyne\79368723\309d8160458b6a5889e838c39cd23519a1c0d04a\309d8160458b6a5889e838c39cd23519a1c0d04a_lupyne_79368723_20110407_171819_before_1.py,PythonFiles\lupyne\79368723\309d8160458b6a5889e838c39cd23519a1c0d04a\309d8160458b6a5889e838c39cd23519a1c0d04a_lupyne_79368723_20110407_171819_after_1.py
309d8160458b6a5889e838c39cd23519a1c0d04a,lupyne,79368723,2011-04-08 00:18:19,+0000,remote.py,MODIFY,38,6,PythonFiles\lupyne\79368723\309d8160458b6a5889e838c39cd23519a1c0d04a\309d8160458b6a5889e838c39cd23519a1c0d04a_lupyne_79368723_20110407_171819_before_2.py,PythonFiles\lupyne\79368723\309d8160458b6a5889e838c39cd23519a1c0d04a\309d8160458b6a5889e838c39cd23519a1c0d04a_lupyne_79368723_20110407_171819_after_2.py
9fc2496ffa57b3f3a571979efbb11043601e6bfd,lupyne,79368723,2011-04-08 00:32:31,+0000,conf.py,MODIFY,2,2,PythonFiles\lupyne\79368723\9fc2496ffa57b3f3a571979efbb11043601e6bfd\9fc2496ffa57b3f3a571979efbb11043601e6bfd_lupyne_79368723_20110407_173231_before_1.py,PythonFiles\lupyne\79368723\9fc2496ffa57b3f3a571979efbb11043601e6bfd\9fc2496ffa57b3f3a571979efbb11043601e6bfd_lupyne_79368723_20110407_173231_after_1.py
9fc2496ffa57b3f3a571979efbb11043601e6bfd,lupyne,79368723,2011-04-08 00:32:31,+0000,__init__.py,MODIFY,1,1,PythonFiles\lupyne\79368723\9fc2496ffa57b3f3a571979efbb11043601e6bfd\9fc2496ffa57b3f3a571979efbb11043601e6bfd_lupyne_79368723_20110407_173231_before_2.py,PythonFiles\lupyne\79368723\9fc2496ffa57b3f3a571979efbb11043601e6bfd\9fc2496ffa57b3f3a571979efbb11043601e6bfd_lupyne_79368723_20110407_173231_after_2.py
9fc2496ffa57b3f3a571979efbb11043601e6bfd,lupyne,79368723,2011-04-08 00:32:31,+0000,setup.py,MODIFY,18,29,PythonFiles\lupyne\79368723\9fc2496ffa57b3f3a571979efbb11043601e6bfd\9fc2496ffa57b3f3a571979efbb11043601e6bfd_lupyne_79368723_20110407_173231_before_3.py,PythonFiles\lupyne\79368723\9fc2496ffa57b3f3a571979efbb11043601e6bfd\9fc2496ffa57b3f3a571979efbb11043601e6bfd_lupyne_79368723_20110407_173231_after_3.py
1b80a8164799b84a6121f52d18935d5f430d7693,lupyne,79368723,2011-04-09 02:44:24,+0000,conf.py,MODIFY,1,1,PythonFiles\lupyne\79368723\1b80a8164799b84a6121f52d18935d5f430d7693\1b80a8164799b84a6121f52d18935d5f430d7693_lupyne_79368723_20110408_194424_before_1.py,PythonFiles\lupyne\79368723\1b80a8164799b84a6121f52d18935d5f430d7693\1b80a8164799b84a6121f52d18935d5f430d7693_lupyne_79368723_20110408_194424_after_1.py
1b80a8164799b84a6121f52d18935d5f430d7693,lupyne,79368723,2011-04-09 02:44:24,+0000,__init__.py,MODIFY,1,1,PythonFiles\lupyne\79368723\1b80a8164799b84a6121f52d18935d5f430d7693\1b80a8164799b84a6121f52d18935d5f430d7693_lupyne_79368723_20110408_194424_before_3.py,PythonFiles\lupyne\79368723\1b80a8164799b84a6121f52d18935d5f430d7693\1b80a8164799b84a6121f52d18935d5f430d7693_lupyne_79368723_20110408_194424_after_3.py
1b80a8164799b84a6121f52d18935d5f430d7693,lupyne,79368723,2011-04-09 02:44:24,+0000,client.py,MODIFY,1,4,PythonFiles\lupyne\79368723\1b80a8164799b84a6121f52d18935d5f430d7693\1b80a8164799b84a6121f52d18935d5f430d7693_lupyne_79368723_20110408_194424_before_4.py,PythonFiles\lupyne\79368723\1b80a8164799b84a6121f52d18935d5f430d7693\1b80a8164799b84a6121f52d18935d5f430d7693_lupyne_79368723_20110408_194424_after_4.py
1b80a8164799b84a6121f52d18935d5f430d7693,lupyne,79368723,2011-04-09 02:44:24,+0000,__init__.py,MODIFY,2,9,PythonFiles\lupyne\79368723\1b80a8164799b84a6121f52d18935d5f430d7693\1b80a8164799b84a6121f52d18935d5f430d7693_lupyne_79368723_20110408_194424_before_5.py,PythonFiles\lupyne\79368723\1b80a8164799b84a6121f52d18935d5f430d7693\1b80a8164799b84a6121f52d18935d5f430d7693_lupyne_79368723_20110408_194424_after_5.py
1b80a8164799b84a6121f52d18935d5f430d7693,lupyne,79368723,2011-04-09 02:44:24,+0000,documents.py,MODIFY,1,52,PythonFiles\lupyne\79368723\1b80a8164799b84a6121f52d18935d5f430d7693\1b80a8164799b84a6121f52d18935d5f430d7693_lupyne_79368723_20110408_194424_before_6.py,PythonFiles\lupyne\79368723\1b80a8164799b84a6121f52d18935d5f430d7693\1b80a8164799b84a6121f52d18935d5f430d7693_lupyne_79368723_20110408_194424_after_6.py
1b80a8164799b84a6121f52d18935d5f430d7693,lupyne,79368723,2011-04-09 02:44:24,+0000,indexers.py,MODIFY,3,7,PythonFiles\lupyne\79368723\1b80a8164799b84a6121f52d18935d5f430d7693\1b80a8164799b84a6121f52d18935d5f430d7693_lupyne_79368723_20110408_194424_before_7.py,PythonFiles\lupyne\79368723\1b80a8164799b84a6121f52d18935d5f430d7693\1b80a8164799b84a6121f52d18935d5f430d7693_lupyne_79368723_20110408_194424_after_7.py
1b80a8164799b84a6121f52d18935d5f430d7693,lupyne,79368723,2011-04-09 02:44:24,+0000,queries.py,MODIFY,0,29,PythonFiles\lupyne\79368723\1b80a8164799b84a6121f52d18935d5f430d7693\1b80a8164799b84a6121f52d18935d5f430d7693_lupyne_79368723_20110408_194424_before_8.py,PythonFiles\lupyne\79368723\1b80a8164799b84a6121f52d18935d5f430d7693\1b80a8164799b84a6121f52d18935d5f430d7693_lupyne_79368723_20110408_194424_after_8.py
1b80a8164799b84a6121f52d18935d5f430d7693,lupyne,79368723,2011-04-09 02:44:24,+0000,server.py,MODIFY,6,27,PythonFiles\lupyne\79368723\1b80a8164799b84a6121f52d18935d5f430d7693\1b80a8164799b84a6121f52d18935d5f430d7693_lupyne_79368723_20110408_194424_before_9.py,PythonFiles\lupyne\79368723\1b80a8164799b84a6121f52d18935d5f430d7693\1b80a8164799b84a6121f52d18935d5f430d7693_lupyne_79368723_20110408_194424_after_9.py
1b80a8164799b84a6121f52d18935d5f430d7693,lupyne,79368723,2011-04-09 02:44:24,+0000,setup.py,MODIFY,1,1,PythonFiles\lupyne\79368723\1b80a8164799b84a6121f52d18935d5f430d7693\1b80a8164799b84a6121f52d18935d5f430d7693_lupyne_79368723_20110408_194424_before_10.py,PythonFiles\lupyne\79368723\1b80a8164799b84a6121f52d18935d5f430d7693\1b80a8164799b84a6121f52d18935d5f430d7693_lupyne_79368723_20110408_194424_after_10.py
1b80a8164799b84a6121f52d18935d5f430d7693,lupyne,79368723,2011-04-09 02:44:24,+0000,local.py,MODIFY,6,32,PythonFiles\lupyne\79368723\1b80a8164799b84a6121f52d18935d5f430d7693\1b80a8164799b84a6121f52d18935d5f430d7693_lupyne_79368723_20110408_194424_before_11.py,PythonFiles\lupyne\79368723\1b80a8164799b84a6121f52d18935d5f430d7693\1b80a8164799b84a6121f52d18935d5f430d7693_lupyne_79368723_20110408_194424_after_11.py
1b80a8164799b84a6121f52d18935d5f430d7693,lupyne,79368723,2011-04-09 02:44:24,+0000,remote.py,MODIFY,12,14,PythonFiles\lupyne\79368723\1b80a8164799b84a6121f52d18935d5f430d7693\1b80a8164799b84a6121f52d18935d5f430d7693_lupyne_79368723_20110408_194424_before_12.py,PythonFiles\lupyne\79368723\1b80a8164799b84a6121f52d18935d5f430d7693\1b80a8164799b84a6121f52d18935d5f430d7693_lupyne_79368723_20110408_194424_after_12.py
8baf65a614bee7ba61479108be673bf181fa405f,lupyne,79368723,2011-04-09 03:44:06,+0000,indexers.py,MODIFY,2,3,PythonFiles\lupyne\79368723\8baf65a614bee7ba61479108be673bf181fa405f\8baf65a614bee7ba61479108be673bf181fa405f_lupyne_79368723_20110408_204406_before_1.py,PythonFiles\lupyne\79368723\8baf65a614bee7ba61479108be673bf181fa405f\8baf65a614bee7ba61479108be673bf181fa405f_lupyne_79368723_20110408_204406_after_1.py
8baf65a614bee7ba61479108be673bf181fa405f,lupyne,79368723,2011-04-09 03:44:06,+0000,sorting.py,MODIFY,0,1,PythonFiles\lupyne\79368723\8baf65a614bee7ba61479108be673bf181fa405f\8baf65a614bee7ba61479108be673bf181fa405f_lupyne_79368723_20110408_204406_before_2.py,PythonFiles\lupyne\79368723\8baf65a614bee7ba61479108be673bf181fa405f\8baf65a614bee7ba61479108be673bf181fa405f_lupyne_79368723_20110408_204406_after_2.py
8baf65a614bee7ba61479108be673bf181fa405f,lupyne,79368723,2011-04-09 03:44:06,+0000,__init__.py,MODIFY,0,3,PythonFiles\lupyne\79368723\8baf65a614bee7ba61479108be673bf181fa405f\8baf65a614bee7ba61479108be673bf181fa405f_lupyne_79368723_20110408_204406_before_3.py,PythonFiles\lupyne\79368723\8baf65a614bee7ba61479108be673bf181fa405f\8baf65a614bee7ba61479108be673bf181fa405f_lupyne_79368723_20110408_204406_after_3.py
8baf65a614bee7ba61479108be673bf181fa405f,lupyne,79368723,2011-04-09 03:44:06,+0000,documents.py,MODIFY,11,11,PythonFiles\lupyne\79368723\8baf65a614bee7ba61479108be673bf181fa405f\8baf65a614bee7ba61479108be673bf181fa405f_lupyne_79368723_20110408_204406_before_4.py,PythonFiles\lupyne\79368723\8baf65a614bee7ba61479108be673bf181fa405f\8baf65a614bee7ba61479108be673bf181fa405f_lupyne_79368723_20110408_204406_after_4.py
8baf65a614bee7ba61479108be673bf181fa405f,lupyne,79368723,2011-04-09 03:44:06,+0000,indexers.py,MODIFY,19,29,PythonFiles\lupyne\79368723\8baf65a614bee7ba61479108be673bf181fa405f\8baf65a614bee7ba61479108be673bf181fa405f_lupyne_79368723_20110408_204406_before_5.py,PythonFiles\lupyne\79368723\8baf65a614bee7ba61479108be673bf181fa405f\8baf65a614bee7ba61479108be673bf181fa405f_lupyne_79368723_20110408_204406_after_5.py
8baf65a614bee7ba61479108be673bf181fa405f,lupyne,79368723,2011-04-09 03:44:06,+0000,queries.py,MODIFY,3,3,PythonFiles\lupyne\79368723\8baf65a614bee7ba61479108be673bf181fa405f\8baf65a614bee7ba61479108be673bf181fa405f_lupyne_79368723_20110408_204406_before_6.py,PythonFiles\lupyne\79368723\8baf65a614bee7ba61479108be673bf181fa405f\8baf65a614bee7ba61479108be673bf181fa405f_lupyne_79368723_20110408_204406_after_6.py
8baf65a614bee7ba61479108be673bf181fa405f,lupyne,79368723,2011-04-09 03:44:06,+0000,server.py,MODIFY,3,3,PythonFiles\lupyne\79368723\8baf65a614bee7ba61479108be673bf181fa405f\8baf65a614bee7ba61479108be673bf181fa405f_lupyne_79368723_20110408_204406_before_7.py,PythonFiles\lupyne\79368723\8baf65a614bee7ba61479108be673bf181fa405f\8baf65a614bee7ba61479108be673bf181fa405f_lupyne_79368723_20110408_204406_after_7.py
8baf65a614bee7ba61479108be673bf181fa405f,lupyne,79368723,2011-04-09 03:44:06,+0000,local.py,MODIFY,13,21,PythonFiles\lupyne\79368723\8baf65a614bee7ba61479108be673bf181fa405f\8baf65a614bee7ba61479108be673bf181fa405f_lupyne_79368723_20110408_204406_before_8.py,PythonFiles\lupyne\79368723\8baf65a614bee7ba61479108be673bf181fa405f\8baf65a614bee7ba61479108be673bf181fa405f_lupyne_79368723_20110408_204406_after_8.py
286548ee0481f9724866eb87cf80fe50b8c4ae4e,lupyne,79368723,2011-04-10 23:16:07,+0000,indexers.py,MODIFY,8,3,PythonFiles\lupyne\79368723\286548ee0481f9724866eb87cf80fe50b8c4ae4e\286548ee0481f9724866eb87cf80fe50b8c4ae4e_lupyne_79368723_20110410_161607_before_1.py,PythonFiles\lupyne\79368723\286548ee0481f9724866eb87cf80fe50b8c4ae4e\286548ee0481f9724866eb87cf80fe50b8c4ae4e_lupyne_79368723_20110410_161607_after_1.py
286548ee0481f9724866eb87cf80fe50b8c4ae4e,lupyne,79368723,2011-04-10 23:16:07,+0000,local.py,MODIFY,2,0,PythonFiles\lupyne\79368723\286548ee0481f9724866eb87cf80fe50b8c4ae4e\286548ee0481f9724866eb87cf80fe50b8c4ae4e_lupyne_79368723_20110410_161607_before_2.py,PythonFiles\lupyne\79368723\286548ee0481f9724866eb87cf80fe50b8c4ae4e\286548ee0481f9724866eb87cf80fe50b8c4ae4e_lupyne_79368723_20110410_161607_after_2.py
18ce9443363545aeccf7e06a962e7ad8097e8476,lupyne,79368723,2011-04-14 03:14:48,+0000,indexers.py,MODIFY,1,1,PythonFiles\lupyne\79368723\18ce9443363545aeccf7e06a962e7ad8097e8476\18ce9443363545aeccf7e06a962e7ad8097e8476_lupyne_79368723_20110413_201448_before_1.py,PythonFiles\lupyne\79368723\18ce9443363545aeccf7e06a962e7ad8097e8476\18ce9443363545aeccf7e06a962e7ad8097e8476_lupyne_79368723_20110413_201448_after_1.py
18ce9443363545aeccf7e06a962e7ad8097e8476,lupyne,79368723,2011-04-14 03:14:48,+0000,server.py,MODIFY,1,4,PythonFiles\lupyne\79368723\18ce9443363545aeccf7e06a962e7ad8097e8476\18ce9443363545aeccf7e06a962e7ad8097e8476_lupyne_79368723_20110413_201448_before_2.py,PythonFiles\lupyne\79368723\18ce9443363545aeccf7e06a962e7ad8097e8476\18ce9443363545aeccf7e06a962e7ad8097e8476_lupyne_79368723_20110413_201448_after_2.py
88ebcff0cfbe96d0d85b10a82d5904d1b6821414,lupyne,79368723,2011-04-14 20:02:35,+0000,server.py,MODIFY,10,6,PythonFiles\lupyne\79368723\88ebcff0cfbe96d0d85b10a82d5904d1b6821414\88ebcff0cfbe96d0d85b10a82d5904d1b6821414_lupyne_79368723_20110414_130235_before_1.py,PythonFiles\lupyne\79368723\88ebcff0cfbe96d0d85b10a82d5904d1b6821414\88ebcff0cfbe96d0d85b10a82d5904d1b6821414_lupyne_79368723_20110414_130235_after_1.py
88ebcff0cfbe96d0d85b10a82d5904d1b6821414,lupyne,79368723,2011-04-14 20:02:35,+0000,remote.py,MODIFY,6,0,PythonFiles\lupyne\79368723\88ebcff0cfbe96d0d85b10a82d5904d1b6821414\88ebcff0cfbe96d0d85b10a82d5904d1b6821414_lupyne_79368723_20110414_130235_before_2.py,PythonFiles\lupyne\79368723\88ebcff0cfbe96d0d85b10a82d5904d1b6821414\88ebcff0cfbe96d0d85b10a82d5904d1b6821414_lupyne_79368723_20110414_130235_after_2.py
b7437bca8d7777188070172eb2bd9e9e388ef62d,lupyne,79368723,2011-04-15 00:45:36,+0000,indexers.py,MODIFY,13,5,PythonFiles\lupyne\79368723\b7437bca8d7777188070172eb2bd9e9e388ef62d\b7437bca8d7777188070172eb2bd9e9e388ef62d_lupyne_79368723_20110414_174536_before_1.py,PythonFiles\lupyne\79368723\b7437bca8d7777188070172eb2bd9e9e388ef62d\b7437bca8d7777188070172eb2bd9e9e388ef62d_lupyne_79368723_20110414_174536_after_1.py
b7437bca8d7777188070172eb2bd9e9e388ef62d,lupyne,79368723,2011-04-15 00:45:36,+0000,local.py,MODIFY,1,1,PythonFiles\lupyne\79368723\b7437bca8d7777188070172eb2bd9e9e388ef62d\b7437bca8d7777188070172eb2bd9e9e388ef62d_lupyne_79368723_20110414_174536_before_2.py,PythonFiles\lupyne\79368723\b7437bca8d7777188070172eb2bd9e9e388ef62d\b7437bca8d7777188070172eb2bd9e9e388ef62d_lupyne_79368723_20110414_174536_after_2.py
f6f427c32b44c7de54a3c712f70cbea566a784ea,lupyne,79368723,2011-04-17 18:32:05,+0000,indexers.py,MODIFY,22,23,PythonFiles\lupyne\79368723\f6f427c32b44c7de54a3c712f70cbea566a784ea\f6f427c32b44c7de54a3c712f70cbea566a784ea_lupyne_79368723_20110417_113205_before_1.py,PythonFiles\lupyne\79368723\f6f427c32b44c7de54a3c712f70cbea566a784ea\f6f427c32b44c7de54a3c712f70cbea566a784ea_lupyne_79368723_20110417_113205_after_1.py
efe6cf254e0cee5d0b53b1c36eef21eec136bb0e,lupyne,79368723,2011-04-19 00:31:49,+0000,indexers.py,MODIFY,21,10,PythonFiles\lupyne\79368723\efe6cf254e0cee5d0b53b1c36eef21eec136bb0e\efe6cf254e0cee5d0b53b1c36eef21eec136bb0e_lupyne_79368723_20110418_173149_before_1.py,PythonFiles\lupyne\79368723\efe6cf254e0cee5d0b53b1c36eef21eec136bb0e\efe6cf254e0cee5d0b53b1c36eef21eec136bb0e_lupyne_79368723_20110418_173149_after_1.py
efe6cf254e0cee5d0b53b1c36eef21eec136bb0e,lupyne,79368723,2011-04-19 00:31:49,+0000,local.py,MODIFY,16,2,PythonFiles\lupyne\79368723\efe6cf254e0cee5d0b53b1c36eef21eec136bb0e\efe6cf254e0cee5d0b53b1c36eef21eec136bb0e_lupyne_79368723_20110418_173149_before_2.py,PythonFiles\lupyne\79368723\efe6cf254e0cee5d0b53b1c36eef21eec136bb0e\efe6cf254e0cee5d0b53b1c36eef21eec136bb0e_lupyne_79368723_20110418_173149_after_2.py
6ccf0436304e897a31890c73858b25f7cff90b22,lupyne,79368723,2011-04-20 01:39:51,+0000,indexers.py,MODIFY,24,16,PythonFiles\lupyne\79368723\6ccf0436304e897a31890c73858b25f7cff90b22\6ccf0436304e897a31890c73858b25f7cff90b22_lupyne_79368723_20110419_183951_before_2.py,PythonFiles\lupyne\79368723\6ccf0436304e897a31890c73858b25f7cff90b22\6ccf0436304e897a31890c73858b25f7cff90b22_lupyne_79368723_20110419_183951_after_2.py
6ccf0436304e897a31890c73858b25f7cff90b22,lupyne,79368723,2011-04-20 01:39:51,+0000,server.py,MODIFY,3,4,PythonFiles\lupyne\79368723\6ccf0436304e897a31890c73858b25f7cff90b22\6ccf0436304e897a31890c73858b25f7cff90b22_lupyne_79368723_20110419_183951_before_3.py,PythonFiles\lupyne\79368723\6ccf0436304e897a31890c73858b25f7cff90b22\6ccf0436304e897a31890c73858b25f7cff90b22_lupyne_79368723_20110419_183951_after_3.py
6ccf0436304e897a31890c73858b25f7cff90b22,lupyne,79368723,2011-04-20 01:39:51,+0000,local.py,MODIFY,2,1,PythonFiles\lupyne\79368723\6ccf0436304e897a31890c73858b25f7cff90b22\6ccf0436304e897a31890c73858b25f7cff90b22_lupyne_79368723_20110419_183951_before_4.py,PythonFiles\lupyne\79368723\6ccf0436304e897a31890c73858b25f7cff90b22\6ccf0436304e897a31890c73858b25f7cff90b22_lupyne_79368723_20110419_183951_after_4.py
674521d69af3983cc876e1b46a535f0c25d7ae98,lupyne,79368723,2011-04-20 01:52:55,+0000,documents.py,MODIFY,1,1,PythonFiles\lupyne\79368723\674521d69af3983cc876e1b46a535f0c25d7ae98\674521d69af3983cc876e1b46a535f0c25d7ae98_lupyne_79368723_20110419_185255_before_3.py,PythonFiles\lupyne\79368723\674521d69af3983cc876e1b46a535f0c25d7ae98\674521d69af3983cc876e1b46a535f0c25d7ae98_lupyne_79368723_20110419_185255_after_3.py
674521d69af3983cc876e1b46a535f0c25d7ae98,lupyne,79368723,2011-04-20 01:52:55,+0000,indexers.py,MODIFY,29,32,PythonFiles\lupyne\79368723\674521d69af3983cc876e1b46a535f0c25d7ae98\674521d69af3983cc876e1b46a535f0c25d7ae98_lupyne_79368723_20110419_185255_before_4.py,PythonFiles\lupyne\79368723\674521d69af3983cc876e1b46a535f0c25d7ae98\674521d69af3983cc876e1b46a535f0c25d7ae98_lupyne_79368723_20110419_185255_after_4.py
674521d69af3983cc876e1b46a535f0c25d7ae98,lupyne,79368723,2011-04-20 01:52:55,+0000,queries.py,MODIFY,2,2,PythonFiles\lupyne\79368723\674521d69af3983cc876e1b46a535f0c25d7ae98\674521d69af3983cc876e1b46a535f0c25d7ae98_lupyne_79368723_20110419_185255_before_5.py,PythonFiles\lupyne\79368723\674521d69af3983cc876e1b46a535f0c25d7ae98\674521d69af3983cc876e1b46a535f0c25d7ae98_lupyne_79368723_20110419_185255_after_5.py
1eb5b042bdc243c39c0dd7e99516a73f14888a9b,lupyne,79368723,2011-04-23 00:35:17,+0000,documents.py,MODIFY,8,6,PythonFiles\lupyne\79368723\1eb5b042bdc243c39c0dd7e99516a73f14888a9b\1eb5b042bdc243c39c0dd7e99516a73f14888a9b_lupyne_79368723_20110422_173517_before_1.py,PythonFiles\lupyne\79368723\1eb5b042bdc243c39c0dd7e99516a73f14888a9b\1eb5b042bdc243c39c0dd7e99516a73f14888a9b_lupyne_79368723_20110422_173517_after_1.py
1eb5b042bdc243c39c0dd7e99516a73f14888a9b,lupyne,79368723,2011-04-23 00:35:17,+0000,server.py,MODIFY,3,1,PythonFiles\lupyne\79368723\1eb5b042bdc243c39c0dd7e99516a73f14888a9b\1eb5b042bdc243c39c0dd7e99516a73f14888a9b_lupyne_79368723_20110422_173517_before_2.py,PythonFiles\lupyne\79368723\1eb5b042bdc243c39c0dd7e99516a73f14888a9b\1eb5b042bdc243c39c0dd7e99516a73f14888a9b_lupyne_79368723_20110422_173517_after_2.py
1eb5b042bdc243c39c0dd7e99516a73f14888a9b,lupyne,79368723,2011-04-23 00:35:17,+0000,local.py,MODIFY,7,0,PythonFiles\lupyne\79368723\1eb5b042bdc243c39c0dd7e99516a73f14888a9b\1eb5b042bdc243c39c0dd7e99516a73f14888a9b_lupyne_79368723_20110422_173517_before_3.py,PythonFiles\lupyne\79368723\1eb5b042bdc243c39c0dd7e99516a73f14888a9b\1eb5b042bdc243c39c0dd7e99516a73f14888a9b_lupyne_79368723_20110422_173517_after_3.py
1eb5b042bdc243c39c0dd7e99516a73f14888a9b,lupyne,79368723,2011-04-23 00:35:17,+0000,remote.py,MODIFY,6,4,PythonFiles\lupyne\79368723\1eb5b042bdc243c39c0dd7e99516a73f14888a9b\1eb5b042bdc243c39c0dd7e99516a73f14888a9b_lupyne_79368723_20110422_173517_before_4.py,PythonFiles\lupyne\79368723\1eb5b042bdc243c39c0dd7e99516a73f14888a9b\1eb5b042bdc243c39c0dd7e99516a73f14888a9b_lupyne_79368723_20110422_173517_after_4.py
e5747a42448d85e7354396249fb9384269f05a9b,lupyne,79368723,2011-04-23 01:35:44,+0000,indexers.py,MODIFY,2,1,PythonFiles\lupyne\79368723\e5747a42448d85e7354396249fb9384269f05a9b\e5747a42448d85e7354396249fb9384269f05a9b_lupyne_79368723_20110422_183544_before_1.py,PythonFiles\lupyne\79368723\e5747a42448d85e7354396249fb9384269f05a9b\e5747a42448d85e7354396249fb9384269f05a9b_lupyne_79368723_20110422_183544_after_1.py
e5747a42448d85e7354396249fb9384269f05a9b,lupyne,79368723,2011-04-23 01:35:44,+0000,server.py,MODIFY,9,3,PythonFiles\lupyne\79368723\e5747a42448d85e7354396249fb9384269f05a9b\e5747a42448d85e7354396249fb9384269f05a9b_lupyne_79368723_20110422_183544_before_2.py,PythonFiles\lupyne\79368723\e5747a42448d85e7354396249fb9384269f05a9b\e5747a42448d85e7354396249fb9384269f05a9b_lupyne_79368723_20110422_183544_after_2.py
e5747a42448d85e7354396249fb9384269f05a9b,lupyne,79368723,2011-04-23 01:35:44,+0000,remote.py,MODIFY,31,2,PythonFiles\lupyne\79368723\e5747a42448d85e7354396249fb9384269f05a9b\e5747a42448d85e7354396249fb9384269f05a9b_lupyne_79368723_20110422_183544_before_3.py,PythonFiles\lupyne\79368723\e5747a42448d85e7354396249fb9384269f05a9b\e5747a42448d85e7354396249fb9384269f05a9b_lupyne_79368723_20110422_183544_after_3.py
5dc7791206e1f4bd1445e28b6a2617216d4c04a8,lupyne,79368723,2011-04-23 16:15:59,+0000,__main__.py,MODIFY,1,1,PythonFiles\lupyne\79368723\5dc7791206e1f4bd1445e28b6a2617216d4c04a8\5dc7791206e1f4bd1445e28b6a2617216d4c04a8_lupyne_79368723_20110423_091559_before_3.py,PythonFiles\lupyne\79368723\5dc7791206e1f4bd1445e28b6a2617216d4c04a8\5dc7791206e1f4bd1445e28b6a2617216d4c04a8_lupyne_79368723_20110423_091559_after_3.py
5dc7791206e1f4bd1445e28b6a2617216d4c04a8,lupyne,79368723,2011-04-23 16:15:59,+0000,server.py,ADD,39,0,,PythonFiles\lupyne\79368723\5dc7791206e1f4bd1445e28b6a2617216d4c04a8\5dc7791206e1f4bd1445e28b6a2617216d4c04a8_lupyne_79368723_20110423_091559_after_4.py
5dc7791206e1f4bd1445e28b6a2617216d4c04a8,lupyne,79368723,2011-04-23 16:15:59,+0000,server.py,MODIFY,37,5,PythonFiles\lupyne\79368723\5dc7791206e1f4bd1445e28b6a2617216d4c04a8\5dc7791206e1f4bd1445e28b6a2617216d4c04a8_lupyne_79368723_20110423_091559_before_5.py,PythonFiles\lupyne\79368723\5dc7791206e1f4bd1445e28b6a2617216d4c04a8\5dc7791206e1f4bd1445e28b6a2617216d4c04a8_lupyne_79368723_20110423_091559_after_5.py
ebd6c1ece2b0754c37b8a626d6d55cfdaa3b65da,lupyne,79368723,2011-05-07 01:54:27,+0000,indexers.py,MODIFY,7,20,PythonFiles\lupyne\79368723\ebd6c1ece2b0754c37b8a626d6d55cfdaa3b65da\ebd6c1ece2b0754c37b8a626d6d55cfdaa3b65da_lupyne_79368723_20110506_185427_before_2.py,PythonFiles\lupyne\79368723\ebd6c1ece2b0754c37b8a626d6d55cfdaa3b65da\ebd6c1ece2b0754c37b8a626d6d55cfdaa3b65da_lupyne_79368723_20110506_185427_after_2.py
ebd6c1ece2b0754c37b8a626d6d55cfdaa3b65da,lupyne,79368723,2011-05-07 01:54:27,+0000,queries.py,MODIFY,47,15,PythonFiles\lupyne\79368723\ebd6c1ece2b0754c37b8a626d6d55cfdaa3b65da\ebd6c1ece2b0754c37b8a626d6d55cfdaa3b65da_lupyne_79368723_20110506_185427_before_3.py,PythonFiles\lupyne\79368723\ebd6c1ece2b0754c37b8a626d6d55cfdaa3b65da\ebd6c1ece2b0754c37b8a626d6d55cfdaa3b65da_lupyne_79368723_20110506_185427_after_3.py
ebd6c1ece2b0754c37b8a626d6d55cfdaa3b65da,lupyne,79368723,2011-05-07 01:54:27,+0000,server.py,MODIFY,5,7,PythonFiles\lupyne\79368723\ebd6c1ece2b0754c37b8a626d6d55cfdaa3b65da\ebd6c1ece2b0754c37b8a626d6d55cfdaa3b65da_lupyne_79368723_20110506_185427_before_4.py,PythonFiles\lupyne\79368723\ebd6c1ece2b0754c37b8a626d6d55cfdaa3b65da\ebd6c1ece2b0754c37b8a626d6d55cfdaa3b65da_lupyne_79368723_20110506_185427_after_4.py
ebd6c1ece2b0754c37b8a626d6d55cfdaa3b65da,lupyne,79368723,2011-05-07 01:54:27,+0000,local.py,MODIFY,27,16,PythonFiles\lupyne\79368723\ebd6c1ece2b0754c37b8a626d6d55cfdaa3b65da\ebd6c1ece2b0754c37b8a626d6d55cfdaa3b65da_lupyne_79368723_20110506_185427_before_5.py,PythonFiles\lupyne\79368723\ebd6c1ece2b0754c37b8a626d6d55cfdaa3b65da\ebd6c1ece2b0754c37b8a626d6d55cfdaa3b65da_lupyne_79368723_20110506_185427_after_5.py
08903d4fa639cac527703dd75b4308f49cd4799f,lupyne,79368723,2011-05-07 02:11:36,+0000,indexers.py,MODIFY,4,4,PythonFiles\lupyne\79368723\08903d4fa639cac527703dd75b4308f49cd4799f\08903d4fa639cac527703dd75b4308f49cd4799f_lupyne_79368723_20110506_191136_before_1.py,PythonFiles\lupyne\79368723\08903d4fa639cac527703dd75b4308f49cd4799f\08903d4fa639cac527703dd75b4308f49cd4799f_lupyne_79368723_20110506_191136_after_1.py
08903d4fa639cac527703dd75b4308f49cd4799f,lupyne,79368723,2011-05-07 02:11:36,+0000,queries.py,MODIFY,2,3,PythonFiles\lupyne\79368723\08903d4fa639cac527703dd75b4308f49cd4799f\08903d4fa639cac527703dd75b4308f49cd4799f_lupyne_79368723_20110506_191136_before_2.py,PythonFiles\lupyne\79368723\08903d4fa639cac527703dd75b4308f49cd4799f\08903d4fa639cac527703dd75b4308f49cd4799f_lupyne_79368723_20110506_191136_after_2.py
24614e18c2ec83288b4649076db261e464d7e2fb,lupyne,79368723,2011-05-07 02:16:50,+0000,server.py,MODIFY,2,2,PythonFiles\lupyne\79368723\24614e18c2ec83288b4649076db261e464d7e2fb\24614e18c2ec83288b4649076db261e464d7e2fb_lupyne_79368723_20110506_191650_before_1.py,PythonFiles\lupyne\79368723\24614e18c2ec83288b4649076db261e464d7e2fb\24614e18c2ec83288b4649076db261e464d7e2fb_lupyne_79368723_20110506_191650_after_1.py
24614e18c2ec83288b4649076db261e464d7e2fb,lupyne,79368723,2011-05-07 02:16:50,+0000,remote.py,MODIFY,5,6,PythonFiles\lupyne\79368723\24614e18c2ec83288b4649076db261e464d7e2fb\24614e18c2ec83288b4649076db261e464d7e2fb_lupyne_79368723_20110506_191650_before_2.py,PythonFiles\lupyne\79368723\24614e18c2ec83288b4649076db261e464d7e2fb\24614e18c2ec83288b4649076db261e464d7e2fb_lupyne_79368723_20110506_191650_after_2.py
86b5bb90e19c7434ccc901e800743ae33969da36,lupyne,79368723,2011-05-10 01:14:18,+0000,server.py,MODIFY,24,24,PythonFiles\lupyne\79368723\86b5bb90e19c7434ccc901e800743ae33969da36\86b5bb90e19c7434ccc901e800743ae33969da36_lupyne_79368723_20110509_181418_before_1.py,PythonFiles\lupyne\79368723\86b5bb90e19c7434ccc901e800743ae33969da36\86b5bb90e19c7434ccc901e800743ae33969da36_lupyne_79368723_20110509_181418_after_1.py
5192a3ad2a7ecfae8c68ceb3bb2c5ccdb0215720,lupyne,79368723,2011-05-29 19:23:25,+0000,server.py,MODIFY,11,5,PythonFiles\lupyne\79368723\5192a3ad2a7ecfae8c68ceb3bb2c5ccdb0215720\5192a3ad2a7ecfae8c68ceb3bb2c5ccdb0215720_lupyne_79368723_20110529_122325_before_1.py,PythonFiles\lupyne\79368723\5192a3ad2a7ecfae8c68ceb3bb2c5ccdb0215720\5192a3ad2a7ecfae8c68ceb3bb2c5ccdb0215720_lupyne_79368723_20110529_122325_after_1.py
5192a3ad2a7ecfae8c68ceb3bb2c5ccdb0215720,lupyne,79368723,2011-05-29 19:23:25,+0000,remote.py,MODIFY,2,0,PythonFiles\lupyne\79368723\5192a3ad2a7ecfae8c68ceb3bb2c5ccdb0215720\5192a3ad2a7ecfae8c68ceb3bb2c5ccdb0215720_lupyne_79368723_20110529_122325_before_2.py,PythonFiles\lupyne\79368723\5192a3ad2a7ecfae8c68ceb3bb2c5ccdb0215720\5192a3ad2a7ecfae8c68ceb3bb2c5ccdb0215720_lupyne_79368723_20110529_122325_after_2.py
148a5a93e02aeec9fdf38313ced448fc4993a869,lupyne,79368723,2011-05-29 19:55:19,+0000,server.py,MODIFY,6,3,PythonFiles\lupyne\79368723\148a5a93e02aeec9fdf38313ced448fc4993a869\148a5a93e02aeec9fdf38313ced448fc4993a869_lupyne_79368723_20110529_125519_before_1.py,PythonFiles\lupyne\79368723\148a5a93e02aeec9fdf38313ced448fc4993a869\148a5a93e02aeec9fdf38313ced448fc4993a869_lupyne_79368723_20110529_125519_after_1.py
148a5a93e02aeec9fdf38313ced448fc4993a869,lupyne,79368723,2011-05-29 19:55:19,+0000,remote.py,MODIFY,2,0,PythonFiles\lupyne\79368723\148a5a93e02aeec9fdf38313ced448fc4993a869\148a5a93e02aeec9fdf38313ced448fc4993a869_lupyne_79368723_20110529_125519_before_2.py,PythonFiles\lupyne\79368723\148a5a93e02aeec9fdf38313ced448fc4993a869\148a5a93e02aeec9fdf38313ced448fc4993a869_lupyne_79368723_20110529_125519_after_2.py
bac5bfa054a5938ff62fe484d87e243f23a8f3b7,lupyne,79368723,2011-06-04 04:21:54,+0000,server.py,MODIFY,51,45,PythonFiles\lupyne\79368723\bac5bfa054a5938ff62fe484d87e243f23a8f3b7\bac5bfa054a5938ff62fe484d87e243f23a8f3b7_lupyne_79368723_20110603_212154_before_1.py,PythonFiles\lupyne\79368723\bac5bfa054a5938ff62fe484d87e243f23a8f3b7\bac5bfa054a5938ff62fe484d87e243f23a8f3b7_lupyne_79368723_20110603_212154_after_1.py
6fed9e3fdffea89d00b7a3387b1056c44ae2bbec,lupyne,79368723,2011-06-04 18:37:59,+0000,queries.py,MODIFY,12,2,PythonFiles\lupyne\79368723\6fed9e3fdffea89d00b7a3387b1056c44ae2bbec\6fed9e3fdffea89d00b7a3387b1056c44ae2bbec_lupyne_79368723_20110604_113759_before_1.py,PythonFiles\lupyne\79368723\6fed9e3fdffea89d00b7a3387b1056c44ae2bbec\6fed9e3fdffea89d00b7a3387b1056c44ae2bbec_lupyne_79368723_20110604_113759_after_1.py
6fed9e3fdffea89d00b7a3387b1056c44ae2bbec,lupyne,79368723,2011-06-04 18:37:59,+0000,local.py,MODIFY,8,0,PythonFiles\lupyne\79368723\6fed9e3fdffea89d00b7a3387b1056c44ae2bbec\6fed9e3fdffea89d00b7a3387b1056c44ae2bbec_lupyne_79368723_20110604_113759_before_2.py,PythonFiles\lupyne\79368723\6fed9e3fdffea89d00b7a3387b1056c44ae2bbec\6fed9e3fdffea89d00b7a3387b1056c44ae2bbec_lupyne_79368723_20110604_113759_after_2.py
1ec5d9175fd95005b8a3aab7735a40543c108632,lupyne,79368723,2011-06-07 04:23:10,+0000,indexers.py,MODIFY,2,1,PythonFiles\lupyne\79368723\1ec5d9175fd95005b8a3aab7735a40543c108632\1ec5d9175fd95005b8a3aab7735a40543c108632_lupyne_79368723_20110606_212310_before_1.py,PythonFiles\lupyne\79368723\1ec5d9175fd95005b8a3aab7735a40543c108632\1ec5d9175fd95005b8a3aab7735a40543c108632_lupyne_79368723_20110606_212310_after_1.py
1ec5d9175fd95005b8a3aab7735a40543c108632,lupyne,79368723,2011-06-07 04:23:10,+0000,local.py,MODIFY,4,7,PythonFiles\lupyne\79368723\1ec5d9175fd95005b8a3aab7735a40543c108632\1ec5d9175fd95005b8a3aab7735a40543c108632_lupyne_79368723_20110606_212310_before_2.py,PythonFiles\lupyne\79368723\1ec5d9175fd95005b8a3aab7735a40543c108632\1ec5d9175fd95005b8a3aab7735a40543c108632_lupyne_79368723_20110606_212310_after_2.py
db7abd9462349ace38679769b456fda4867074e2,lupyne,79368723,2011-06-08 19:49:18,+0000,indexers.py,MODIFY,8,1,PythonFiles\lupyne\79368723\db7abd9462349ace38679769b456fda4867074e2\db7abd9462349ace38679769b456fda4867074e2_lupyne_79368723_20110608_124918_before_1.py,PythonFiles\lupyne\79368723\db7abd9462349ace38679769b456fda4867074e2\db7abd9462349ace38679769b456fda4867074e2_lupyne_79368723_20110608_124918_after_1.py
db7abd9462349ace38679769b456fda4867074e2,lupyne,79368723,2011-06-08 19:49:18,+0000,local.py,MODIFY,3,3,PythonFiles\lupyne\79368723\db7abd9462349ace38679769b456fda4867074e2\db7abd9462349ace38679769b456fda4867074e2_lupyne_79368723_20110608_124918_before_2.py,PythonFiles\lupyne\79368723\db7abd9462349ace38679769b456fda4867074e2\db7abd9462349ace38679769b456fda4867074e2_lupyne_79368723_20110608_124918_after_2.py
4ed0d8832d90e5d16b28aeec9e4517e5df4a05f7,lupyne,79368723,2011-06-10 15:14:22,+0000,conf.py,MODIFY,2,2,PythonFiles\lupyne\79368723\4ed0d8832d90e5d16b28aeec9e4517e5df4a05f7\4ed0d8832d90e5d16b28aeec9e4517e5df4a05f7_lupyne_79368723_20110610_081422_before_1.py,PythonFiles\lupyne\79368723\4ed0d8832d90e5d16b28aeec9e4517e5df4a05f7\4ed0d8832d90e5d16b28aeec9e4517e5df4a05f7_lupyne_79368723_20110610_081422_after_1.py
4ed0d8832d90e5d16b28aeec9e4517e5df4a05f7,lupyne,79368723,2011-06-10 15:14:22,+0000,__init__.py,MODIFY,1,1,PythonFiles\lupyne\79368723\4ed0d8832d90e5d16b28aeec9e4517e5df4a05f7\4ed0d8832d90e5d16b28aeec9e4517e5df4a05f7_lupyne_79368723_20110610_081422_before_2.py,PythonFiles\lupyne\79368723\4ed0d8832d90e5d16b28aeec9e4517e5df4a05f7\4ed0d8832d90e5d16b28aeec9e4517e5df4a05f7_lupyne_79368723_20110610_081422_after_2.py
4ed0d8832d90e5d16b28aeec9e4517e5df4a05f7,lupyne,79368723,2011-06-10 15:14:22,+0000,__init__.py,MODIFY,2,0,PythonFiles\lupyne\79368723\4ed0d8832d90e5d16b28aeec9e4517e5df4a05f7\4ed0d8832d90e5d16b28aeec9e4517e5df4a05f7_lupyne_79368723_20110610_081422_before_3.py,PythonFiles\lupyne\79368723\4ed0d8832d90e5d16b28aeec9e4517e5df4a05f7\4ed0d8832d90e5d16b28aeec9e4517e5df4a05f7_lupyne_79368723_20110610_081422_after_3.py
4ed0d8832d90e5d16b28aeec9e4517e5df4a05f7,lupyne,79368723,2011-06-10 15:14:22,+0000,indexers.py,MODIFY,0,1,PythonFiles\lupyne\79368723\4ed0d8832d90e5d16b28aeec9e4517e5df4a05f7\4ed0d8832d90e5d16b28aeec9e4517e5df4a05f7_lupyne_79368723_20110610_081422_before_4.py,PythonFiles\lupyne\79368723\4ed0d8832d90e5d16b28aeec9e4517e5df4a05f7\4ed0d8832d90e5d16b28aeec9e4517e5df4a05f7_lupyne_79368723_20110610_081422_after_4.py
4ed0d8832d90e5d16b28aeec9e4517e5df4a05f7,lupyne,79368723,2011-06-10 15:14:22,+0000,setup.py,MODIFY,14,20,PythonFiles\lupyne\79368723\4ed0d8832d90e5d16b28aeec9e4517e5df4a05f7\4ed0d8832d90e5d16b28aeec9e4517e5df4a05f7_lupyne_79368723_20110610_081422_before_5.py,PythonFiles\lupyne\79368723\4ed0d8832d90e5d16b28aeec9e4517e5df4a05f7\4ed0d8832d90e5d16b28aeec9e4517e5df4a05f7_lupyne_79368723_20110610_081422_after_5.py
b886b545659e9c4b8e2143413d6b9dfdbc609ea5,lupyne,79368723,2011-06-10 16:22:45,+0000,conf.py,MODIFY,1,1,PythonFiles\lupyne\79368723\b886b545659e9c4b8e2143413d6b9dfdbc609ea5\b886b545659e9c4b8e2143413d6b9dfdbc609ea5_lupyne_79368723_20110610_092245_before_2.py,PythonFiles\lupyne\79368723\b886b545659e9c4b8e2143413d6b9dfdbc609ea5\b886b545659e9c4b8e2143413d6b9dfdbc609ea5_lupyne_79368723_20110610_092245_after_2.py
b886b545659e9c4b8e2143413d6b9dfdbc609ea5,lupyne,79368723,2011-06-10 16:22:45,+0000,__init__.py,MODIFY,1,1,PythonFiles\lupyne\79368723\b886b545659e9c4b8e2143413d6b9dfdbc609ea5\b886b545659e9c4b8e2143413d6b9dfdbc609ea5_lupyne_79368723_20110610_092245_before_3.py,PythonFiles\lupyne\79368723\b886b545659e9c4b8e2143413d6b9dfdbc609ea5\b886b545659e9c4b8e2143413d6b9dfdbc609ea5_lupyne_79368723_20110610_092245_after_3.py
b886b545659e9c4b8e2143413d6b9dfdbc609ea5,lupyne,79368723,2011-06-10 16:22:45,+0000,setup.py,MODIFY,1,1,PythonFiles\lupyne\79368723\b886b545659e9c4b8e2143413d6b9dfdbc609ea5\b886b545659e9c4b8e2143413d6b9dfdbc609ea5_lupyne_79368723_20110610_092245_before_4.py,PythonFiles\lupyne\79368723\b886b545659e9c4b8e2143413d6b9dfdbc609ea5\b886b545659e9c4b8e2143413d6b9dfdbc609ea5_lupyne_79368723_20110610_092245_after_4.py
b84076506d0861491ed83cd5e5d4c5dae87e7bbb,lupyne,79368723,2011-06-11 03:59:39,+0000,__init__.py,MODIFY,3,1,PythonFiles\lupyne\79368723\b84076506d0861491ed83cd5e5d4c5dae87e7bbb\b84076506d0861491ed83cd5e5d4c5dae87e7bbb_lupyne_79368723_20110610_205939_before_1.py,PythonFiles\lupyne\79368723\b84076506d0861491ed83cd5e5d4c5dae87e7bbb\b84076506d0861491ed83cd5e5d4c5dae87e7bbb_lupyne_79368723_20110610_205939_after_1.py
b84076506d0861491ed83cd5e5d4c5dae87e7bbb,lupyne,79368723,2011-06-11 03:59:39,+0000,indexers.py,MODIFY,3,21,PythonFiles\lupyne\79368723\b84076506d0861491ed83cd5e5d4c5dae87e7bbb\b84076506d0861491ed83cd5e5d4c5dae87e7bbb_lupyne_79368723_20110610_205939_before_2.py,PythonFiles\lupyne\79368723\b84076506d0861491ed83cd5e5d4c5dae87e7bbb\b84076506d0861491ed83cd5e5d4c5dae87e7bbb_lupyne_79368723_20110610_205939_after_2.py
b84076506d0861491ed83cd5e5d4c5dae87e7bbb,lupyne,79368723,2011-06-11 03:59:39,+0000,local.py,MODIFY,1,6,PythonFiles\lupyne\79368723\b84076506d0861491ed83cd5e5d4c5dae87e7bbb\b84076506d0861491ed83cd5e5d4c5dae87e7bbb_lupyne_79368723_20110610_205939_before_3.py,PythonFiles\lupyne\79368723\b84076506d0861491ed83cd5e5d4c5dae87e7bbb\b84076506d0861491ed83cd5e5d4c5dae87e7bbb_lupyne_79368723_20110610_205939_after_3.py
8e2c3bc1541840c80e425cb6d5c332c374a51a4b,lupyne,79368723,2011-06-23 23:03:46,+0000,server.py,MODIFY,23,10,PythonFiles\lupyne\79368723\8e2c3bc1541840c80e425cb6d5c332c374a51a4b\8e2c3bc1541840c80e425cb6d5c332c374a51a4b_lupyne_79368723_20110623_160346_before_2.py,PythonFiles\lupyne\79368723\8e2c3bc1541840c80e425cb6d5c332c374a51a4b\8e2c3bc1541840c80e425cb6d5c332c374a51a4b_lupyne_79368723_20110623_160346_after_2.py
44fecb332c37634031956afe9e6d98014b720a20,lupyne,79368723,2011-07-03 21:01:30,+0000,documents.py,MODIFY,13,0,PythonFiles\lupyne\79368723\44fecb332c37634031956afe9e6d98014b720a20\44fecb332c37634031956afe9e6d98014b720a20_lupyne_79368723_20110703_140130_before_1.py,PythonFiles\lupyne\79368723\44fecb332c37634031956afe9e6d98014b720a20\44fecb332c37634031956afe9e6d98014b720a20_lupyne_79368723_20110703_140130_after_1.py
44fecb332c37634031956afe9e6d98014b720a20,lupyne,79368723,2011-07-03 21:01:30,+0000,server.py,MODIFY,17,28,PythonFiles\lupyne\79368723\44fecb332c37634031956afe9e6d98014b720a20\44fecb332c37634031956afe9e6d98014b720a20_lupyne_79368723_20110703_140130_before_2.py,PythonFiles\lupyne\79368723\44fecb332c37634031956afe9e6d98014b720a20\44fecb332c37634031956afe9e6d98014b720a20_lupyne_79368723_20110703_140130_after_2.py
6483517782903400528f7c02e136d9e66a748804,lupyne,79368723,2011-07-09 18:15:17,+0000,queries.py,MODIFY,17,14,PythonFiles\lupyne\79368723\6483517782903400528f7c02e136d9e66a748804\6483517782903400528f7c02e136d9e66a748804_lupyne_79368723_20110709_111517_before_1.py,PythonFiles\lupyne\79368723\6483517782903400528f7c02e136d9e66a748804\6483517782903400528f7c02e136d9e66a748804_lupyne_79368723_20110709_111517_after_1.py
6483517782903400528f7c02e136d9e66a748804,lupyne,79368723,2011-07-09 18:15:17,+0000,local.py,MODIFY,4,2,PythonFiles\lupyne\79368723\6483517782903400528f7c02e136d9e66a748804\6483517782903400528f7c02e136d9e66a748804_lupyne_79368723_20110709_111517_before_2.py,PythonFiles\lupyne\79368723\6483517782903400528f7c02e136d9e66a748804\6483517782903400528f7c02e136d9e66a748804_lupyne_79368723_20110709_111517_after_2.py
a2f5dffb6857d48b1f119611da9cd49e24cfef22,lupyne,79368723,2011-07-09 18:24:01,+0000,indexers.py,MODIFY,7,9,PythonFiles\lupyne\79368723\a2f5dffb6857d48b1f119611da9cd49e24cfef22\a2f5dffb6857d48b1f119611da9cd49e24cfef22_lupyne_79368723_20110709_112401_before_1.py,PythonFiles\lupyne\79368723\a2f5dffb6857d48b1f119611da9cd49e24cfef22\a2f5dffb6857d48b1f119611da9cd49e24cfef22_lupyne_79368723_20110709_112401_after_1.py
477efcedc3311f0081456e47943e2169076e8573,lupyne,79368723,2011-08-12 18:27:53,+0000,indexers.py,MODIFY,5,2,PythonFiles\lupyne\79368723\477efcedc3311f0081456e47943e2169076e8573\477efcedc3311f0081456e47943e2169076e8573_lupyne_79368723_20110812_112753_before_1.py,PythonFiles\lupyne\79368723\477efcedc3311f0081456e47943e2169076e8573\477efcedc3311f0081456e47943e2169076e8573_lupyne_79368723_20110812_112753_after_1.py
477efcedc3311f0081456e47943e2169076e8573,lupyne,79368723,2011-08-12 18:27:53,+0000,queries.py,MODIFY,13,1,PythonFiles\lupyne\79368723\477efcedc3311f0081456e47943e2169076e8573\477efcedc3311f0081456e47943e2169076e8573_lupyne_79368723_20110812_112753_before_2.py,PythonFiles\lupyne\79368723\477efcedc3311f0081456e47943e2169076e8573\477efcedc3311f0081456e47943e2169076e8573_lupyne_79368723_20110812_112753_after_2.py
477efcedc3311f0081456e47943e2169076e8573,lupyne,79368723,2011-08-12 18:27:53,+0000,local.py,MODIFY,5,2,PythonFiles\lupyne\79368723\477efcedc3311f0081456e47943e2169076e8573\477efcedc3311f0081456e47943e2169076e8573_lupyne_79368723_20110812_112753_before_3.py,PythonFiles\lupyne\79368723\477efcedc3311f0081456e47943e2169076e8573\477efcedc3311f0081456e47943e2169076e8573_lupyne_79368723_20110812_112753_after_3.py
27fec747466172710387c5c7e4e713ea854ed3b7,lupyne,79368723,2011-08-13 21:37:09,+0000,server.py,MODIFY,9,4,PythonFiles\lupyne\79368723\27fec747466172710387c5c7e4e713ea854ed3b7\27fec747466172710387c5c7e4e713ea854ed3b7_lupyne_79368723_20110813_143709_before_2.py,PythonFiles\lupyne\79368723\27fec747466172710387c5c7e4e713ea854ed3b7\27fec747466172710387c5c7e4e713ea854ed3b7_lupyne_79368723_20110813_143709_after_2.py
27fec747466172710387c5c7e4e713ea854ed3b7,lupyne,79368723,2011-08-13 21:37:09,+0000,__main__.py,MODIFY,3,6,PythonFiles\lupyne\79368723\27fec747466172710387c5c7e4e713ea854ed3b7\27fec747466172710387c5c7e4e713ea854ed3b7_lupyne_79368723_20110813_143709_before_3.py,PythonFiles\lupyne\79368723\27fec747466172710387c5c7e4e713ea854ed3b7\27fec747466172710387c5c7e4e713ea854ed3b7_lupyne_79368723_20110813_143709_after_3.py
27fec747466172710387c5c7e4e713ea854ed3b7,lupyne,79368723,2011-08-13 21:37:09,+0000,distributed.py,MODIFY,1,1,PythonFiles\lupyne\79368723\27fec747466172710387c5c7e4e713ea854ed3b7\27fec747466172710387c5c7e4e713ea854ed3b7_lupyne_79368723_20110813_143709_before_4.py,PythonFiles\lupyne\79368723\27fec747466172710387c5c7e4e713ea854ed3b7\27fec747466172710387c5c7e4e713ea854ed3b7_lupyne_79368723_20110813_143709_after_4.py
27fec747466172710387c5c7e4e713ea854ed3b7,lupyne,79368723,2011-08-13 21:37:09,+0000,local.py,MODIFY,1,1,PythonFiles\lupyne\79368723\27fec747466172710387c5c7e4e713ea854ed3b7\27fec747466172710387c5c7e4e713ea854ed3b7_lupyne_79368723_20110813_143709_before_5.py,PythonFiles\lupyne\79368723\27fec747466172710387c5c7e4e713ea854ed3b7\27fec747466172710387c5c7e4e713ea854ed3b7_lupyne_79368723_20110813_143709_after_5.py
27fec747466172710387c5c7e4e713ea854ed3b7,lupyne,79368723,2011-08-13 21:37:09,+0000,remote.py,MODIFY,1,1,PythonFiles\lupyne\79368723\27fec747466172710387c5c7e4e713ea854ed3b7\27fec747466172710387c5c7e4e713ea854ed3b7_lupyne_79368723_20110813_143709_before_6.py,PythonFiles\lupyne\79368723\27fec747466172710387c5c7e4e713ea854ed3b7\27fec747466172710387c5c7e4e713ea854ed3b7_lupyne_79368723_20110813_143709_after_6.py
8f22b79dbbdaa744ee991852efa9a4750044bd94,lupyne,79368723,2011-08-18 21:14:26,+0000,conf.py,MODIFY,1,1,PythonFiles\lupyne\79368723\8f22b79dbbdaa744ee991852efa9a4750044bd94\8f22b79dbbdaa744ee991852efa9a4750044bd94_lupyne_79368723_20110818_141426_before_2.py,PythonFiles\lupyne\79368723\8f22b79dbbdaa744ee991852efa9a4750044bd94\8f22b79dbbdaa744ee991852efa9a4750044bd94_lupyne_79368723_20110818_141426_after_2.py
f2e62c3f12aa5aa77ada3dd11e270c49883c9b27,lupyne,79368723,2011-08-19 00:12:47,+0000,indexers.py,MODIFY,5,0,PythonFiles\lupyne\79368723\f2e62c3f12aa5aa77ada3dd11e270c49883c9b27\f2e62c3f12aa5aa77ada3dd11e270c49883c9b27_lupyne_79368723_20110818_171247_before_2.py,PythonFiles\lupyne\79368723\f2e62c3f12aa5aa77ada3dd11e270c49883c9b27\f2e62c3f12aa5aa77ada3dd11e270c49883c9b27_lupyne_79368723_20110818_171247_after_2.py
f2e62c3f12aa5aa77ada3dd11e270c49883c9b27,lupyne,79368723,2011-08-19 00:12:47,+0000,__init__.py,MODIFY,10,0,PythonFiles\lupyne\79368723\f2e62c3f12aa5aa77ada3dd11e270c49883c9b27\f2e62c3f12aa5aa77ada3dd11e270c49883c9b27_lupyne_79368723_20110818_171247_before_3.py,PythonFiles\lupyne\79368723\f2e62c3f12aa5aa77ada3dd11e270c49883c9b27\f2e62c3f12aa5aa77ada3dd11e270c49883c9b27_lupyne_79368723_20110818_171247_after_3.py
f2e62c3f12aa5aa77ada3dd11e270c49883c9b27,lupyne,79368723,2011-08-19 00:12:47,+0000,local.py,MODIFY,10,6,PythonFiles\lupyne\79368723\f2e62c3f12aa5aa77ada3dd11e270c49883c9b27\f2e62c3f12aa5aa77ada3dd11e270c49883c9b27_lupyne_79368723_20110818_171247_before_4.py,PythonFiles\lupyne\79368723\f2e62c3f12aa5aa77ada3dd11e270c49883c9b27\f2e62c3f12aa5aa77ada3dd11e270c49883c9b27_lupyne_79368723_20110818_171247_after_4.py
2d65eb84da9ede646757b1ed57d038d6a7835858,lupyne,79368723,2011-08-19 04:27:32,+0000,documents.py,MODIFY,5,5,PythonFiles\lupyne\79368723\2d65eb84da9ede646757b1ed57d038d6a7835858\2d65eb84da9ede646757b1ed57d038d6a7835858_lupyne_79368723_20110818_212732_before_1.py,PythonFiles\lupyne\79368723\2d65eb84da9ede646757b1ed57d038d6a7835858\2d65eb84da9ede646757b1ed57d038d6a7835858_lupyne_79368723_20110818_212732_after_1.py
2d65eb84da9ede646757b1ed57d038d6a7835858,lupyne,79368723,2011-08-19 04:27:32,+0000,server.py,MODIFY,1,1,PythonFiles\lupyne\79368723\2d65eb84da9ede646757b1ed57d038d6a7835858\2d65eb84da9ede646757b1ed57d038d6a7835858_lupyne_79368723_20110818_212732_before_2.py,PythonFiles\lupyne\79368723\2d65eb84da9ede646757b1ed57d038d6a7835858\2d65eb84da9ede646757b1ed57d038d6a7835858_lupyne_79368723_20110818_212732_after_2.py
2d65eb84da9ede646757b1ed57d038d6a7835858,lupyne,79368723,2011-08-19 04:27:32,+0000,local.py,MODIFY,6,1,PythonFiles\lupyne\79368723\2d65eb84da9ede646757b1ed57d038d6a7835858\2d65eb84da9ede646757b1ed57d038d6a7835858_lupyne_79368723_20110818_212732_before_3.py,PythonFiles\lupyne\79368723\2d65eb84da9ede646757b1ed57d038d6a7835858\2d65eb84da9ede646757b1ed57d038d6a7835858_lupyne_79368723_20110818_212732_after_3.py
ac5e01e7e07b73300b0684524e9ceba15669fad0,lupyne,79368723,2011-09-11 20:44:05,+0000,server.py,MODIFY,1,3,PythonFiles\lupyne\79368723\ac5e01e7e07b73300b0684524e9ceba15669fad0\ac5e01e7e07b73300b0684524e9ceba15669fad0_lupyne_79368723_20110911_134405_before_1.py,PythonFiles\lupyne\79368723\ac5e01e7e07b73300b0684524e9ceba15669fad0\ac5e01e7e07b73300b0684524e9ceba15669fad0_lupyne_79368723_20110911_134405_after_1.py
ac5e01e7e07b73300b0684524e9ceba15669fad0,lupyne,79368723,2011-09-11 20:44:05,+0000,remote.py,MODIFY,2,1,PythonFiles\lupyne\79368723\ac5e01e7e07b73300b0684524e9ceba15669fad0\ac5e01e7e07b73300b0684524e9ceba15669fad0_lupyne_79368723_20110911_134405_before_2.py,PythonFiles\lupyne\79368723\ac5e01e7e07b73300b0684524e9ceba15669fad0\ac5e01e7e07b73300b0684524e9ceba15669fad0_lupyne_79368723_20110911_134405_after_2.py
2049d99f9e14c5170ec4996a778daa384996d084,lupyne,79368723,2011-09-11 20:58:20,+0000,documents.py,MODIFY,3,0,PythonFiles\lupyne\79368723\2049d99f9e14c5170ec4996a778daa384996d084\2049d99f9e14c5170ec4996a778daa384996d084_lupyne_79368723_20110911_135820_before_1.py,PythonFiles\lupyne\79368723\2049d99f9e14c5170ec4996a778daa384996d084\2049d99f9e14c5170ec4996a778daa384996d084_lupyne_79368723_20110911_135820_after_1.py
2049d99f9e14c5170ec4996a778daa384996d084,lupyne,79368723,2011-09-11 20:58:20,+0000,local.py,MODIFY,2,0,PythonFiles\lupyne\79368723\2049d99f9e14c5170ec4996a778daa384996d084\2049d99f9e14c5170ec4996a778daa384996d084_lupyne_79368723_20110911_135820_before_2.py,PythonFiles\lupyne\79368723\2049d99f9e14c5170ec4996a778daa384996d084\2049d99f9e14c5170ec4996a778daa384996d084_lupyne_79368723_20110911_135820_after_2.py
f8394efa1ebd40b407ccc3b4fbbe3f9f8cb2ca1a,lupyne,79368723,2011-09-11 21:42:38,+0000,__init__.py,MODIFY,21,0,PythonFiles\lupyne\79368723\f8394efa1ebd40b407ccc3b4fbbe3f9f8cb2ca1a\f8394efa1ebd40b407ccc3b4fbbe3f9f8cb2ca1a_lupyne_79368723_20110911_144238_before_2.py,PythonFiles\lupyne\79368723\f8394efa1ebd40b407ccc3b4fbbe3f9f8cb2ca1a\f8394efa1ebd40b407ccc3b4fbbe3f9f8cb2ca1a_lupyne_79368723_20110911_144238_after_2.py
f8394efa1ebd40b407ccc3b4fbbe3f9f8cb2ca1a,lupyne,79368723,2011-09-11 21:42:38,+0000,local.py,MODIFY,7,1,PythonFiles\lupyne\79368723\f8394efa1ebd40b407ccc3b4fbbe3f9f8cb2ca1a\f8394efa1ebd40b407ccc3b4fbbe3f9f8cb2ca1a_lupyne_79368723_20110911_144238_before_3.py,PythonFiles\lupyne\79368723\f8394efa1ebd40b407ccc3b4fbbe3f9f8cb2ca1a\f8394efa1ebd40b407ccc3b4fbbe3f9f8cb2ca1a_lupyne_79368723_20110911_144238_after_3.py
af31415b336bc8658be44d3472dfed0d38fb7975,lupyne,79368723,2011-09-16 19:18:29,+0000,indexers.py,MODIFY,5,7,PythonFiles\lupyne\79368723\af31415b336bc8658be44d3472dfed0d38fb7975\af31415b336bc8658be44d3472dfed0d38fb7975_lupyne_79368723_20110916_121829_before_1.py,PythonFiles\lupyne\79368723\af31415b336bc8658be44d3472dfed0d38fb7975\af31415b336bc8658be44d3472dfed0d38fb7975_lupyne_79368723_20110916_121829_after_1.py
af31415b336bc8658be44d3472dfed0d38fb7975,lupyne,79368723,2011-09-16 19:18:29,+0000,local.py,MODIFY,1,1,PythonFiles\lupyne\79368723\af31415b336bc8658be44d3472dfed0d38fb7975\af31415b336bc8658be44d3472dfed0d38fb7975_lupyne_79368723_20110916_121829_before_2.py,PythonFiles\lupyne\79368723\af31415b336bc8658be44d3472dfed0d38fb7975\af31415b336bc8658be44d3472dfed0d38fb7975_lupyne_79368723_20110916_121829_after_2.py
eb057359344a3f8a87bb11ab8c10a89589dd5807,lupyne,79368723,2011-09-17 00:51:37,+0000,indexers.py,MODIFY,35,12,PythonFiles\lupyne\79368723\eb057359344a3f8a87bb11ab8c10a89589dd5807\eb057359344a3f8a87bb11ab8c10a89589dd5807_lupyne_79368723_20110916_175137_before_1.py,PythonFiles\lupyne\79368723\eb057359344a3f8a87bb11ab8c10a89589dd5807\eb057359344a3f8a87bb11ab8c10a89589dd5807_lupyne_79368723_20110916_175137_after_1.py
eb057359344a3f8a87bb11ab8c10a89589dd5807,lupyne,79368723,2011-09-17 00:51:37,+0000,server.py,MODIFY,25,10,PythonFiles\lupyne\79368723\eb057359344a3f8a87bb11ab8c10a89589dd5807\eb057359344a3f8a87bb11ab8c10a89589dd5807_lupyne_79368723_20110916_175137_before_2.py,PythonFiles\lupyne\79368723\eb057359344a3f8a87bb11ab8c10a89589dd5807\eb057359344a3f8a87bb11ab8c10a89589dd5807_lupyne_79368723_20110916_175137_after_2.py
eb057359344a3f8a87bb11ab8c10a89589dd5807,lupyne,79368723,2011-09-17 00:51:37,+0000,local.py,MODIFY,14,0,PythonFiles\lupyne\79368723\eb057359344a3f8a87bb11ab8c10a89589dd5807\eb057359344a3f8a87bb11ab8c10a89589dd5807_lupyne_79368723_20110916_175137_before_3.py,PythonFiles\lupyne\79368723\eb057359344a3f8a87bb11ab8c10a89589dd5807\eb057359344a3f8a87bb11ab8c10a89589dd5807_lupyne_79368723_20110916_175137_after_3.py
eb057359344a3f8a87bb11ab8c10a89589dd5807,lupyne,79368723,2011-09-17 00:51:37,+0000,remote.py,MODIFY,10,0,PythonFiles\lupyne\79368723\eb057359344a3f8a87bb11ab8c10a89589dd5807\eb057359344a3f8a87bb11ab8c10a89589dd5807_lupyne_79368723_20110916_175137_before_4.py,PythonFiles\lupyne\79368723\eb057359344a3f8a87bb11ab8c10a89589dd5807\eb057359344a3f8a87bb11ab8c10a89589dd5807_lupyne_79368723_20110916_175137_after_4.py
814a191fdbd75562ced87563b63463f2048134db,lupyne,79368723,2011-09-18 19:09:22,+0000,server.py,MODIFY,3,4,PythonFiles\lupyne\79368723\814a191fdbd75562ced87563b63463f2048134db\814a191fdbd75562ced87563b63463f2048134db_lupyne_79368723_20110918_120922_before_1.py,PythonFiles\lupyne\79368723\814a191fdbd75562ced87563b63463f2048134db\814a191fdbd75562ced87563b63463f2048134db_lupyne_79368723_20110918_120922_after_1.py
814a191fdbd75562ced87563b63463f2048134db,lupyne,79368723,2011-09-18 19:09:22,+0000,remote.py,MODIFY,1,0,PythonFiles\lupyne\79368723\814a191fdbd75562ced87563b63463f2048134db\814a191fdbd75562ced87563b63463f2048134db_lupyne_79368723_20110918_120922_before_2.py,PythonFiles\lupyne\79368723\814a191fdbd75562ced87563b63463f2048134db\814a191fdbd75562ced87563b63463f2048134db_lupyne_79368723_20110918_120922_after_2.py
50390210cc18f51eeabc6000660cc1b204f9ed35,lupyne,79368723,2011-09-20 03:58:08,+0000,conf.py,MODIFY,2,2,PythonFiles\lupyne\79368723\50390210cc18f51eeabc6000660cc1b204f9ed35\50390210cc18f51eeabc6000660cc1b204f9ed35_lupyne_79368723_20110919_205808_before_1.py,PythonFiles\lupyne\79368723\50390210cc18f51eeabc6000660cc1b204f9ed35\50390210cc18f51eeabc6000660cc1b204f9ed35_lupyne_79368723_20110919_205808_after_1.py
50390210cc18f51eeabc6000660cc1b204f9ed35,lupyne,79368723,2011-09-20 03:58:08,+0000,__init__.py,MODIFY,1,1,PythonFiles\lupyne\79368723\50390210cc18f51eeabc6000660cc1b204f9ed35\50390210cc18f51eeabc6000660cc1b204f9ed35_lupyne_79368723_20110919_205808_before_2.py,PythonFiles\lupyne\79368723\50390210cc18f51eeabc6000660cc1b204f9ed35\50390210cc18f51eeabc6000660cc1b204f9ed35_lupyne_79368723_20110919_205808_after_2.py
50390210cc18f51eeabc6000660cc1b204f9ed35,lupyne,79368723,2011-09-20 03:58:08,+0000,setup.py,MODIFY,11,13,PythonFiles\lupyne\79368723\50390210cc18f51eeabc6000660cc1b204f9ed35\50390210cc18f51eeabc6000660cc1b204f9ed35_lupyne_79368723_20110919_205808_before_3.py,PythonFiles\lupyne\79368723\50390210cc18f51eeabc6000660cc1b204f9ed35\50390210cc18f51eeabc6000660cc1b204f9ed35_lupyne_79368723_20110919_205808_after_3.py
cdc26d589d64c3835a3e46e2f7c0805518cb5e9f,lupyne,79368723,2011-09-20 16:20:56,+0000,conf.py,MODIFY,1,1,PythonFiles\lupyne\79368723\cdc26d589d64c3835a3e46e2f7c0805518cb5e9f\cdc26d589d64c3835a3e46e2f7c0805518cb5e9f_lupyne_79368723_20110920_092056_before_2.py,PythonFiles\lupyne\79368723\cdc26d589d64c3835a3e46e2f7c0805518cb5e9f\cdc26d589d64c3835a3e46e2f7c0805518cb5e9f_lupyne_79368723_20110920_092056_after_2.py
cdc26d589d64c3835a3e46e2f7c0805518cb5e9f,lupyne,79368723,2011-09-20 16:20:56,+0000,__init__.py,MODIFY,1,1,PythonFiles\lupyne\79368723\cdc26d589d64c3835a3e46e2f7c0805518cb5e9f\cdc26d589d64c3835a3e46e2f7c0805518cb5e9f_lupyne_79368723_20110920_092056_before_3.py,PythonFiles\lupyne\79368723\cdc26d589d64c3835a3e46e2f7c0805518cb5e9f\cdc26d589d64c3835a3e46e2f7c0805518cb5e9f_lupyne_79368723_20110920_092056_after_3.py
cdc26d589d64c3835a3e46e2f7c0805518cb5e9f,lupyne,79368723,2011-09-20 16:20:56,+0000,setup.py,MODIFY,1,1,PythonFiles\lupyne\79368723\cdc26d589d64c3835a3e46e2f7c0805518cb5e9f\cdc26d589d64c3835a3e46e2f7c0805518cb5e9f_lupyne_79368723_20110920_092056_before_4.py,PythonFiles\lupyne\79368723\cdc26d589d64c3835a3e46e2f7c0805518cb5e9f\cdc26d589d64c3835a3e46e2f7c0805518cb5e9f_lupyne_79368723_20110920_092056_after_4.py
df57ef9f3bf634a3dae78025658e34ff07c27424,lupyne,79368723,2011-09-22 03:32:50,+0000,__init__.py,MODIFY,1,3,PythonFiles\lupyne\79368723\df57ef9f3bf634a3dae78025658e34ff07c27424\df57ef9f3bf634a3dae78025658e34ff07c27424_lupyne_79368723_20110921_203250_before_2.py,PythonFiles\lupyne\79368723\df57ef9f3bf634a3dae78025658e34ff07c27424\df57ef9f3bf634a3dae78025658e34ff07c27424_lupyne_79368723_20110921_203250_after_2.py
df57ef9f3bf634a3dae78025658e34ff07c27424,lupyne,79368723,2011-09-22 03:32:50,+0000,indexers.py,MODIFY,15,32,PythonFiles\lupyne\79368723\df57ef9f3bf634a3dae78025658e34ff07c27424\df57ef9f3bf634a3dae78025658e34ff07c27424_lupyne_79368723_20110921_203250_before_3.py,PythonFiles\lupyne\79368723\df57ef9f3bf634a3dae78025658e34ff07c27424\df57ef9f3bf634a3dae78025658e34ff07c27424_lupyne_79368723_20110921_203250_after_3.py
df57ef9f3bf634a3dae78025658e34ff07c27424,lupyne,79368723,2011-09-22 03:32:50,+0000,queries.py,MODIFY,1,6,PythonFiles\lupyne\79368723\df57ef9f3bf634a3dae78025658e34ff07c27424\df57ef9f3bf634a3dae78025658e34ff07c27424_lupyne_79368723_20110921_203250_before_4.py,PythonFiles\lupyne\79368723\df57ef9f3bf634a3dae78025658e34ff07c27424\df57ef9f3bf634a3dae78025658e34ff07c27424_lupyne_79368723_20110921_203250_after_4.py
df57ef9f3bf634a3dae78025658e34ff07c27424,lupyne,79368723,2011-09-22 03:32:50,+0000,server.py,MODIFY,8,8,PythonFiles\lupyne\79368723\df57ef9f3bf634a3dae78025658e34ff07c27424\df57ef9f3bf634a3dae78025658e34ff07c27424_lupyne_79368723_20110921_203250_before_5.py,PythonFiles\lupyne\79368723\df57ef9f3bf634a3dae78025658e34ff07c27424\df57ef9f3bf634a3dae78025658e34ff07c27424_lupyne_79368723_20110921_203250_after_5.py
df57ef9f3bf634a3dae78025658e34ff07c27424,lupyne,79368723,2011-09-22 03:32:50,+0000,local.py,MODIFY,10,17,PythonFiles\lupyne\79368723\df57ef9f3bf634a3dae78025658e34ff07c27424\df57ef9f3bf634a3dae78025658e34ff07c27424_lupyne_79368723_20110921_203250_before_6.py,PythonFiles\lupyne\79368723\df57ef9f3bf634a3dae78025658e34ff07c27424\df57ef9f3bf634a3dae78025658e34ff07c27424_lupyne_79368723_20110921_203250_after_6.py
df57ef9f3bf634a3dae78025658e34ff07c27424,lupyne,79368723,2011-09-22 03:32:50,+0000,remote.py,MODIFY,1,0,PythonFiles\lupyne\79368723\df57ef9f3bf634a3dae78025658e34ff07c27424\df57ef9f3bf634a3dae78025658e34ff07c27424_lupyne_79368723_20110921_203250_before_7.py,PythonFiles\lupyne\79368723\df57ef9f3bf634a3dae78025658e34ff07c27424\df57ef9f3bf634a3dae78025658e34ff07c27424_lupyne_79368723_20110921_203250_after_7.py
f10e3d9fc4c26f3164235a904dc5f359d8b00cbd,lupyne,79368723,2011-09-28 04:24:44,+0000,queries.py,MODIFY,8,6,PythonFiles\lupyne\79368723\f10e3d9fc4c26f3164235a904dc5f359d8b00cbd\f10e3d9fc4c26f3164235a904dc5f359d8b00cbd_lupyne_79368723_20110927_212444_before_1.py,PythonFiles\lupyne\79368723\f10e3d9fc4c26f3164235a904dc5f359d8b00cbd\f10e3d9fc4c26f3164235a904dc5f359d8b00cbd_lupyne_79368723_20110927_212444_after_1.py
f10e3d9fc4c26f3164235a904dc5f359d8b00cbd,lupyne,79368723,2011-09-28 04:24:44,+0000,sorting.py,MODIFY,2,2,PythonFiles\lupyne\79368723\f10e3d9fc4c26f3164235a904dc5f359d8b00cbd\f10e3d9fc4c26f3164235a904dc5f359d8b00cbd_lupyne_79368723_20110927_212444_before_2.py,PythonFiles\lupyne\79368723\f10e3d9fc4c26f3164235a904dc5f359d8b00cbd\f10e3d9fc4c26f3164235a904dc5f359d8b00cbd_lupyne_79368723_20110927_212444_after_2.py
f10e3d9fc4c26f3164235a904dc5f359d8b00cbd,lupyne,79368723,2011-09-28 04:24:44,+0000,client.py,MODIFY,3,2,PythonFiles\lupyne\79368723\f10e3d9fc4c26f3164235a904dc5f359d8b00cbd\f10e3d9fc4c26f3164235a904dc5f359d8b00cbd_lupyne_79368723_20110927_212444_before_3.py,PythonFiles\lupyne\79368723\f10e3d9fc4c26f3164235a904dc5f359d8b00cbd\f10e3d9fc4c26f3164235a904dc5f359d8b00cbd_lupyne_79368723_20110927_212444_after_3.py
f10e3d9fc4c26f3164235a904dc5f359d8b00cbd,lupyne,79368723,2011-09-28 04:24:44,+0000,distributed.py,MODIFY,15,2,PythonFiles\lupyne\79368723\f10e3d9fc4c26f3164235a904dc5f359d8b00cbd\f10e3d9fc4c26f3164235a904dc5f359d8b00cbd_lupyne_79368723_20110927_212444_before_4.py,PythonFiles\lupyne\79368723\f10e3d9fc4c26f3164235a904dc5f359d8b00cbd\f10e3d9fc4c26f3164235a904dc5f359d8b00cbd_lupyne_79368723_20110927_212444_after_4.py
f10e3d9fc4c26f3164235a904dc5f359d8b00cbd,lupyne,79368723,2011-09-28 04:24:44,+0000,local.py,MODIFY,1,0,PythonFiles\lupyne\79368723\f10e3d9fc4c26f3164235a904dc5f359d8b00cbd\f10e3d9fc4c26f3164235a904dc5f359d8b00cbd_lupyne_79368723_20110927_212444_before_5.py,PythonFiles\lupyne\79368723\f10e3d9fc4c26f3164235a904dc5f359d8b00cbd\f10e3d9fc4c26f3164235a904dc5f359d8b00cbd_lupyne_79368723_20110927_212444_after_5.py
f10e3d9fc4c26f3164235a904dc5f359d8b00cbd,lupyne,79368723,2011-09-28 04:24:44,+0000,remote.py,MODIFY,7,3,PythonFiles\lupyne\79368723\f10e3d9fc4c26f3164235a904dc5f359d8b00cbd\f10e3d9fc4c26f3164235a904dc5f359d8b00cbd_lupyne_79368723_20110927_212444_before_6.py,PythonFiles\lupyne\79368723\f10e3d9fc4c26f3164235a904dc5f359d8b00cbd\f10e3d9fc4c26f3164235a904dc5f359d8b00cbd_lupyne_79368723_20110927_212444_after_6.py
5d6c81f03f1ae9adbc780c6923fbc21f780be378,lupyne,79368723,2011-09-29 22:20:29,+0000,conf.py,MODIFY,66,39,PythonFiles\lupyne\79368723\5d6c81f03f1ae9adbc780c6923fbc21f780be378\5d6c81f03f1ae9adbc780c6923fbc21f780be378_lupyne_79368723_20110929_152029_before_6.py,PythonFiles\lupyne\79368723\5d6c81f03f1ae9adbc780c6923fbc21f780be378\5d6c81f03f1ae9adbc780c6923fbc21f780be378_lupyne_79368723_20110929_152029_after_6.py
5d6c81f03f1ae9adbc780c6923fbc21f780be378,lupyne,79368723,2011-09-29 22:20:29,+0000,setup.py,MODIFY,14,13,PythonFiles\lupyne\79368723\5d6c81f03f1ae9adbc780c6923fbc21f780be378\5d6c81f03f1ae9adbc780c6923fbc21f780be378_lupyne_79368723_20110929_152029_before_8.py,PythonFiles\lupyne\79368723\5d6c81f03f1ae9adbc780c6923fbc21f780be378\5d6c81f03f1ae9adbc780c6923fbc21f780be378_lupyne_79368723_20110929_152029_after_8.py
0e34b421beaa6f25fc8a20b2ca780295c7669d12,lupyne,79368723,2011-11-06 01:00:32,+0000,queries.py,MODIFY,4,2,PythonFiles\lupyne\79368723\0e34b421beaa6f25fc8a20b2ca780295c7669d12\0e34b421beaa6f25fc8a20b2ca780295c7669d12_lupyne_79368723_20111105_180032_before_1.py,PythonFiles\lupyne\79368723\0e34b421beaa6f25fc8a20b2ca780295c7669d12\0e34b421beaa6f25fc8a20b2ca780295c7669d12_lupyne_79368723_20111105_180032_after_1.py
0e34b421beaa6f25fc8a20b2ca780295c7669d12,lupyne,79368723,2011-11-06 01:00:32,+0000,local.py,MODIFY,2,3,PythonFiles\lupyne\79368723\0e34b421beaa6f25fc8a20b2ca780295c7669d12\0e34b421beaa6f25fc8a20b2ca780295c7669d12_lupyne_79368723_20111105_180032_before_2.py,PythonFiles\lupyne\79368723\0e34b421beaa6f25fc8a20b2ca780295c7669d12\0e34b421beaa6f25fc8a20b2ca780295c7669d12_lupyne_79368723_20111105_180032_after_2.py
a4589d366fbd0947b02ec9eefb3fbad6519feaf4,lupyne,79368723,2011-12-03 22:02:00,+0000,indexers.py,MODIFY,4,3,PythonFiles\lupyne\79368723\a4589d366fbd0947b02ec9eefb3fbad6519feaf4\a4589d366fbd0947b02ec9eefb3fbad6519feaf4_lupyne_79368723_20111203_140200_before_1.py,PythonFiles\lupyne\79368723\a4589d366fbd0947b02ec9eefb3fbad6519feaf4\a4589d366fbd0947b02ec9eefb3fbad6519feaf4_lupyne_79368723_20111203_140200_after_1.py
4e106d9b717c043e419d5114e542db5017c290a9,lupyne,79368723,2011-12-03 22:12:57,+0000,documents.py,MODIFY,13,31,PythonFiles\lupyne\79368723\4e106d9b717c043e419d5114e542db5017c290a9\4e106d9b717c043e419d5114e542db5017c290a9_lupyne_79368723_20111203_141257_before_2.py,PythonFiles\lupyne\79368723\4e106d9b717c043e419d5114e542db5017c290a9\4e106d9b717c043e419d5114e542db5017c290a9_lupyne_79368723_20111203_141257_after_2.py
4e106d9b717c043e419d5114e542db5017c290a9,lupyne,79368723,2011-12-03 22:12:57,+0000,indexers.py,MODIFY,2,2,PythonFiles\lupyne\79368723\4e106d9b717c043e419d5114e542db5017c290a9\4e106d9b717c043e419d5114e542db5017c290a9_lupyne_79368723_20111203_141257_before_3.py,PythonFiles\lupyne\79368723\4e106d9b717c043e419d5114e542db5017c290a9\4e106d9b717c043e419d5114e542db5017c290a9_lupyne_79368723_20111203_141257_after_3.py
4e106d9b717c043e419d5114e542db5017c290a9,lupyne,79368723,2011-12-03 22:12:57,+0000,local.py,MODIFY,3,6,PythonFiles\lupyne\79368723\4e106d9b717c043e419d5114e542db5017c290a9\4e106d9b717c043e419d5114e542db5017c290a9_lupyne_79368723_20111203_141257_before_4.py,PythonFiles\lupyne\79368723\4e106d9b717c043e419d5114e542db5017c290a9\4e106d9b717c043e419d5114e542db5017c290a9_lupyne_79368723_20111203_141257_after_4.py
cf6c0eaf490ec2d13a3cdd6073464bf2928f5b8a,lupyne,79368723,2011-12-04 23:59:44,+0000,indexers.py,MODIFY,1,1,PythonFiles\lupyne\79368723\cf6c0eaf490ec2d13a3cdd6073464bf2928f5b8a\cf6c0eaf490ec2d13a3cdd6073464bf2928f5b8a_lupyne_79368723_20111204_155944_before_1.py,PythonFiles\lupyne\79368723\cf6c0eaf490ec2d13a3cdd6073464bf2928f5b8a\cf6c0eaf490ec2d13a3cdd6073464bf2928f5b8a_lupyne_79368723_20111204_155944_after_1.py
cf6c0eaf490ec2d13a3cdd6073464bf2928f5b8a,lupyne,79368723,2011-12-04 23:59:44,+0000,server.py,MODIFY,8,3,PythonFiles\lupyne\79368723\cf6c0eaf490ec2d13a3cdd6073464bf2928f5b8a\cf6c0eaf490ec2d13a3cdd6073464bf2928f5b8a_lupyne_79368723_20111204_155944_before_2.py,PythonFiles\lupyne\79368723\cf6c0eaf490ec2d13a3cdd6073464bf2928f5b8a\cf6c0eaf490ec2d13a3cdd6073464bf2928f5b8a_lupyne_79368723_20111204_155944_after_2.py
cf6c0eaf490ec2d13a3cdd6073464bf2928f5b8a,lupyne,79368723,2011-12-04 23:59:44,+0000,local.py,MODIFY,2,1,PythonFiles\lupyne\79368723\cf6c0eaf490ec2d13a3cdd6073464bf2928f5b8a\cf6c0eaf490ec2d13a3cdd6073464bf2928f5b8a_lupyne_79368723_20111204_155944_before_3.py,PythonFiles\lupyne\79368723\cf6c0eaf490ec2d13a3cdd6073464bf2928f5b8a\cf6c0eaf490ec2d13a3cdd6073464bf2928f5b8a_lupyne_79368723_20111204_155944_after_3.py
cf6c0eaf490ec2d13a3cdd6073464bf2928f5b8a,lupyne,79368723,2011-12-04 23:59:44,+0000,remote.py,MODIFY,4,0,PythonFiles\lupyne\79368723\cf6c0eaf490ec2d13a3cdd6073464bf2928f5b8a\cf6c0eaf490ec2d13a3cdd6073464bf2928f5b8a_lupyne_79368723_20111204_155944_before_4.py,PythonFiles\lupyne\79368723\cf6c0eaf490ec2d13a3cdd6073464bf2928f5b8a\cf6c0eaf490ec2d13a3cdd6073464bf2928f5b8a_lupyne_79368723_20111204_155944_after_4.py
fecf9242a90708ed146a7810560b79bc5dc51242,lupyne,79368723,2011-12-08 01:28:07,+0000,server.py,MODIFY,10,6,PythonFiles\lupyne\79368723\fecf9242a90708ed146a7810560b79bc5dc51242\fecf9242a90708ed146a7810560b79bc5dc51242_lupyne_79368723_20111207_172807_before_1.py,PythonFiles\lupyne\79368723\fecf9242a90708ed146a7810560b79bc5dc51242\fecf9242a90708ed146a7810560b79bc5dc51242_lupyne_79368723_20111207_172807_after_1.py
fecf9242a90708ed146a7810560b79bc5dc51242,lupyne,79368723,2011-12-08 01:28:07,+0000,remote.py,MODIFY,9,13,PythonFiles\lupyne\79368723\fecf9242a90708ed146a7810560b79bc5dc51242\fecf9242a90708ed146a7810560b79bc5dc51242_lupyne_79368723_20111207_172807_before_2.py,PythonFiles\lupyne\79368723\fecf9242a90708ed146a7810560b79bc5dc51242\fecf9242a90708ed146a7810560b79bc5dc51242_lupyne_79368723_20111207_172807_after_2.py
9e32fec7572351f86477cd0716670111dcaed09e,lupyne,79368723,2011-12-14 01:55:53,+0000,server.py,MODIFY,17,17,PythonFiles\lupyne\79368723\9e32fec7572351f86477cd0716670111dcaed09e\9e32fec7572351f86477cd0716670111dcaed09e_lupyne_79368723_20111213_175553_before_2.py,PythonFiles\lupyne\79368723\9e32fec7572351f86477cd0716670111dcaed09e\9e32fec7572351f86477cd0716670111dcaed09e_lupyne_79368723_20111213_175553_after_2.py
31119874eae45e210301ce23dc4a488634a11c53,lupyne,79368723,2011-12-14 02:09:24,+0000,__init__.py,MODIFY,1,1,PythonFiles\lupyne\79368723\31119874eae45e210301ce23dc4a488634a11c53\31119874eae45e210301ce23dc4a488634a11c53_lupyne_79368723_20111213_180924_before_2.py,PythonFiles\lupyne\79368723\31119874eae45e210301ce23dc4a488634a11c53\31119874eae45e210301ce23dc4a488634a11c53_lupyne_79368723_20111213_180924_after_2.py
31119874eae45e210301ce23dc4a488634a11c53,lupyne,79368723,2011-12-14 02:09:24,+0000,setup.py,MODIFY,8,1,PythonFiles\lupyne\79368723\31119874eae45e210301ce23dc4a488634a11c53\31119874eae45e210301ce23dc4a488634a11c53_lupyne_79368723_20111213_180924_before_3.py,PythonFiles\lupyne\79368723\31119874eae45e210301ce23dc4a488634a11c53\31119874eae45e210301ce23dc4a488634a11c53_lupyne_79368723_20111213_180924_after_3.py
ada3f42e7abb500fd35718cf559977c81d4c7a6a,lupyne,79368723,2011-12-14 03:01:08,+0000,__init__.py,MODIFY,1,1,PythonFiles\lupyne\79368723\ada3f42e7abb500fd35718cf559977c81d4c7a6a\ada3f42e7abb500fd35718cf559977c81d4c7a6a_lupyne_79368723_20111213_190108_before_2.py,PythonFiles\lupyne\79368723\ada3f42e7abb500fd35718cf559977c81d4c7a6a\ada3f42e7abb500fd35718cf559977c81d4c7a6a_lupyne_79368723_20111213_190108_after_2.py
e99b107a48e076cc2ac03834e81157ba6a305015,lupyne,79368723,2011-12-19 20:07:42,+0000,server.py,MODIFY,24,10,PythonFiles\lupyne\79368723\e99b107a48e076cc2ac03834e81157ba6a305015\e99b107a48e076cc2ac03834e81157ba6a305015_lupyne_79368723_20111219_120742_before_1.py,PythonFiles\lupyne\79368723\e99b107a48e076cc2ac03834e81157ba6a305015\e99b107a48e076cc2ac03834e81157ba6a305015_lupyne_79368723_20111219_120742_after_1.py
e99b107a48e076cc2ac03834e81157ba6a305015,lupyne,79368723,2011-12-19 20:07:42,+0000,remote.py,MODIFY,14,2,PythonFiles\lupyne\79368723\e99b107a48e076cc2ac03834e81157ba6a305015\e99b107a48e076cc2ac03834e81157ba6a305015_lupyne_79368723_20111219_120742_before_2.py,PythonFiles\lupyne\79368723\e99b107a48e076cc2ac03834e81157ba6a305015\e99b107a48e076cc2ac03834e81157ba6a305015_lupyne_79368723_20111219_120742_after_2.py
bf7e6f26d9670fc5bae796ae3daddc39c747529b,lupyne,79368723,2011-12-23 20:39:19,+0000,client.py,MODIFY,15,3,PythonFiles\lupyne\79368723\bf7e6f26d9670fc5bae796ae3daddc39c747529b\bf7e6f26d9670fc5bae796ae3daddc39c747529b_lupyne_79368723_20111223_123919_before_2.py,PythonFiles\lupyne\79368723\bf7e6f26d9670fc5bae796ae3daddc39c747529b\bf7e6f26d9670fc5bae796ae3daddc39c747529b_lupyne_79368723_20111223_123919_after_2.py
bf7e6f26d9670fc5bae796ae3daddc39c747529b,lupyne,79368723,2011-12-23 20:39:19,+0000,server.py,MODIFY,37,16,PythonFiles\lupyne\79368723\bf7e6f26d9670fc5bae796ae3daddc39c747529b\bf7e6f26d9670fc5bae796ae3daddc39c747529b_lupyne_79368723_20111223_123919_before_3.py,PythonFiles\lupyne\79368723\bf7e6f26d9670fc5bae796ae3daddc39c747529b\bf7e6f26d9670fc5bae796ae3daddc39c747529b_lupyne_79368723_20111223_123919_after_3.py
bf7e6f26d9670fc5bae796ae3daddc39c747529b,lupyne,79368723,2011-12-23 20:39:19,+0000,distributed.py,MODIFY,20,4,PythonFiles\lupyne\79368723\bf7e6f26d9670fc5bae796ae3daddc39c747529b\bf7e6f26d9670fc5bae796ae3daddc39c747529b_lupyne_79368723_20111223_123919_before_4.py,PythonFiles\lupyne\79368723\bf7e6f26d9670fc5bae796ae3daddc39c747529b\bf7e6f26d9670fc5bae796ae3daddc39c747529b_lupyne_79368723_20111223_123919_after_4.py
bf7e6f26d9670fc5bae796ae3daddc39c747529b,lupyne,79368723,2011-12-23 20:39:19,+0000,remote.py,MODIFY,1,1,PythonFiles\lupyne\79368723\bf7e6f26d9670fc5bae796ae3daddc39c747529b\bf7e6f26d9670fc5bae796ae3daddc39c747529b_lupyne_79368723_20111223_123919_before_5.py,PythonFiles\lupyne\79368723\bf7e6f26d9670fc5bae796ae3daddc39c747529b\bf7e6f26d9670fc5bae796ae3daddc39c747529b_lupyne_79368723_20111223_123919_after_5.py
b389eead92e342ad21d104a5c43c5ab5041f688b,lupyne,79368723,2011-12-24 22:08:09,+0000,server.py,MODIFY,16,10,PythonFiles\lupyne\79368723\b389eead92e342ad21d104a5c43c5ab5041f688b\b389eead92e342ad21d104a5c43c5ab5041f688b_lupyne_79368723_20111224_140809_before_2.py,PythonFiles\lupyne\79368723\b389eead92e342ad21d104a5c43c5ab5041f688b\b389eead92e342ad21d104a5c43c5ab5041f688b_lupyne_79368723_20111224_140809_after_2.py
b389eead92e342ad21d104a5c43c5ab5041f688b,lupyne,79368723,2011-12-24 22:08:09,+0000,distributed.py,MODIFY,12,1,PythonFiles\lupyne\79368723\b389eead92e342ad21d104a5c43c5ab5041f688b\b389eead92e342ad21d104a5c43c5ab5041f688b_lupyne_79368723_20111224_140809_before_3.py,PythonFiles\lupyne\79368723\b389eead92e342ad21d104a5c43c5ab5041f688b\b389eead92e342ad21d104a5c43c5ab5041f688b_lupyne_79368723_20111224_140809_after_3.py
9abdbd6bbea64045f0aec3c6684ac2dc3fdd6d0c,lupyne,79368723,2012-02-09 01:01:11,+0000,indexers.py,MODIFY,13,12,PythonFiles\lupyne\79368723\9abdbd6bbea64045f0aec3c6684ac2dc3fdd6d0c\9abdbd6bbea64045f0aec3c6684ac2dc3fdd6d0c_lupyne_79368723_20120208_170111_before_1.py,PythonFiles\lupyne\79368723\9abdbd6bbea64045f0aec3c6684ac2dc3fdd6d0c\9abdbd6bbea64045f0aec3c6684ac2dc3fdd6d0c_lupyne_79368723_20120208_170111_after_1.py
9abdbd6bbea64045f0aec3c6684ac2dc3fdd6d0c,lupyne,79368723,2012-02-09 01:01:11,+0000,queries.py,MODIFY,2,8,PythonFiles\lupyne\79368723\9abdbd6bbea64045f0aec3c6684ac2dc3fdd6d0c\9abdbd6bbea64045f0aec3c6684ac2dc3fdd6d0c_lupyne_79368723_20120208_170111_before_2.py,PythonFiles\lupyne\79368723\9abdbd6bbea64045f0aec3c6684ac2dc3fdd6d0c\9abdbd6bbea64045f0aec3c6684ac2dc3fdd6d0c_lupyne_79368723_20120208_170111_after_2.py
9abdbd6bbea64045f0aec3c6684ac2dc3fdd6d0c,lupyne,79368723,2012-02-09 01:01:11,+0000,local.py,MODIFY,2,1,PythonFiles\lupyne\79368723\9abdbd6bbea64045f0aec3c6684ac2dc3fdd6d0c\9abdbd6bbea64045f0aec3c6684ac2dc3fdd6d0c_lupyne_79368723_20120208_170111_before_3.py,PythonFiles\lupyne\79368723\9abdbd6bbea64045f0aec3c6684ac2dc3fdd6d0c\9abdbd6bbea64045f0aec3c6684ac2dc3fdd6d0c_lupyne_79368723_20120208_170111_after_3.py
e9c0bb7788a0351086a2df68bdbae79a98a98f0f,lupyne,79368723,2012-02-09 01:13:50,+0000,conf.py,MODIFY,1,1,PythonFiles\lupyne\79368723\e9c0bb7788a0351086a2df68bdbae79a98a98f0f\e9c0bb7788a0351086a2df68bdbae79a98a98f0f_lupyne_79368723_20120208_171350_before_2.py,PythonFiles\lupyne\79368723\e9c0bb7788a0351086a2df68bdbae79a98a98f0f\e9c0bb7788a0351086a2df68bdbae79a98a98f0f_lupyne_79368723_20120208_171350_after_2.py
e9c0bb7788a0351086a2df68bdbae79a98a98f0f,lupyne,79368723,2012-02-09 01:13:50,+0000,server.py,MODIFY,1,1,PythonFiles\lupyne\79368723\e9c0bb7788a0351086a2df68bdbae79a98a98f0f\e9c0bb7788a0351086a2df68bdbae79a98a98f0f_lupyne_79368723_20120208_171350_before_4.py,PythonFiles\lupyne\79368723\e9c0bb7788a0351086a2df68bdbae79a98a98f0f\e9c0bb7788a0351086a2df68bdbae79a98a98f0f_lupyne_79368723_20120208_171350_after_4.py
e9c0bb7788a0351086a2df68bdbae79a98a98f0f,lupyne,79368723,2012-02-09 01:13:50,+0000,setup.py,MODIFY,2,8,PythonFiles\lupyne\79368723\e9c0bb7788a0351086a2df68bdbae79a98a98f0f\e9c0bb7788a0351086a2df68bdbae79a98a98f0f_lupyne_79368723_20120208_171350_before_5.py,PythonFiles\lupyne\79368723\e9c0bb7788a0351086a2df68bdbae79a98a98f0f\e9c0bb7788a0351086a2df68bdbae79a98a98f0f_lupyne_79368723_20120208_171350_after_5.py
7b50227252574b527dc83f0cfda6863db235663d,lupyne,79368723,2012-02-09 01:21:07,+0000,client.py,MODIFY,6,8,PythonFiles\lupyne\79368723\7b50227252574b527dc83f0cfda6863db235663d\7b50227252574b527dc83f0cfda6863db235663d_lupyne_79368723_20120208_172107_before_2.py,PythonFiles\lupyne\79368723\7b50227252574b527dc83f0cfda6863db235663d\7b50227252574b527dc83f0cfda6863db235663d_lupyne_79368723_20120208_172107_after_2.py
7b50227252574b527dc83f0cfda6863db235663d,lupyne,79368723,2012-02-09 01:21:07,+0000,server.py,MODIFY,39,19,PythonFiles\lupyne\79368723\7b50227252574b527dc83f0cfda6863db235663d\7b50227252574b527dc83f0cfda6863db235663d_lupyne_79368723_20120208_172107_before_3.py,PythonFiles\lupyne\79368723\7b50227252574b527dc83f0cfda6863db235663d\7b50227252574b527dc83f0cfda6863db235663d_lupyne_79368723_20120208_172107_after_3.py
7b50227252574b527dc83f0cfda6863db235663d,lupyne,79368723,2012-02-09 01:21:07,+0000,setup.py,MODIFY,3,2,PythonFiles\lupyne\79368723\7b50227252574b527dc83f0cfda6863db235663d\7b50227252574b527dc83f0cfda6863db235663d_lupyne_79368723_20120208_172107_before_4.py,PythonFiles\lupyne\79368723\7b50227252574b527dc83f0cfda6863db235663d\7b50227252574b527dc83f0cfda6863db235663d_lupyne_79368723_20120208_172107_after_4.py
7b50227252574b527dc83f0cfda6863db235663d,lupyne,79368723,2012-02-09 01:21:07,+0000,distributed.py,MODIFY,14,1,PythonFiles\lupyne\79368723\7b50227252574b527dc83f0cfda6863db235663d\7b50227252574b527dc83f0cfda6863db235663d_lupyne_79368723_20120208_172107_before_5.py,PythonFiles\lupyne\79368723\7b50227252574b527dc83f0cfda6863db235663d\7b50227252574b527dc83f0cfda6863db235663d_lupyne_79368723_20120208_172107_after_5.py
40a4ac8749ae53ac9c3dd62cc4b16b04fd3d6849,lupyne,79368723,2012-02-11 01:11:45,+0000,client.py,MODIFY,55,10,PythonFiles\lupyne\79368723\40a4ac8749ae53ac9c3dd62cc4b16b04fd3d6849\40a4ac8749ae53ac9c3dd62cc4b16b04fd3d6849_lupyne_79368723_20120210_171145_before_3.py,PythonFiles\lupyne\79368723\40a4ac8749ae53ac9c3dd62cc4b16b04fd3d6849\40a4ac8749ae53ac9c3dd62cc4b16b04fd3d6849_lupyne_79368723_20120210_171145_after_3.py
40a4ac8749ae53ac9c3dd62cc4b16b04fd3d6849,lupyne,79368723,2012-02-11 01:11:45,+0000,server.py,MODIFY,4,1,PythonFiles\lupyne\79368723\40a4ac8749ae53ac9c3dd62cc4b16b04fd3d6849\40a4ac8749ae53ac9c3dd62cc4b16b04fd3d6849_lupyne_79368723_20120210_171145_before_4.py,PythonFiles\lupyne\79368723\40a4ac8749ae53ac9c3dd62cc4b16b04fd3d6849\40a4ac8749ae53ac9c3dd62cc4b16b04fd3d6849_lupyne_79368723_20120210_171145_after_4.py
40a4ac8749ae53ac9c3dd62cc4b16b04fd3d6849,lupyne,79368723,2012-02-11 01:11:45,+0000,distributed.py,MODIFY,17,14,PythonFiles\lupyne\79368723\40a4ac8749ae53ac9c3dd62cc4b16b04fd3d6849\40a4ac8749ae53ac9c3dd62cc4b16b04fd3d6849_lupyne_79368723_20120210_171145_before_5.py,PythonFiles\lupyne\79368723\40a4ac8749ae53ac9c3dd62cc4b16b04fd3d6849\40a4ac8749ae53ac9c3dd62cc4b16b04fd3d6849_lupyne_79368723_20120210_171145_after_5.py
bddaefbe1fc053ded91fee473f255571d0f3c947,lupyne,79368723,2012-02-17 20:50:19,+0000,server.py,MODIFY,17,9,PythonFiles\lupyne\79368723\bddaefbe1fc053ded91fee473f255571d0f3c947\bddaefbe1fc053ded91fee473f255571d0f3c947_lupyne_79368723_20120217_125019_before_1.py,PythonFiles\lupyne\79368723\bddaefbe1fc053ded91fee473f255571d0f3c947\bddaefbe1fc053ded91fee473f255571d0f3c947_lupyne_79368723_20120217_125019_after_1.py
bddaefbe1fc053ded91fee473f255571d0f3c947,lupyne,79368723,2012-02-17 20:50:19,+0000,distributed.py,MODIFY,11,1,PythonFiles\lupyne\79368723\bddaefbe1fc053ded91fee473f255571d0f3c947\bddaefbe1fc053ded91fee473f255571d0f3c947_lupyne_79368723_20120217_125019_before_2.py,PythonFiles\lupyne\79368723\bddaefbe1fc053ded91fee473f255571d0f3c947\bddaefbe1fc053ded91fee473f255571d0f3c947_lupyne_79368723_20120217_125019_after_2.py
bddaefbe1fc053ded91fee473f255571d0f3c947,lupyne,79368723,2012-02-17 20:50:19,+0000,remote.py,MODIFY,1,1,PythonFiles\lupyne\79368723\bddaefbe1fc053ded91fee473f255571d0f3c947\bddaefbe1fc053ded91fee473f255571d0f3c947_lupyne_79368723_20120217_125019_before_3.py,PythonFiles\lupyne\79368723\bddaefbe1fc053ded91fee473f255571d0f3c947\bddaefbe1fc053ded91fee473f255571d0f3c947_lupyne_79368723_20120217_125019_after_3.py
3d7f4d51e21130bce780530dc0f533001b18a714,lupyne,79368723,2012-02-19 00:00:15,+0000,server.py,MODIFY,7,0,PythonFiles\lupyne\79368723\3d7f4d51e21130bce780530dc0f533001b18a714\3d7f4d51e21130bce780530dc0f533001b18a714_lupyne_79368723_20120218_160015_before_1.py,PythonFiles\lupyne\79368723\3d7f4d51e21130bce780530dc0f533001b18a714\3d7f4d51e21130bce780530dc0f533001b18a714_lupyne_79368723_20120218_160015_after_1.py
3d7f4d51e21130bce780530dc0f533001b18a714,lupyne,79368723,2012-02-19 00:00:15,+0000,distributed.py,MODIFY,21,16,PythonFiles\lupyne\79368723\3d7f4d51e21130bce780530dc0f533001b18a714\3d7f4d51e21130bce780530dc0f533001b18a714_lupyne_79368723_20120218_160015_before_2.py,PythonFiles\lupyne\79368723\3d7f4d51e21130bce780530dc0f533001b18a714\3d7f4d51e21130bce780530dc0f533001b18a714_lupyne_79368723_20120218_160015_after_2.py
23bdbaf8349494577247e6717aaf96a2821e8df3,lupyne,79368723,2012-03-08 20:07:45,+0000,indexers.py,MODIFY,4,2,PythonFiles\lupyne\79368723\23bdbaf8349494577247e6717aaf96a2821e8df3\23bdbaf8349494577247e6717aaf96a2821e8df3_lupyne_79368723_20120308_120745_before_3.py,PythonFiles\lupyne\79368723\23bdbaf8349494577247e6717aaf96a2821e8df3\23bdbaf8349494577247e6717aaf96a2821e8df3_lupyne_79368723_20120308_120745_after_3.py
23bdbaf8349494577247e6717aaf96a2821e8df3,lupyne,79368723,2012-03-08 20:07:45,+0000,setup.py,MODIFY,1,1,PythonFiles\lupyne\79368723\23bdbaf8349494577247e6717aaf96a2821e8df3\23bdbaf8349494577247e6717aaf96a2821e8df3_lupyne_79368723_20120308_120745_before_4.py,PythonFiles\lupyne\79368723\23bdbaf8349494577247e6717aaf96a2821e8df3\23bdbaf8349494577247e6717aaf96a2821e8df3_lupyne_79368723_20120308_120745_after_4.py
de9b8bb6023a48ac4294b3b444b3dfdce6a7668e,lupyne,79368723,2012-03-13 23:41:24,+0000,client.py,MODIFY,40,45,PythonFiles\lupyne\79368723\de9b8bb6023a48ac4294b3b444b3dfdce6a7668e\de9b8bb6023a48ac4294b3b444b3dfdce6a7668e_lupyne_79368723_20120313_164124_before_3.py,PythonFiles\lupyne\79368723\de9b8bb6023a48ac4294b3b444b3dfdce6a7668e\de9b8bb6023a48ac4294b3b444b3dfdce6a7668e_lupyne_79368723_20120313_164124_after_3.py
de9b8bb6023a48ac4294b3b444b3dfdce6a7668e,lupyne,79368723,2012-03-13 23:41:24,+0000,server.py,MODIFY,1,1,PythonFiles\lupyne\79368723\de9b8bb6023a48ac4294b3b444b3dfdce6a7668e\de9b8bb6023a48ac4294b3b444b3dfdce6a7668e_lupyne_79368723_20120313_164124_before_4.py,PythonFiles\lupyne\79368723\de9b8bb6023a48ac4294b3b444b3dfdce6a7668e\de9b8bb6023a48ac4294b3b444b3dfdce6a7668e_lupyne_79368723_20120313_164124_after_4.py
de9b8bb6023a48ac4294b3b444b3dfdce6a7668e,lupyne,79368723,2012-03-13 23:41:24,+0000,distributed.py,MODIFY,6,4,PythonFiles\lupyne\79368723\de9b8bb6023a48ac4294b3b444b3dfdce6a7668e\de9b8bb6023a48ac4294b3b444b3dfdce6a7668e_lupyne_79368723_20120313_164124_before_5.py,PythonFiles\lupyne\79368723\de9b8bb6023a48ac4294b3b444b3dfdce6a7668e\de9b8bb6023a48ac4294b3b444b3dfdce6a7668e_lupyne_79368723_20120313_164124_after_5.py
9f5a5d43228924a685454c53f8d4f86ba3a28cad,lupyne,79368723,2012-03-14 22:07:29,+0000,client.py,MODIFY,4,1,PythonFiles\lupyne\79368723\9f5a5d43228924a685454c53f8d4f86ba3a28cad\9f5a5d43228924a685454c53f8d4f86ba3a28cad_lupyne_79368723_20120314_150729_before_1.py,PythonFiles\lupyne\79368723\9f5a5d43228924a685454c53f8d4f86ba3a28cad\9f5a5d43228924a685454c53f8d4f86ba3a28cad_lupyne_79368723_20120314_150729_after_1.py
9f5a5d43228924a685454c53f8d4f86ba3a28cad,lupyne,79368723,2012-03-14 22:07:29,+0000,server.py,MODIFY,6,2,PythonFiles\lupyne\79368723\9f5a5d43228924a685454c53f8d4f86ba3a28cad\9f5a5d43228924a685454c53f8d4f86ba3a28cad_lupyne_79368723_20120314_150729_before_2.py,PythonFiles\lupyne\79368723\9f5a5d43228924a685454c53f8d4f86ba3a28cad\9f5a5d43228924a685454c53f8d4f86ba3a28cad_lupyne_79368723_20120314_150729_after_2.py
efd14466f7fc48c793c594745e90e3c4e75e09ad,lupyne,79368723,2012-03-16 00:40:22,+0000,indexers.py,MODIFY,18,11,PythonFiles\lupyne\79368723\efd14466f7fc48c793c594745e90e3c4e75e09ad\efd14466f7fc48c793c594745e90e3c4e75e09ad_lupyne_79368723_20120315_174022_before_2.py,PythonFiles\lupyne\79368723\efd14466f7fc48c793c594745e90e3c4e75e09ad\efd14466f7fc48c793c594745e90e3c4e75e09ad_lupyne_79368723_20120315_174022_after_2.py
efd14466f7fc48c793c594745e90e3c4e75e09ad,lupyne,79368723,2012-03-16 00:40:22,+0000,local.py,MODIFY,2,5,PythonFiles\lupyne\79368723\efd14466f7fc48c793c594745e90e3c4e75e09ad\efd14466f7fc48c793c594745e90e3c4e75e09ad_lupyne_79368723_20120315_174022_before_3.py,PythonFiles\lupyne\79368723\efd14466f7fc48c793c594745e90e3c4e75e09ad\efd14466f7fc48c793c594745e90e3c4e75e09ad_lupyne_79368723_20120315_174022_after_3.py
990a863d19db159e8c3596973be924b624ab8dfa,lupyne,79368723,2012-03-16 17:25:57,+0000,conf.py,MODIFY,1,1,PythonFiles\lupyne\79368723\990a863d19db159e8c3596973be924b624ab8dfa\990a863d19db159e8c3596973be924b624ab8dfa_lupyne_79368723_20120316_102557_before_2.py,PythonFiles\lupyne\79368723\990a863d19db159e8c3596973be924b624ab8dfa\990a863d19db159e8c3596973be924b624ab8dfa_lupyne_79368723_20120316_102557_after_2.py
990a863d19db159e8c3596973be924b624ab8dfa,lupyne,79368723,2012-03-16 17:25:57,+0000,client.py,MODIFY,2,1,PythonFiles\lupyne\79368723\990a863d19db159e8c3596973be924b624ab8dfa\990a863d19db159e8c3596973be924b624ab8dfa_lupyne_79368723_20120316_102557_before_5.py,PythonFiles\lupyne\79368723\990a863d19db159e8c3596973be924b624ab8dfa\990a863d19db159e8c3596973be924b624ab8dfa_lupyne_79368723_20120316_102557_after_5.py
990a863d19db159e8c3596973be924b624ab8dfa,lupyne,79368723,2012-03-16 17:25:57,+0000,server.py,MODIFY,2,3,PythonFiles\lupyne\79368723\990a863d19db159e8c3596973be924b624ab8dfa\990a863d19db159e8c3596973be924b624ab8dfa_lupyne_79368723_20120316_102557_before_6.py,PythonFiles\lupyne\79368723\990a863d19db159e8c3596973be924b624ab8dfa\990a863d19db159e8c3596973be924b624ab8dfa_lupyne_79368723_20120316_102557_after_6.py
990a863d19db159e8c3596973be924b624ab8dfa,lupyne,79368723,2012-03-16 17:25:57,+0000,setup.py,MODIFY,9,0,PythonFiles\lupyne\79368723\990a863d19db159e8c3596973be924b624ab8dfa\990a863d19db159e8c3596973be924b624ab8dfa_lupyne_79368723_20120316_102557_before_7.py,PythonFiles\lupyne\79368723\990a863d19db159e8c3596973be924b624ab8dfa\990a863d19db159e8c3596973be924b624ab8dfa_lupyne_79368723_20120316_102557_after_7.py
ab9962bcb7c572f8f3a1a326cde1f9a3895b3e29,lupyne,79368723,2012-03-24 18:34:19,+0000,server.py,MODIFY,1,1,PythonFiles\lupyne\79368723\ab9962bcb7c572f8f3a1a326cde1f9a3895b3e29\ab9962bcb7c572f8f3a1a326cde1f9a3895b3e29_lupyne_79368723_20120324_113419_before_3.py,PythonFiles\lupyne\79368723\ab9962bcb7c572f8f3a1a326cde1f9a3895b3e29\ab9962bcb7c572f8f3a1a326cde1f9a3895b3e29_lupyne_79368723_20120324_113419_after_3.py
ab9962bcb7c572f8f3a1a326cde1f9a3895b3e29,lupyne,79368723,2012-03-24 18:34:19,+0000,server.py,MODIFY,31,26,PythonFiles\lupyne\79368723\ab9962bcb7c572f8f3a1a326cde1f9a3895b3e29\ab9962bcb7c572f8f3a1a326cde1f9a3895b3e29_lupyne_79368723_20120324_113419_before_4.py,PythonFiles\lupyne\79368723\ab9962bcb7c572f8f3a1a326cde1f9a3895b3e29\ab9962bcb7c572f8f3a1a326cde1f9a3895b3e29_lupyne_79368723_20120324_113419_after_4.py
88632f1ba19096c2297668d2cd8753f4c50b8f9f,lupyne,79368723,2012-03-24 21:56:42,+0000,indexers.py,MODIFY,19,7,PythonFiles\lupyne\79368723\88632f1ba19096c2297668d2cd8753f4c50b8f9f\88632f1ba19096c2297668d2cd8753f4c50b8f9f_lupyne_79368723_20120324_145642_before_1.py,PythonFiles\lupyne\79368723\88632f1ba19096c2297668d2cd8753f4c50b8f9f\88632f1ba19096c2297668d2cd8753f4c50b8f9f_lupyne_79368723_20120324_145642_after_1.py
88632f1ba19096c2297668d2cd8753f4c50b8f9f,lupyne,79368723,2012-03-24 21:56:42,+0000,server.py,MODIFY,18,8,PythonFiles\lupyne\79368723\88632f1ba19096c2297668d2cd8753f4c50b8f9f\88632f1ba19096c2297668d2cd8753f4c50b8f9f_lupyne_79368723_20120324_145642_before_2.py,PythonFiles\lupyne\79368723\88632f1ba19096c2297668d2cd8753f4c50b8f9f\88632f1ba19096c2297668d2cd8753f4c50b8f9f_lupyne_79368723_20120324_145642_after_2.py
88632f1ba19096c2297668d2cd8753f4c50b8f9f,lupyne,79368723,2012-03-24 21:56:42,+0000,local.py,MODIFY,9,5,PythonFiles\lupyne\79368723\88632f1ba19096c2297668d2cd8753f4c50b8f9f\88632f1ba19096c2297668d2cd8753f4c50b8f9f_lupyne_79368723_20120324_145642_before_3.py,PythonFiles\lupyne\79368723\88632f1ba19096c2297668d2cd8753f4c50b8f9f\88632f1ba19096c2297668d2cd8753f4c50b8f9f_lupyne_79368723_20120324_145642_after_3.py
88632f1ba19096c2297668d2cd8753f4c50b8f9f,lupyne,79368723,2012-03-24 21:56:42,+0000,remote.py,MODIFY,4,2,PythonFiles\lupyne\79368723\88632f1ba19096c2297668d2cd8753f4c50b8f9f\88632f1ba19096c2297668d2cd8753f4c50b8f9f_lupyne_79368723_20120324_145642_before_4.py,PythonFiles\lupyne\79368723\88632f1ba19096c2297668d2cd8753f4c50b8f9f\88632f1ba19096c2297668d2cd8753f4c50b8f9f_lupyne_79368723_20120324_145642_after_4.py
f0d1ee78c09666803b74e9a8b178f2373c6a9150,lupyne,79368723,2012-03-26 15:03:56,+0000,__init__.py,MODIFY,2,0,PythonFiles\lupyne\79368723\f0d1ee78c09666803b74e9a8b178f2373c6a9150\f0d1ee78c09666803b74e9a8b178f2373c6a9150_lupyne_79368723_20120326_080356_before_2.py,PythonFiles\lupyne\79368723\f0d1ee78c09666803b74e9a8b178f2373c6a9150\f0d1ee78c09666803b74e9a8b178f2373c6a9150_lupyne_79368723_20120326_080356_after_2.py
f0d1ee78c09666803b74e9a8b178f2373c6a9150,lupyne,79368723,2012-03-26 15:03:56,+0000,setup.py,MODIFY,1,0,PythonFiles\lupyne\79368723\f0d1ee78c09666803b74e9a8b178f2373c6a9150\f0d1ee78c09666803b74e9a8b178f2373c6a9150_lupyne_79368723_20120326_080356_before_3.py,PythonFiles\lupyne\79368723\f0d1ee78c09666803b74e9a8b178f2373c6a9150\f0d1ee78c09666803b74e9a8b178f2373c6a9150_lupyne_79368723_20120326_080356_after_3.py
f0d1ee78c09666803b74e9a8b178f2373c6a9150,lupyne,79368723,2012-03-26 15:03:56,+0000,remote.py,MODIFY,1,1,PythonFiles\lupyne\79368723\f0d1ee78c09666803b74e9a8b178f2373c6a9150\f0d1ee78c09666803b74e9a8b178f2373c6a9150_lupyne_79368723_20120326_080356_before_4.py,PythonFiles\lupyne\79368723\f0d1ee78c09666803b74e9a8b178f2373c6a9150\f0d1ee78c09666803b74e9a8b178f2373c6a9150_lupyne_79368723_20120326_080356_after_4.py
b3d99eba756d75ff02f65102ec79e8e89234af7b,lupyne,79368723,2012-03-27 23:23:05,+0000,server.py,MODIFY,1,1,PythonFiles\lupyne\79368723\b3d99eba756d75ff02f65102ec79e8e89234af7b\b3d99eba756d75ff02f65102ec79e8e89234af7b_lupyne_79368723_20120327_162305_before_1.py,PythonFiles\lupyne\79368723\b3d99eba756d75ff02f65102ec79e8e89234af7b\b3d99eba756d75ff02f65102ec79e8e89234af7b_lupyne_79368723_20120327_162305_after_1.py
b3d99eba756d75ff02f65102ec79e8e89234af7b,lupyne,79368723,2012-03-27 23:23:05,+0000,remote.py,MODIFY,6,4,PythonFiles\lupyne\79368723\b3d99eba756d75ff02f65102ec79e8e89234af7b\b3d99eba756d75ff02f65102ec79e8e89234af7b_lupyne_79368723_20120327_162305_before_2.py,PythonFiles\lupyne\79368723\b3d99eba756d75ff02f65102ec79e8e89234af7b\b3d99eba756d75ff02f65102ec79e8e89234af7b_lupyne_79368723_20120327_162305_after_2.py
2cbebae849719d231e2c0662862be369d9a69cc9,lupyne,79368723,2012-04-13 18:53:36,+0000,documents.py,MODIFY,21,21,PythonFiles\lupyne\79368723\2cbebae849719d231e2c0662862be369d9a69cc9\2cbebae849719d231e2c0662862be369d9a69cc9_lupyne_79368723_20120413_115336_before_1.py,PythonFiles\lupyne\79368723\2cbebae849719d231e2c0662862be369d9a69cc9\2cbebae849719d231e2c0662862be369d9a69cc9_lupyne_79368723_20120413_115336_after_1.py
2cbebae849719d231e2c0662862be369d9a69cc9,lupyne,79368723,2012-04-13 18:53:36,+0000,queries.py,MODIFY,14,1,PythonFiles\lupyne\79368723\2cbebae849719d231e2c0662862be369d9a69cc9\2cbebae849719d231e2c0662862be369d9a69cc9_lupyne_79368723_20120413_115336_before_2.py,PythonFiles\lupyne\79368723\2cbebae849719d231e2c0662862be369d9a69cc9\2cbebae849719d231e2c0662862be369d9a69cc9_lupyne_79368723_20120413_115336_after_2.py
2cbebae849719d231e2c0662862be369d9a69cc9,lupyne,79368723,2012-04-13 18:53:36,+0000,local.py,MODIFY,4,3,PythonFiles\lupyne\79368723\2cbebae849719d231e2c0662862be369d9a69cc9\2cbebae849719d231e2c0662862be369d9a69cc9_lupyne_79368723_20120413_115336_before_3.py,PythonFiles\lupyne\79368723\2cbebae849719d231e2c0662862be369d9a69cc9\2cbebae849719d231e2c0662862be369d9a69cc9_lupyne_79368723_20120413_115336_after_3.py
aa49bdc9ec4447479b41d3d144acaae8dc0c728a,lupyne,79368723,2012-04-13 19:17:28,+0000,client.py,MODIFY,9,6,PythonFiles\lupyne\79368723\aa49bdc9ec4447479b41d3d144acaae8dc0c728a\aa49bdc9ec4447479b41d3d144acaae8dc0c728a_lupyne_79368723_20120413_121728_before_2.py,PythonFiles\lupyne\79368723\aa49bdc9ec4447479b41d3d144acaae8dc0c728a\aa49bdc9ec4447479b41d3d144acaae8dc0c728a_lupyne_79368723_20120413_121728_after_2.py
aa49bdc9ec4447479b41d3d144acaae8dc0c728a,lupyne,79368723,2012-04-13 19:17:28,+0000,server.py,MODIFY,15,20,PythonFiles\lupyne\79368723\aa49bdc9ec4447479b41d3d144acaae8dc0c728a\aa49bdc9ec4447479b41d3d144acaae8dc0c728a_lupyne_79368723_20120413_121728_before_3.py,PythonFiles\lupyne\79368723\aa49bdc9ec4447479b41d3d144acaae8dc0c728a\aa49bdc9ec4447479b41d3d144acaae8dc0c728a_lupyne_79368723_20120413_121728_after_3.py
aa49bdc9ec4447479b41d3d144acaae8dc0c728a,lupyne,79368723,2012-04-13 19:17:28,+0000,distributed.py,MODIFY,1,0,PythonFiles\lupyne\79368723\aa49bdc9ec4447479b41d3d144acaae8dc0c728a\aa49bdc9ec4447479b41d3d144acaae8dc0c728a_lupyne_79368723_20120413_121728_before_4.py,PythonFiles\lupyne\79368723\aa49bdc9ec4447479b41d3d144acaae8dc0c728a\aa49bdc9ec4447479b41d3d144acaae8dc0c728a_lupyne_79368723_20120413_121728_after_4.py
aa49bdc9ec4447479b41d3d144acaae8dc0c728a,lupyne,79368723,2012-04-13 19:17:28,+0000,remote.py,MODIFY,2,1,PythonFiles\lupyne\79368723\aa49bdc9ec4447479b41d3d144acaae8dc0c728a\aa49bdc9ec4447479b41d3d144acaae8dc0c728a_lupyne_79368723_20120413_121728_before_5.py,PythonFiles\lupyne\79368723\aa49bdc9ec4447479b41d3d144acaae8dc0c728a\aa49bdc9ec4447479b41d3d144acaae8dc0c728a_lupyne_79368723_20120413_121728_after_5.py
0ec7577842bab0a8dea779b4fbf989f6ef99bf78,lupyne,79368723,2012-04-20 23:06:23,+0000,__init__.py,MODIFY,4,2,PythonFiles\lupyne\79368723\0ec7577842bab0a8dea779b4fbf989f6ef99bf78\0ec7577842bab0a8dea779b4fbf989f6ef99bf78_lupyne_79368723_20120420_160623_before_2.py,PythonFiles\lupyne\79368723\0ec7577842bab0a8dea779b4fbf989f6ef99bf78\0ec7577842bab0a8dea779b4fbf989f6ef99bf78_lupyne_79368723_20120420_160623_after_2.py
0ec7577842bab0a8dea779b4fbf989f6ef99bf78,lupyne,79368723,2012-04-20 23:06:23,+0000,local.py,MODIFY,2,1,PythonFiles\lupyne\79368723\0ec7577842bab0a8dea779b4fbf989f6ef99bf78\0ec7577842bab0a8dea779b4fbf989f6ef99bf78_lupyne_79368723_20120420_160623_before_3.py,PythonFiles\lupyne\79368723\0ec7577842bab0a8dea779b4fbf989f6ef99bf78\0ec7577842bab0a8dea779b4fbf989f6ef99bf78_lupyne_79368723_20120420_160623_after_3.py
277af87d4fc5c47113af9cf938665740adf8fb72,lupyne,79368723,2012-04-21 01:29:08,+0000,documents.py,MODIFY,13,0,PythonFiles\lupyne\79368723\277af87d4fc5c47113af9cf938665740adf8fb72\277af87d4fc5c47113af9cf938665740adf8fb72_lupyne_79368723_20120420_182908_before_1.py,PythonFiles\lupyne\79368723\277af87d4fc5c47113af9cf938665740adf8fb72\277af87d4fc5c47113af9cf938665740adf8fb72_lupyne_79368723_20120420_182908_after_1.py
277af87d4fc5c47113af9cf938665740adf8fb72,lupyne,79368723,2012-04-21 01:29:08,+0000,local.py,MODIFY,4,0,PythonFiles\lupyne\79368723\277af87d4fc5c47113af9cf938665740adf8fb72\277af87d4fc5c47113af9cf938665740adf8fb72_lupyne_79368723_20120420_182908_before_2.py,PythonFiles\lupyne\79368723\277af87d4fc5c47113af9cf938665740adf8fb72\277af87d4fc5c47113af9cf938665740adf8fb72_lupyne_79368723_20120420_182908_after_2.py
54f2fe2e0f07d480ca669139602aa71f289abe46,lupyne,79368723,2012-04-23 00:01:04,+0000,indexers.py,MODIFY,1,2,PythonFiles\lupyne\79368723\54f2fe2e0f07d480ca669139602aa71f289abe46\54f2fe2e0f07d480ca669139602aa71f289abe46_lupyne_79368723_20120422_170104_before_1.py,PythonFiles\lupyne\79368723\54f2fe2e0f07d480ca669139602aa71f289abe46\54f2fe2e0f07d480ca669139602aa71f289abe46_lupyne_79368723_20120422_170104_after_1.py
54f2fe2e0f07d480ca669139602aa71f289abe46,lupyne,79368723,2012-04-23 00:01:04,+0000,local.py,MODIFY,1,0,PythonFiles\lupyne\79368723\54f2fe2e0f07d480ca669139602aa71f289abe46\54f2fe2e0f07d480ca669139602aa71f289abe46_lupyne_79368723_20120422_170104_before_2.py,PythonFiles\lupyne\79368723\54f2fe2e0f07d480ca669139602aa71f289abe46\54f2fe2e0f07d480ca669139602aa71f289abe46_lupyne_79368723_20120422_170104_after_2.py
e824700caaad8874282d16fb62f33ca805965abf,lupyne,79368723,2012-05-05 05:24:45,+0000,indexers.py,MODIFY,7,5,PythonFiles\lupyne\79368723\e824700caaad8874282d16fb62f33ca805965abf\e824700caaad8874282d16fb62f33ca805965abf_lupyne_79368723_20120504_222445_before_2.py,PythonFiles\lupyne\79368723\e824700caaad8874282d16fb62f33ca805965abf\e824700caaad8874282d16fb62f33ca805965abf_lupyne_79368723_20120504_222445_after_2.py
e824700caaad8874282d16fb62f33ca805965abf,lupyne,79368723,2012-05-05 05:24:45,+0000,setup.py,MODIFY,1,0,PythonFiles\lupyne\79368723\e824700caaad8874282d16fb62f33ca805965abf\e824700caaad8874282d16fb62f33ca805965abf_lupyne_79368723_20120504_222445_before_3.py,PythonFiles\lupyne\79368723\e824700caaad8874282d16fb62f33ca805965abf\e824700caaad8874282d16fb62f33ca805965abf_lupyne_79368723_20120504_222445_after_3.py
e824700caaad8874282d16fb62f33ca805965abf,lupyne,79368723,2012-05-05 05:24:45,+0000,local.py,MODIFY,5,5,PythonFiles\lupyne\79368723\e824700caaad8874282d16fb62f33ca805965abf\e824700caaad8874282d16fb62f33ca805965abf_lupyne_79368723_20120504_222445_before_4.py,PythonFiles\lupyne\79368723\e824700caaad8874282d16fb62f33ca805965abf\e824700caaad8874282d16fb62f33ca805965abf_lupyne_79368723_20120504_222445_after_4.py
e824700caaad8874282d16fb62f33ca805965abf,lupyne,79368723,2012-05-05 05:24:45,+0000,remote.py,MODIFY,1,1,PythonFiles\lupyne\79368723\e824700caaad8874282d16fb62f33ca805965abf\e824700caaad8874282d16fb62f33ca805965abf_lupyne_79368723_20120504_222445_before_5.py,PythonFiles\lupyne\79368723\e824700caaad8874282d16fb62f33ca805965abf\e824700caaad8874282d16fb62f33ca805965abf_lupyne_79368723_20120504_222445_after_5.py
910187fd2d2ccf1f884abdfd22f488825b9ad685,lupyne,79368723,2012-05-05 17:42:03,+0000,indexers.py,MODIFY,5,6,PythonFiles\lupyne\79368723\910187fd2d2ccf1f884abdfd22f488825b9ad685\910187fd2d2ccf1f884abdfd22f488825b9ad685_lupyne_79368723_20120505_104203_before_1.py,PythonFiles\lupyne\79368723\910187fd2d2ccf1f884abdfd22f488825b9ad685\910187fd2d2ccf1f884abdfd22f488825b9ad685_lupyne_79368723_20120505_104203_after_1.py
910187fd2d2ccf1f884abdfd22f488825b9ad685,lupyne,79368723,2012-05-05 17:42:03,+0000,local.py,MODIFY,3,0,PythonFiles\lupyne\79368723\910187fd2d2ccf1f884abdfd22f488825b9ad685\910187fd2d2ccf1f884abdfd22f488825b9ad685_lupyne_79368723_20120505_104203_before_2.py,PythonFiles\lupyne\79368723\910187fd2d2ccf1f884abdfd22f488825b9ad685\910187fd2d2ccf1f884abdfd22f488825b9ad685_lupyne_79368723_20120505_104203_after_2.py
47b470e3c85e195a62077672fe5ee845fb6c6896,lupyne,79368723,2012-05-05 17:56:21,+0000,__init__.py,MODIFY,1,1,PythonFiles\lupyne\79368723\47b470e3c85e195a62077672fe5ee845fb6c6896\47b470e3c85e195a62077672fe5ee845fb6c6896_lupyne_79368723_20120505_105621_before_2.py,PythonFiles\lupyne\79368723\47b470e3c85e195a62077672fe5ee845fb6c6896\47b470e3c85e195a62077672fe5ee845fb6c6896_lupyne_79368723_20120505_105621_after_2.py
47b470e3c85e195a62077672fe5ee845fb6c6896,lupyne,79368723,2012-05-05 17:56:21,+0000,indexers.py,MODIFY,4,0,PythonFiles\lupyne\79368723\47b470e3c85e195a62077672fe5ee845fb6c6896\47b470e3c85e195a62077672fe5ee845fb6c6896_lupyne_79368723_20120505_105621_before_3.py,PythonFiles\lupyne\79368723\47b470e3c85e195a62077672fe5ee845fb6c6896\47b470e3c85e195a62077672fe5ee845fb6c6896_lupyne_79368723_20120505_105621_after_3.py
47b470e3c85e195a62077672fe5ee845fb6c6896,lupyne,79368723,2012-05-05 17:56:21,+0000,queries.py,MODIFY,56,1,PythonFiles\lupyne\79368723\47b470e3c85e195a62077672fe5ee845fb6c6896\47b470e3c85e195a62077672fe5ee845fb6c6896_lupyne_79368723_20120505_105621_before_4.py,PythonFiles\lupyne\79368723\47b470e3c85e195a62077672fe5ee845fb6c6896\47b470e3c85e195a62077672fe5ee845fb6c6896_lupyne_79368723_20120505_105621_after_4.py
47b470e3c85e195a62077672fe5ee845fb6c6896,lupyne,79368723,2012-05-05 17:56:21,+0000,setup.py,MODIFY,2,0,PythonFiles\lupyne\79368723\47b470e3c85e195a62077672fe5ee845fb6c6896\47b470e3c85e195a62077672fe5ee845fb6c6896_lupyne_79368723_20120505_105621_before_5.py,PythonFiles\lupyne\79368723\47b470e3c85e195a62077672fe5ee845fb6c6896\47b470e3c85e195a62077672fe5ee845fb6c6896_lupyne_79368723_20120505_105621_after_5.py
47b470e3c85e195a62077672fe5ee845fb6c6896,lupyne,79368723,2012-05-05 17:56:21,+0000,local.py,MODIFY,25,0,PythonFiles\lupyne\79368723\47b470e3c85e195a62077672fe5ee845fb6c6896\47b470e3c85e195a62077672fe5ee845fb6c6896_lupyne_79368723_20120505_105621_before_6.py,PythonFiles\lupyne\79368723\47b470e3c85e195a62077672fe5ee845fb6c6896\47b470e3c85e195a62077672fe5ee845fb6c6896_lupyne_79368723_20120505_105621_after_6.py
e2c9defa1ca8f00abdf88ecd2517bfdb0d5c5841,lupyne,79368723,2012-05-05 22:14:49,+0000,__init__.py,MODIFY,1,1,PythonFiles\lupyne\79368723\e2c9defa1ca8f00abdf88ecd2517bfdb0d5c5841\e2c9defa1ca8f00abdf88ecd2517bfdb0d5c5841_lupyne_79368723_20120505_151449_before_2.py,PythonFiles\lupyne\79368723\e2c9defa1ca8f00abdf88ecd2517bfdb0d5c5841\e2c9defa1ca8f00abdf88ecd2517bfdb0d5c5841_lupyne_79368723_20120505_151449_after_2.py
e2c9defa1ca8f00abdf88ecd2517bfdb0d5c5841,lupyne,79368723,2012-05-05 22:14:49,+0000,indexers.py,MODIFY,35,1,PythonFiles\lupyne\79368723\e2c9defa1ca8f00abdf88ecd2517bfdb0d5c5841\e2c9defa1ca8f00abdf88ecd2517bfdb0d5c5841_lupyne_79368723_20120505_151449_before_3.py,PythonFiles\lupyne\79368723\e2c9defa1ca8f00abdf88ecd2517bfdb0d5c5841\e2c9defa1ca8f00abdf88ecd2517bfdb0d5c5841_lupyne_79368723_20120505_151449_after_3.py
e2c9defa1ca8f00abdf88ecd2517bfdb0d5c5841,lupyne,79368723,2012-05-05 22:14:49,+0000,queries.py,MODIFY,18,5,PythonFiles\lupyne\79368723\e2c9defa1ca8f00abdf88ecd2517bfdb0d5c5841\e2c9defa1ca8f00abdf88ecd2517bfdb0d5c5841_lupyne_79368723_20120505_151449_before_4.py,PythonFiles\lupyne\79368723\e2c9defa1ca8f00abdf88ecd2517bfdb0d5c5841\e2c9defa1ca8f00abdf88ecd2517bfdb0d5c5841_lupyne_79368723_20120505_151449_after_4.py
e2c9defa1ca8f00abdf88ecd2517bfdb0d5c5841,lupyne,79368723,2012-05-05 22:14:49,+0000,setup.py,MODIFY,1,1,PythonFiles\lupyne\79368723\e2c9defa1ca8f00abdf88ecd2517bfdb0d5c5841\e2c9defa1ca8f00abdf88ecd2517bfdb0d5c5841_lupyne_79368723_20120505_151449_before_5.py,PythonFiles\lupyne\79368723\e2c9defa1ca8f00abdf88ecd2517bfdb0d5c5841\e2c9defa1ca8f00abdf88ecd2517bfdb0d5c5841_lupyne_79368723_20120505_151449_after_5.py
e2c9defa1ca8f00abdf88ecd2517bfdb0d5c5841,lupyne,79368723,2012-05-05 22:14:49,+0000,local.py,MODIFY,16,7,PythonFiles\lupyne\79368723\e2c9defa1ca8f00abdf88ecd2517bfdb0d5c5841\e2c9defa1ca8f00abdf88ecd2517bfdb0d5c5841_lupyne_79368723_20120505_151449_before_6.py,PythonFiles\lupyne\79368723\e2c9defa1ca8f00abdf88ecd2517bfdb0d5c5841\e2c9defa1ca8f00abdf88ecd2517bfdb0d5c5841_lupyne_79368723_20120505_151449_after_6.py
5bc2593896d123f63d7f85f3cff474e6668b09c1,lupyne,79368723,2012-05-06 00:11:15,+0000,indexers.py,MODIFY,6,3,PythonFiles\lupyne\79368723\5bc2593896d123f63d7f85f3cff474e6668b09c1\5bc2593896d123f63d7f85f3cff474e6668b09c1_lupyne_79368723_20120505_171115_before_4.py,PythonFiles\lupyne\79368723\5bc2593896d123f63d7f85f3cff474e6668b09c1\5bc2593896d123f63d7f85f3cff474e6668b09c1_lupyne_79368723_20120505_171115_after_4.py
5bc2593896d123f63d7f85f3cff474e6668b09c1,lupyne,79368723,2012-05-06 00:11:15,+0000,__init__.py,MODIFY,1,1,PythonFiles\lupyne\79368723\5bc2593896d123f63d7f85f3cff474e6668b09c1\5bc2593896d123f63d7f85f3cff474e6668b09c1_lupyne_79368723_20120505_171115_before_5.py,PythonFiles\lupyne\79368723\5bc2593896d123f63d7f85f3cff474e6668b09c1\5bc2593896d123f63d7f85f3cff474e6668b09c1_lupyne_79368723_20120505_171115_after_5.py
5bc2593896d123f63d7f85f3cff474e6668b09c1,lupyne,79368723,2012-05-06 00:11:15,+0000,server.py,MODIFY,2,2,PythonFiles\lupyne\79368723\5bc2593896d123f63d7f85f3cff474e6668b09c1\5bc2593896d123f63d7f85f3cff474e6668b09c1_lupyne_79368723_20120505_171115_before_6.py,PythonFiles\lupyne\79368723\5bc2593896d123f63d7f85f3cff474e6668b09c1\5bc2593896d123f63d7f85f3cff474e6668b09c1_lupyne_79368723_20120505_171115_after_6.py
5bc2593896d123f63d7f85f3cff474e6668b09c1,lupyne,79368723,2012-05-06 00:11:15,+0000,setup.py,MODIFY,1,0,PythonFiles\lupyne\79368723\5bc2593896d123f63d7f85f3cff474e6668b09c1\5bc2593896d123f63d7f85f3cff474e6668b09c1_lupyne_79368723_20120505_171115_before_7.py,PythonFiles\lupyne\79368723\5bc2593896d123f63d7f85f3cff474e6668b09c1\5bc2593896d123f63d7f85f3cff474e6668b09c1_lupyne_79368723_20120505_171115_after_7.py
6a04214a04630d0e2e64313d593e2563bb99eed8,lupyne,79368723,2012-05-13 23:23:00,+0000,__init__.py,MODIFY,1,1,PythonFiles\lupyne\79368723\6a04214a04630d0e2e64313d593e2563bb99eed8\6a04214a04630d0e2e64313d593e2563bb99eed8_lupyne_79368723_20120513_162300_before_1.py,PythonFiles\lupyne\79368723\6a04214a04630d0e2e64313d593e2563bb99eed8\6a04214a04630d0e2e64313d593e2563bb99eed8_lupyne_79368723_20120513_162300_after_1.py
6a04214a04630d0e2e64313d593e2563bb99eed8,lupyne,79368723,2012-05-13 23:23:00,+0000,setup.py,MODIFY,1,1,PythonFiles\lupyne\79368723\6a04214a04630d0e2e64313d593e2563bb99eed8\6a04214a04630d0e2e64313d593e2563bb99eed8_lupyne_79368723_20120513_162300_before_2.py,PythonFiles\lupyne\79368723\6a04214a04630d0e2e64313d593e2563bb99eed8\6a04214a04630d0e2e64313d593e2563bb99eed8_lupyne_79368723_20120513_162300_after_2.py
a7ecf39c503b36b59f4c1985d709e0768e943873,lupyne,79368723,2012-05-14 00:07:06,+0000,__init__.py,MODIFY,1,1,PythonFiles\lupyne\79368723\a7ecf39c503b36b59f4c1985d709e0768e943873\a7ecf39c503b36b59f4c1985d709e0768e943873_lupyne_79368723_20120513_170706_before_2.py,PythonFiles\lupyne\79368723\a7ecf39c503b36b59f4c1985d709e0768e943873\a7ecf39c503b36b59f4c1985d709e0768e943873_lupyne_79368723_20120513_170706_after_2.py
8d32d2e9be9a0b7ece767880c24613acd601bfdf,lupyne,79368723,2012-05-15 01:26:24,+0000,__init__.py,MODIFY,3,3,PythonFiles\lupyne\79368723\8d32d2e9be9a0b7ece767880c24613acd601bfdf\8d32d2e9be9a0b7ece767880c24613acd601bfdf_lupyne_79368723_20120514_182624_before_1.py,PythonFiles\lupyne\79368723\8d32d2e9be9a0b7ece767880c24613acd601bfdf\8d32d2e9be9a0b7ece767880c24613acd601bfdf_lupyne_79368723_20120514_182624_after_1.py
8d32d2e9be9a0b7ece767880c24613acd601bfdf,lupyne,79368723,2012-05-15 01:26:24,+0000,indexers.py,MODIFY,2,15,PythonFiles\lupyne\79368723\8d32d2e9be9a0b7ece767880c24613acd601bfdf\8d32d2e9be9a0b7ece767880c24613acd601bfdf_lupyne_79368723_20120514_182624_before_2.py,PythonFiles\lupyne\79368723\8d32d2e9be9a0b7ece767880c24613acd601bfdf\8d32d2e9be9a0b7ece767880c24613acd601bfdf_lupyne_79368723_20120514_182624_after_2.py
8d32d2e9be9a0b7ece767880c24613acd601bfdf,lupyne,79368723,2012-05-15 01:26:24,+0000,__init__.py,MODIFY,0,23,PythonFiles\lupyne\79368723\8d32d2e9be9a0b7ece767880c24613acd601bfdf\8d32d2e9be9a0b7ece767880c24613acd601bfdf_lupyne_79368723_20120514_182624_before_3.py,PythonFiles\lupyne\79368723\8d32d2e9be9a0b7ece767880c24613acd601bfdf\8d32d2e9be9a0b7ece767880c24613acd601bfdf_lupyne_79368723_20120514_182624_after_3.py
8d32d2e9be9a0b7ece767880c24613acd601bfdf,lupyne,79368723,2012-05-15 01:26:24,+0000,server.py,MODIFY,2,8,PythonFiles\lupyne\79368723\8d32d2e9be9a0b7ece767880c24613acd601bfdf\8d32d2e9be9a0b7ece767880c24613acd601bfdf_lupyne_79368723_20120514_182624_before_4.py,PythonFiles\lupyne\79368723\8d32d2e9be9a0b7ece767880c24613acd601bfdf\8d32d2e9be9a0b7ece767880c24613acd601bfdf_lupyne_79368723_20120514_182624_after_4.py
8d32d2e9be9a0b7ece767880c24613acd601bfdf,lupyne,79368723,2012-05-15 01:26:24,+0000,local.py,MODIFY,2,15,PythonFiles\lupyne\79368723\8d32d2e9be9a0b7ece767880c24613acd601bfdf\8d32d2e9be9a0b7ece767880c24613acd601bfdf_lupyne_79368723_20120514_182624_before_5.py,PythonFiles\lupyne\79368723\8d32d2e9be9a0b7ece767880c24613acd601bfdf\8d32d2e9be9a0b7ece767880c24613acd601bfdf_lupyne_79368723_20120514_182624_after_5.py
8d32d2e9be9a0b7ece767880c24613acd601bfdf,lupyne,79368723,2012-05-15 01:26:24,+0000,remote.py,MODIFY,0,2,PythonFiles\lupyne\79368723\8d32d2e9be9a0b7ece767880c24613acd601bfdf\8d32d2e9be9a0b7ece767880c24613acd601bfdf_lupyne_79368723_20120514_182624_before_6.py,PythonFiles\lupyne\79368723\8d32d2e9be9a0b7ece767880c24613acd601bfdf\8d32d2e9be9a0b7ece767880c24613acd601bfdf_lupyne_79368723_20120514_182624_after_6.py
5643635a3156570169960293207d5259b81e6bca,lupyne,79368723,2012-05-19 17:20:25,+0000,queries.py,MODIFY,2,2,PythonFiles\lupyne\79368723\5643635a3156570169960293207d5259b81e6bca\5643635a3156570169960293207d5259b81e6bca_lupyne_79368723_20120519_102025_before_4.py,PythonFiles\lupyne\79368723\5643635a3156570169960293207d5259b81e6bca\5643635a3156570169960293207d5259b81e6bca_lupyne_79368723_20120519_102025_after_4.py
5643635a3156570169960293207d5259b81e6bca,lupyne,79368723,2012-05-19 17:20:25,+0000,local.py,MODIFY,1,1,PythonFiles\lupyne\79368723\5643635a3156570169960293207d5259b81e6bca\5643635a3156570169960293207d5259b81e6bca_lupyne_79368723_20120519_102025_before_5.py,PythonFiles\lupyne\79368723\5643635a3156570169960293207d5259b81e6bca\5643635a3156570169960293207d5259b81e6bca_lupyne_79368723_20120519_102025_after_5.py
811c2d594bbdd651909a6f0d6a1d78cc8ca75607,lupyne,79368723,2012-06-23 16:49:25,+0000,conf.py,MODIFY,1,1,PythonFiles\lupyne\79368723\811c2d594bbdd651909a6f0d6a1d78cc8ca75607\811c2d594bbdd651909a6f0d6a1d78cc8ca75607_lupyne_79368723_20120623_094925_before_1.py,PythonFiles\lupyne\79368723\811c2d594bbdd651909a6f0d6a1d78cc8ca75607\811c2d594bbdd651909a6f0d6a1d78cc8ca75607_lupyne_79368723_20120623_094925_after_1.py
cd26b18a2eb0ee6aeac673f1eb3bc12735b84d23,lupyne,79368723,2012-07-01 22:04:57,+0000,sorting.py,MODIFY,11,14,PythonFiles\lupyne\79368723\cd26b18a2eb0ee6aeac673f1eb3bc12735b84d23\cd26b18a2eb0ee6aeac673f1eb3bc12735b84d23_lupyne_79368723_20120701_150457_before_1.py,PythonFiles\lupyne\79368723\cd26b18a2eb0ee6aeac673f1eb3bc12735b84d23\cd26b18a2eb0ee6aeac673f1eb3bc12735b84d23_lupyne_79368723_20120701_150457_after_1.py
cd26b18a2eb0ee6aeac673f1eb3bc12735b84d23,lupyne,79368723,2012-07-01 22:04:57,+0000,documents.py,MODIFY,26,24,PythonFiles\lupyne\79368723\cd26b18a2eb0ee6aeac673f1eb3bc12735b84d23\cd26b18a2eb0ee6aeac673f1eb3bc12735b84d23_lupyne_79368723_20120701_150457_before_2.py,PythonFiles\lupyne\79368723\cd26b18a2eb0ee6aeac673f1eb3bc12735b84d23\cd26b18a2eb0ee6aeac673f1eb3bc12735b84d23_lupyne_79368723_20120701_150457_after_2.py
cd26b18a2eb0ee6aeac673f1eb3bc12735b84d23,lupyne,79368723,2012-07-01 22:04:57,+0000,indexers.py,MODIFY,34,30,PythonFiles\lupyne\79368723\cd26b18a2eb0ee6aeac673f1eb3bc12735b84d23\cd26b18a2eb0ee6aeac673f1eb3bc12735b84d23_lupyne_79368723_20120701_150457_before_3.py,PythonFiles\lupyne\79368723\cd26b18a2eb0ee6aeac673f1eb3bc12735b84d23\cd26b18a2eb0ee6aeac673f1eb3bc12735b84d23_lupyne_79368723_20120701_150457_after_3.py
cd26b18a2eb0ee6aeac673f1eb3bc12735b84d23,lupyne,79368723,2012-07-01 22:04:57,+0000,queries.py,MODIFY,0,19,PythonFiles\lupyne\79368723\cd26b18a2eb0ee6aeac673f1eb3bc12735b84d23\cd26b18a2eb0ee6aeac673f1eb3bc12735b84d23_lupyne_79368723_20120701_150457_before_4.py,PythonFiles\lupyne\79368723\cd26b18a2eb0ee6aeac673f1eb3bc12735b84d23\cd26b18a2eb0ee6aeac673f1eb3bc12735b84d23_lupyne_79368723_20120701_150457_after_4.py
cd26b18a2eb0ee6aeac673f1eb3bc12735b84d23,lupyne,79368723,2012-07-01 22:04:57,+0000,server.py,MODIFY,3,9,PythonFiles\lupyne\79368723\cd26b18a2eb0ee6aeac673f1eb3bc12735b84d23\cd26b18a2eb0ee6aeac673f1eb3bc12735b84d23_lupyne_79368723_20120701_150457_before_5.py,PythonFiles\lupyne\79368723\cd26b18a2eb0ee6aeac673f1eb3bc12735b84d23\cd26b18a2eb0ee6aeac673f1eb3bc12735b84d23_lupyne_79368723_20120701_150457_after_5.py
cd26b18a2eb0ee6aeac673f1eb3bc12735b84d23,lupyne,79368723,2012-07-01 22:04:57,+0000,local.py,MODIFY,19,15,PythonFiles\lupyne\79368723\cd26b18a2eb0ee6aeac673f1eb3bc12735b84d23\cd26b18a2eb0ee6aeac673f1eb3bc12735b84d23_lupyne_79368723_20120701_150457_before_6.py,PythonFiles\lupyne\79368723\cd26b18a2eb0ee6aeac673f1eb3bc12735b84d23\cd26b18a2eb0ee6aeac673f1eb3bc12735b84d23_lupyne_79368723_20120701_150457_after_6.py
cd26b18a2eb0ee6aeac673f1eb3bc12735b84d23,lupyne,79368723,2012-07-01 22:04:57,+0000,remote.py,MODIFY,1,7,PythonFiles\lupyne\79368723\cd26b18a2eb0ee6aeac673f1eb3bc12735b84d23\cd26b18a2eb0ee6aeac673f1eb3bc12735b84d23_lupyne_79368723_20120701_150457_before_7.py,PythonFiles\lupyne\79368723\cd26b18a2eb0ee6aeac673f1eb3bc12735b84d23\cd26b18a2eb0ee6aeac673f1eb3bc12735b84d23_lupyne_79368723_20120701_150457_after_7.py
d98256bb9eeb1f4058fa301890dbc16a3ed04d12,lupyne,79368723,2012-07-21 02:12:01,+0000,conf.py,MODIFY,2,2,PythonFiles\lupyne\79368723\d98256bb9eeb1f4058fa301890dbc16a3ed04d12\d98256bb9eeb1f4058fa301890dbc16a3ed04d12_lupyne_79368723_20120720_191201_before_1.py,PythonFiles\lupyne\79368723\d98256bb9eeb1f4058fa301890dbc16a3ed04d12\d98256bb9eeb1f4058fa301890dbc16a3ed04d12_lupyne_79368723_20120720_191201_after_1.py
e95a7919c8e066e6fa8175366d9fdf7bd8d34610,lupyne,79368723,2012-08-05 17:38:02,+0000,documents.py,MODIFY,49,0,PythonFiles\lupyne\79368723\e95a7919c8e066e6fa8175366d9fdf7bd8d34610\e95a7919c8e066e6fa8175366d9fdf7bd8d34610_lupyne_79368723_20120805_103802_before_2.py,PythonFiles\lupyne\79368723\e95a7919c8e066e6fa8175366d9fdf7bd8d34610\e95a7919c8e066e6fa8175366d9fdf7bd8d34610_lupyne_79368723_20120805_103802_after_2.py
e95a7919c8e066e6fa8175366d9fdf7bd8d34610,lupyne,79368723,2012-08-05 17:38:02,+0000,indexers.py,MODIFY,11,3,PythonFiles\lupyne\79368723\e95a7919c8e066e6fa8175366d9fdf7bd8d34610\e95a7919c8e066e6fa8175366d9fdf7bd8d34610_lupyne_79368723_20120805_103802_before_3.py,PythonFiles\lupyne\79368723\e95a7919c8e066e6fa8175366d9fdf7bd8d34610\e95a7919c8e066e6fa8175366d9fdf7bd8d34610_lupyne_79368723_20120805_103802_after_3.py
e95a7919c8e066e6fa8175366d9fdf7bd8d34610,lupyne,79368723,2012-08-05 17:38:02,+0000,local.py,MODIFY,16,1,PythonFiles\lupyne\79368723\e95a7919c8e066e6fa8175366d9fdf7bd8d34610\e95a7919c8e066e6fa8175366d9fdf7bd8d34610_lupyne_79368723_20120805_103802_before_4.py,PythonFiles\lupyne\79368723\e95a7919c8e066e6fa8175366d9fdf7bd8d34610\e95a7919c8e066e6fa8175366d9fdf7bd8d34610_lupyne_79368723_20120805_103802_after_4.py
4fec0bdb1bc2415d2b0f45f65ba12dd47463fece,lupyne,79368723,2012-08-21 00:32:19,+0000,remote.py,MODIFY,4,1,PythonFiles\lupyne\79368723\4fec0bdb1bc2415d2b0f45f65ba12dd47463fece\4fec0bdb1bc2415d2b0f45f65ba12dd47463fece_lupyne_79368723_20120820_173219_before_1.py,PythonFiles\lupyne\79368723\4fec0bdb1bc2415d2b0f45f65ba12dd47463fece\4fec0bdb1bc2415d2b0f45f65ba12dd47463fece_lupyne_79368723_20120820_173219_after_1.py
669fdaca800aabdb1a201cd44b6c35c6eba1909d,lupyne,79368723,2012-10-07 17:05:56,+0000,client.py,MODIFY,6,1,PythonFiles\lupyne\79368723\669fdaca800aabdb1a201cd44b6c35c6eba1909d\669fdaca800aabdb1a201cd44b6c35c6eba1909d_lupyne_79368723_20121007_100556_before_1.py,PythonFiles\lupyne\79368723\669fdaca800aabdb1a201cd44b6c35c6eba1909d\669fdaca800aabdb1a201cd44b6c35c6eba1909d_lupyne_79368723_20121007_100556_after_1.py
669fdaca800aabdb1a201cd44b6c35c6eba1909d,lupyne,79368723,2012-10-07 17:05:56,+0000,__main__.py,MODIFY,1,1,PythonFiles\lupyne\79368723\669fdaca800aabdb1a201cd44b6c35c6eba1909d\669fdaca800aabdb1a201cd44b6c35c6eba1909d_lupyne_79368723_20121007_100556_before_2.py,PythonFiles\lupyne\79368723\669fdaca800aabdb1a201cd44b6c35c6eba1909d\669fdaca800aabdb1a201cd44b6c35c6eba1909d_lupyne_79368723_20121007_100556_after_2.py
669fdaca800aabdb1a201cd44b6c35c6eba1909d,lupyne,79368723,2012-10-07 17:05:56,+0000,distributed.py,MODIFY,4,0,PythonFiles\lupyne\79368723\669fdaca800aabdb1a201cd44b6c35c6eba1909d\669fdaca800aabdb1a201cd44b6c35c6eba1909d_lupyne_79368723_20121007_100556_before_3.py,PythonFiles\lupyne\79368723\669fdaca800aabdb1a201cd44b6c35c6eba1909d\669fdaca800aabdb1a201cd44b6c35c6eba1909d_lupyne_79368723_20121007_100556_after_3.py
72e89007ff57ea39abf8d679076f84dbc9b2ff21,lupyne,79368723,2012-10-07 18:09:16,+0000,server.py,MODIFY,0,1,PythonFiles\lupyne\79368723\72e89007ff57ea39abf8d679076f84dbc9b2ff21\72e89007ff57ea39abf8d679076f84dbc9b2ff21_lupyne_79368723_20121007_110916_before_1.py,PythonFiles\lupyne\79368723\72e89007ff57ea39abf8d679076f84dbc9b2ff21\72e89007ff57ea39abf8d679076f84dbc9b2ff21_lupyne_79368723_20121007_110916_after_1.py
72e89007ff57ea39abf8d679076f84dbc9b2ff21,lupyne,79368723,2012-10-07 18:09:16,+0000,documents.py,MODIFY,1,1,PythonFiles\lupyne\79368723\72e89007ff57ea39abf8d679076f84dbc9b2ff21\72e89007ff57ea39abf8d679076f84dbc9b2ff21_lupyne_79368723_20121007_110916_before_2.py,PythonFiles\lupyne\79368723\72e89007ff57ea39abf8d679076f84dbc9b2ff21\72e89007ff57ea39abf8d679076f84dbc9b2ff21_lupyne_79368723_20121007_110916_after_2.py
72e89007ff57ea39abf8d679076f84dbc9b2ff21,lupyne,79368723,2012-10-07 18:09:16,+0000,indexers.py,MODIFY,6,6,PythonFiles\lupyne\79368723\72e89007ff57ea39abf8d679076f84dbc9b2ff21\72e89007ff57ea39abf8d679076f84dbc9b2ff21_lupyne_79368723_20121007_110916_before_3.py,PythonFiles\lupyne\79368723\72e89007ff57ea39abf8d679076f84dbc9b2ff21\72e89007ff57ea39abf8d679076f84dbc9b2ff21_lupyne_79368723_20121007_110916_after_3.py
72e89007ff57ea39abf8d679076f84dbc9b2ff21,lupyne,79368723,2012-10-07 18:09:16,+0000,__init__.py,MODIFY,0,1,PythonFiles\lupyne\79368723\72e89007ff57ea39abf8d679076f84dbc9b2ff21\72e89007ff57ea39abf8d679076f84dbc9b2ff21_lupyne_79368723_20121007_110916_before_4.py,PythonFiles\lupyne\79368723\72e89007ff57ea39abf8d679076f84dbc9b2ff21\72e89007ff57ea39abf8d679076f84dbc9b2ff21_lupyne_79368723_20121007_110916_after_4.py
72e89007ff57ea39abf8d679076f84dbc9b2ff21,lupyne,79368723,2012-10-07 18:09:16,+0000,server.py,MODIFY,2,2,PythonFiles\lupyne\79368723\72e89007ff57ea39abf8d679076f84dbc9b2ff21\72e89007ff57ea39abf8d679076f84dbc9b2ff21_lupyne_79368723_20121007_110916_before_5.py,PythonFiles\lupyne\79368723\72e89007ff57ea39abf8d679076f84dbc9b2ff21\72e89007ff57ea39abf8d679076f84dbc9b2ff21_lupyne_79368723_20121007_110916_after_5.py
72e89007ff57ea39abf8d679076f84dbc9b2ff21,lupyne,79368723,2012-10-07 18:09:16,+0000,local.py,MODIFY,0,1,PythonFiles\lupyne\79368723\72e89007ff57ea39abf8d679076f84dbc9b2ff21\72e89007ff57ea39abf8d679076f84dbc9b2ff21_lupyne_79368723_20121007_110916_before_6.py,PythonFiles\lupyne\79368723\72e89007ff57ea39abf8d679076f84dbc9b2ff21\72e89007ff57ea39abf8d679076f84dbc9b2ff21_lupyne_79368723_20121007_110916_after_6.py
56896271ab65c791ab005666573da70aee97b287,lupyne,79368723,2012-11-24 17:27:15,+0000,indexers.py,MODIFY,1,4,PythonFiles\lupyne\79368723\56896271ab65c791ab005666573da70aee97b287\56896271ab65c791ab005666573da70aee97b287_lupyne_79368723_20121124_092715_before_1.py,PythonFiles\lupyne\79368723\56896271ab65c791ab005666573da70aee97b287\56896271ab65c791ab005666573da70aee97b287_lupyne_79368723_20121124_092715_after_1.py
56896271ab65c791ab005666573da70aee97b287,lupyne,79368723,2012-11-24 17:27:15,+0000,queries.py,MODIFY,19,14,PythonFiles\lupyne\79368723\56896271ab65c791ab005666573da70aee97b287\56896271ab65c791ab005666573da70aee97b287_lupyne_79368723_20121124_092715_before_2.py,PythonFiles\lupyne\79368723\56896271ab65c791ab005666573da70aee97b287\56896271ab65c791ab005666573da70aee97b287_lupyne_79368723_20121124_092715_after_2.py
56896271ab65c791ab005666573da70aee97b287,lupyne,79368723,2012-11-24 17:27:15,+0000,local.py,MODIFY,2,2,PythonFiles\lupyne\79368723\56896271ab65c791ab005666573da70aee97b287\56896271ab65c791ab005666573da70aee97b287_lupyne_79368723_20121124_092715_before_3.py,PythonFiles\lupyne\79368723\56896271ab65c791ab005666573da70aee97b287\56896271ab65c791ab005666573da70aee97b287_lupyne_79368723_20121124_092715_after_3.py
22520846c3691e90c5bd3e2bd9217b1d9ca90347,lupyne,79368723,2012-12-24 21:15:05,+0000,__init__.py,MODIFY,2,2,PythonFiles\lupyne\79368723\22520846c3691e90c5bd3e2bd9217b1d9ca90347\22520846c3691e90c5bd3e2bd9217b1d9ca90347_lupyne_79368723_20121224_131505_before_1.py,PythonFiles\lupyne\79368723\22520846c3691e90c5bd3e2bd9217b1d9ca90347\22520846c3691e90c5bd3e2bd9217b1d9ca90347_lupyne_79368723_20121224_131505_after_1.py
22520846c3691e90c5bd3e2bd9217b1d9ca90347,lupyne,79368723,2012-12-24 21:15:05,+0000,server.py,MODIFY,4,0,PythonFiles\lupyne\79368723\22520846c3691e90c5bd3e2bd9217b1d9ca90347\22520846c3691e90c5bd3e2bd9217b1d9ca90347_lupyne_79368723_20121224_131505_before_2.py,PythonFiles\lupyne\79368723\22520846c3691e90c5bd3e2bd9217b1d9ca90347\22520846c3691e90c5bd3e2bd9217b1d9ca90347_lupyne_79368723_20121224_131505_after_2.py
22520846c3691e90c5bd3e2bd9217b1d9ca90347,lupyne,79368723,2012-12-24 21:15:05,+0000,setup.py,MODIFY,7,11,PythonFiles\lupyne\79368723\22520846c3691e90c5bd3e2bd9217b1d9ca90347\22520846c3691e90c5bd3e2bd9217b1d9ca90347_lupyne_79368723_20121224_131505_before_3.py,PythonFiles\lupyne\79368723\22520846c3691e90c5bd3e2bd9217b1d9ca90347\22520846c3691e90c5bd3e2bd9217b1d9ca90347_lupyne_79368723_20121224_131505_after_3.py
4dd06b860d34451d237747353c4e28c9bca44de5,lupyne,79368723,2012-12-24 21:26:09,+0000,documents.py,MODIFY,16,5,PythonFiles\lupyne\79368723\4dd06b860d34451d237747353c4e28c9bca44de5\4dd06b860d34451d237747353c4e28c9bca44de5_lupyne_79368723_20121224_132609_before_1.py,PythonFiles\lupyne\79368723\4dd06b860d34451d237747353c4e28c9bca44de5\4dd06b860d34451d237747353c4e28c9bca44de5_lupyne_79368723_20121224_132609_after_1.py
4dd06b860d34451d237747353c4e28c9bca44de5,lupyne,79368723,2012-12-24 21:26:09,+0000,indexers.py,MODIFY,1,1,PythonFiles\lupyne\79368723\4dd06b860d34451d237747353c4e28c9bca44de5\4dd06b860d34451d237747353c4e28c9bca44de5_lupyne_79368723_20121224_132609_before_2.py,PythonFiles\lupyne\79368723\4dd06b860d34451d237747353c4e28c9bca44de5\4dd06b860d34451d237747353c4e28c9bca44de5_lupyne_79368723_20121224_132609_after_2.py
4dd06b860d34451d237747353c4e28c9bca44de5,lupyne,79368723,2012-12-24 21:26:09,+0000,server.py,MODIFY,3,2,PythonFiles\lupyne\79368723\4dd06b860d34451d237747353c4e28c9bca44de5\4dd06b860d34451d237747353c4e28c9bca44de5_lupyne_79368723_20121224_132609_before_3.py,PythonFiles\lupyne\79368723\4dd06b860d34451d237747353c4e28c9bca44de5\4dd06b860d34451d237747353c4e28c9bca44de5_lupyne_79368723_20121224_132609_after_3.py
4dd06b860d34451d237747353c4e28c9bca44de5,lupyne,79368723,2012-12-24 21:26:09,+0000,setup.py,MODIFY,1,0,PythonFiles\lupyne\79368723\4dd06b860d34451d237747353c4e28c9bca44de5\4dd06b860d34451d237747353c4e28c9bca44de5_lupyne_79368723_20121224_132609_before_4.py,PythonFiles\lupyne\79368723\4dd06b860d34451d237747353c4e28c9bca44de5\4dd06b860d34451d237747353c4e28c9bca44de5_lupyne_79368723_20121224_132609_after_4.py
4dd06b860d34451d237747353c4e28c9bca44de5,lupyne,79368723,2012-12-24 21:26:09,+0000,local.py,MODIFY,3,1,PythonFiles\lupyne\79368723\4dd06b860d34451d237747353c4e28c9bca44de5\4dd06b860d34451d237747353c4e28c9bca44de5_lupyne_79368723_20121224_132609_before_5.py,PythonFiles\lupyne\79368723\4dd06b860d34451d237747353c4e28c9bca44de5\4dd06b860d34451d237747353c4e28c9bca44de5_lupyne_79368723_20121224_132609_after_5.py
4dd06b860d34451d237747353c4e28c9bca44de5,lupyne,79368723,2012-12-24 21:26:09,+0000,remote.py,MODIFY,1,0,PythonFiles\lupyne\79368723\4dd06b860d34451d237747353c4e28c9bca44de5\4dd06b860d34451d237747353c4e28c9bca44de5_lupyne_79368723_20121224_132609_before_6.py,PythonFiles\lupyne\79368723\4dd06b860d34451d237747353c4e28c9bca44de5\4dd06b860d34451d237747353c4e28c9bca44de5_lupyne_79368723_20121224_132609_after_6.py
cf785ea6c3ae354a52b5dde7f663a8eadb8dcdb6,lupyne,79368723,2013-01-01 01:42:17,+0000,__init__.py,MODIFY,1,1,PythonFiles\lupyne\79368723\cf785ea6c3ae354a52b5dde7f663a8eadb8dcdb6\cf785ea6c3ae354a52b5dde7f663a8eadb8dcdb6_lupyne_79368723_20121231_174217_before_2.py,PythonFiles\lupyne\79368723\cf785ea6c3ae354a52b5dde7f663a8eadb8dcdb6\cf785ea6c3ae354a52b5dde7f663a8eadb8dcdb6_lupyne_79368723_20121231_174217_after_2.py
cf785ea6c3ae354a52b5dde7f663a8eadb8dcdb6,lupyne,79368723,2013-01-01 01:42:17,+0000,documents.py,MODIFY,17,6,PythonFiles\lupyne\79368723\cf785ea6c3ae354a52b5dde7f663a8eadb8dcdb6\cf785ea6c3ae354a52b5dde7f663a8eadb8dcdb6_lupyne_79368723_20121231_174217_before_3.py,PythonFiles\lupyne\79368723\cf785ea6c3ae354a52b5dde7f663a8eadb8dcdb6\cf785ea6c3ae354a52b5dde7f663a8eadb8dcdb6_lupyne_79368723_20121231_174217_after_3.py
cf785ea6c3ae354a52b5dde7f663a8eadb8dcdb6,lupyne,79368723,2013-01-01 01:42:17,+0000,setup.py,MODIFY,1,0,PythonFiles\lupyne\79368723\cf785ea6c3ae354a52b5dde7f663a8eadb8dcdb6\cf785ea6c3ae354a52b5dde7f663a8eadb8dcdb6_lupyne_79368723_20121231_174217_before_4.py,PythonFiles\lupyne\79368723\cf785ea6c3ae354a52b5dde7f663a8eadb8dcdb6\cf785ea6c3ae354a52b5dde7f663a8eadb8dcdb6_lupyne_79368723_20121231_174217_after_4.py
cf785ea6c3ae354a52b5dde7f663a8eadb8dcdb6,lupyne,79368723,2013-01-01 01:42:17,+0000,local.py,MODIFY,3,2,PythonFiles\lupyne\79368723\cf785ea6c3ae354a52b5dde7f663a8eadb8dcdb6\cf785ea6c3ae354a52b5dde7f663a8eadb8dcdb6_lupyne_79368723_20121231_174217_before_5.py,PythonFiles\lupyne\79368723\cf785ea6c3ae354a52b5dde7f663a8eadb8dcdb6\cf785ea6c3ae354a52b5dde7f663a8eadb8dcdb6_lupyne_79368723_20121231_174217_after_5.py
a09bad32f708a601860d88e91797f4ecf396bc47,lupyne,79368723,2013-01-01 21:50:26,+0000,indexers.py,MODIFY,4,2,PythonFiles\lupyne\79368723\a09bad32f708a601860d88e91797f4ecf396bc47\a09bad32f708a601860d88e91797f4ecf396bc47_lupyne_79368723_20130101_135026_before_1.py,PythonFiles\lupyne\79368723\a09bad32f708a601860d88e91797f4ecf396bc47\a09bad32f708a601860d88e91797f4ecf396bc47_lupyne_79368723_20130101_135026_after_1.py
a09bad32f708a601860d88e91797f4ecf396bc47,lupyne,79368723,2013-01-01 21:50:26,+0000,local.py,MODIFY,4,3,PythonFiles\lupyne\79368723\a09bad32f708a601860d88e91797f4ecf396bc47\a09bad32f708a601860d88e91797f4ecf396bc47_lupyne_79368723_20130101_135026_before_2.py,PythonFiles\lupyne\79368723\a09bad32f708a601860d88e91797f4ecf396bc47\a09bad32f708a601860d88e91797f4ecf396bc47_lupyne_79368723_20130101_135026_after_2.py
c5d51f544b404d9acab00a45ba4fbe1db75a1dbf,lupyne,79368723,2013-01-07 00:11:43,+0000,indexers.py,MODIFY,14,9,PythonFiles\lupyne\79368723\c5d51f544b404d9acab00a45ba4fbe1db75a1dbf\c5d51f544b404d9acab00a45ba4fbe1db75a1dbf_lupyne_79368723_20130106_161143_before_1.py,PythonFiles\lupyne\79368723\c5d51f544b404d9acab00a45ba4fbe1db75a1dbf\c5d51f544b404d9acab00a45ba4fbe1db75a1dbf_lupyne_79368723_20130106_161143_after_1.py
c5d51f544b404d9acab00a45ba4fbe1db75a1dbf,lupyne,79368723,2013-01-07 00:11:43,+0000,queries.py,MODIFY,19,14,PythonFiles\lupyne\79368723\c5d51f544b404d9acab00a45ba4fbe1db75a1dbf\c5d51f544b404d9acab00a45ba4fbe1db75a1dbf_lupyne_79368723_20130106_161143_before_2.py,PythonFiles\lupyne\79368723\c5d51f544b404d9acab00a45ba4fbe1db75a1dbf\c5d51f544b404d9acab00a45ba4fbe1db75a1dbf_lupyne_79368723_20130106_161143_after_2.py
c5d51f544b404d9acab00a45ba4fbe1db75a1dbf,lupyne,79368723,2013-01-07 00:11:43,+0000,searching.py,MODIFY,5,1,PythonFiles\lupyne\79368723\c5d51f544b404d9acab00a45ba4fbe1db75a1dbf\c5d51f544b404d9acab00a45ba4fbe1db75a1dbf_lupyne_79368723_20130106_161143_before_3.py,PythonFiles\lupyne\79368723\c5d51f544b404d9acab00a45ba4fbe1db75a1dbf\c5d51f544b404d9acab00a45ba4fbe1db75a1dbf_lupyne_79368723_20130106_161143_after_3.py
c5d51f544b404d9acab00a45ba4fbe1db75a1dbf,lupyne,79368723,2013-01-07 00:11:43,+0000,sorting.py,MODIFY,14,8,PythonFiles\lupyne\79368723\c5d51f544b404d9acab00a45ba4fbe1db75a1dbf\c5d51f544b404d9acab00a45ba4fbe1db75a1dbf_lupyne_79368723_20130106_161143_before_4.py,PythonFiles\lupyne\79368723\c5d51f544b404d9acab00a45ba4fbe1db75a1dbf\c5d51f544b404d9acab00a45ba4fbe1db75a1dbf_lupyne_79368723_20130106_161143_after_4.py
c5d51f544b404d9acab00a45ba4fbe1db75a1dbf,lupyne,79368723,2013-01-07 00:11:43,+0000,documents.py,MODIFY,42,35,PythonFiles\lupyne\79368723\c5d51f544b404d9acab00a45ba4fbe1db75a1dbf\c5d51f544b404d9acab00a45ba4fbe1db75a1dbf_lupyne_79368723_20130106_161143_before_5.py,PythonFiles\lupyne\79368723\c5d51f544b404d9acab00a45ba4fbe1db75a1dbf\c5d51f544b404d9acab00a45ba4fbe1db75a1dbf_lupyne_79368723_20130106_161143_after_5.py
c5d51f544b404d9acab00a45ba4fbe1db75a1dbf,lupyne,79368723,2013-01-07 00:11:43,+0000,indexers.py,MODIFY,115,101,PythonFiles\lupyne\79368723\c5d51f544b404d9acab00a45ba4fbe1db75a1dbf\c5d51f544b404d9acab00a45ba4fbe1db75a1dbf_lupyne_79368723_20130106_161143_before_6.py,PythonFiles\lupyne\79368723\c5d51f544b404d9acab00a45ba4fbe1db75a1dbf\c5d51f544b404d9acab00a45ba4fbe1db75a1dbf_lupyne_79368723_20130106_161143_after_6.py
c5d51f544b404d9acab00a45ba4fbe1db75a1dbf,lupyne,79368723,2013-01-07 00:11:43,+0000,queries.py,MODIFY,82,72,PythonFiles\lupyne\79368723\c5d51f544b404d9acab00a45ba4fbe1db75a1dbf\c5d51f544b404d9acab00a45ba4fbe1db75a1dbf_lupyne_79368723_20130106_161143_before_7.py,PythonFiles\lupyne\79368723\c5d51f544b404d9acab00a45ba4fbe1db75a1dbf\c5d51f544b404d9acab00a45ba4fbe1db75a1dbf_lupyne_79368723_20130106_161143_after_7.py
c5d51f544b404d9acab00a45ba4fbe1db75a1dbf,lupyne,79368723,2013-01-07 00:11:43,+0000,server.py,MODIFY,10,6,PythonFiles\lupyne\79368723\c5d51f544b404d9acab00a45ba4fbe1db75a1dbf\c5d51f544b404d9acab00a45ba4fbe1db75a1dbf_lupyne_79368723_20130106_161143_before_8.py,PythonFiles\lupyne\79368723\c5d51f544b404d9acab00a45ba4fbe1db75a1dbf\c5d51f544b404d9acab00a45ba4fbe1db75a1dbf_lupyne_79368723_20130106_161143_after_8.py
c5d51f544b404d9acab00a45ba4fbe1db75a1dbf,lupyne,79368723,2013-01-07 00:11:43,+0000,local.py,MODIFY,45,36,PythonFiles\lupyne\79368723\c5d51f544b404d9acab00a45ba4fbe1db75a1dbf\c5d51f544b404d9acab00a45ba4fbe1db75a1dbf_lupyne_79368723_20130106_161143_before_9.py,PythonFiles\lupyne\79368723\c5d51f544b404d9acab00a45ba4fbe1db75a1dbf\c5d51f544b404d9acab00a45ba4fbe1db75a1dbf_lupyne_79368723_20130106_161143_after_9.py
931f823b002034ae2bb024f945ce7a4301b87d8b,lupyne,79368723,2013-01-12 19:43:55,+0000,documents.py,MODIFY,13,7,PythonFiles\lupyne\79368723\931f823b002034ae2bb024f945ce7a4301b87d8b\931f823b002034ae2bb024f945ce7a4301b87d8b_lupyne_79368723_20130112_114355_before_1.py,PythonFiles\lupyne\79368723\931f823b002034ae2bb024f945ce7a4301b87d8b\931f823b002034ae2bb024f945ce7a4301b87d8b_lupyne_79368723_20130112_114355_after_1.py
931f823b002034ae2bb024f945ce7a4301b87d8b,lupyne,79368723,2013-01-12 19:43:55,+0000,indexers.py,MODIFY,29,18,PythonFiles\lupyne\79368723\931f823b002034ae2bb024f945ce7a4301b87d8b\931f823b002034ae2bb024f945ce7a4301b87d8b_lupyne_79368723_20130112_114355_before_2.py,PythonFiles\lupyne\79368723\931f823b002034ae2bb024f945ce7a4301b87d8b\931f823b002034ae2bb024f945ce7a4301b87d8b_lupyne_79368723_20130112_114355_after_2.py
931f823b002034ae2bb024f945ce7a4301b87d8b,lupyne,79368723,2013-01-12 19:43:55,+0000,queries.py,MODIFY,9,12,PythonFiles\lupyne\79368723\931f823b002034ae2bb024f945ce7a4301b87d8b\931f823b002034ae2bb024f945ce7a4301b87d8b_lupyne_79368723_20130112_114355_before_3.py,PythonFiles\lupyne\79368723\931f823b002034ae2bb024f945ce7a4301b87d8b\931f823b002034ae2bb024f945ce7a4301b87d8b_lupyne_79368723_20130112_114355_after_3.py
931f823b002034ae2bb024f945ce7a4301b87d8b,lupyne,79368723,2013-01-12 19:43:55,+0000,server.py,MODIFY,6,6,PythonFiles\lupyne\79368723\931f823b002034ae2bb024f945ce7a4301b87d8b\931f823b002034ae2bb024f945ce7a4301b87d8b_lupyne_79368723_20130112_114355_before_4.py,PythonFiles\lupyne\79368723\931f823b002034ae2bb024f945ce7a4301b87d8b\931f823b002034ae2bb024f945ce7a4301b87d8b_lupyne_79368723_20130112_114355_after_4.py
931f823b002034ae2bb024f945ce7a4301b87d8b,lupyne,79368723,2013-01-12 19:43:55,+0000,local.py,MODIFY,6,4,PythonFiles\lupyne\79368723\931f823b002034ae2bb024f945ce7a4301b87d8b\931f823b002034ae2bb024f945ce7a4301b87d8b_lupyne_79368723_20130112_114355_before_5.py,PythonFiles\lupyne\79368723\931f823b002034ae2bb024f945ce7a4301b87d8b\931f823b002034ae2bb024f945ce7a4301b87d8b_lupyne_79368723_20130112_114355_after_5.py
931f823b002034ae2bb024f945ce7a4301b87d8b,lupyne,79368723,2013-01-12 19:43:55,+0000,remote.py,MODIFY,1,2,PythonFiles\lupyne\79368723\931f823b002034ae2bb024f945ce7a4301b87d8b\931f823b002034ae2bb024f945ce7a4301b87d8b_lupyne_79368723_20130112_114355_before_6.py,PythonFiles\lupyne\79368723\931f823b002034ae2bb024f945ce7a4301b87d8b\931f823b002034ae2bb024f945ce7a4301b87d8b_lupyne_79368723_20130112_114355_after_6.py
eda3cfe1c1ec7d214f0ec318230591071cffc850,lupyne,79368723,2013-01-19 03:06:50,+0000,indexers.py,MODIFY,8,4,PythonFiles\lupyne\79368723\eda3cfe1c1ec7d214f0ec318230591071cffc850\eda3cfe1c1ec7d214f0ec318230591071cffc850_lupyne_79368723_20130118_190650_before_2.py,PythonFiles\lupyne\79368723\eda3cfe1c1ec7d214f0ec318230591071cffc850\eda3cfe1c1ec7d214f0ec318230591071cffc850_lupyne_79368723_20130118_190650_after_2.py
eda3cfe1c1ec7d214f0ec318230591071cffc850,lupyne,79368723,2013-01-19 03:06:50,+0000,sorting.py,MODIFY,15,6,PythonFiles\lupyne\79368723\eda3cfe1c1ec7d214f0ec318230591071cffc850\eda3cfe1c1ec7d214f0ec318230591071cffc850_lupyne_79368723_20130118_190650_before_3.py,PythonFiles\lupyne\79368723\eda3cfe1c1ec7d214f0ec318230591071cffc850\eda3cfe1c1ec7d214f0ec318230591071cffc850_lupyne_79368723_20130118_190650_after_3.py
eda3cfe1c1ec7d214f0ec318230591071cffc850,lupyne,79368723,2013-01-19 03:06:50,+0000,documents.py,MODIFY,34,9,PythonFiles\lupyne\79368723\eda3cfe1c1ec7d214f0ec318230591071cffc850\eda3cfe1c1ec7d214f0ec318230591071cffc850_lupyne_79368723_20130118_190650_before_4.py,PythonFiles\lupyne\79368723\eda3cfe1c1ec7d214f0ec318230591071cffc850\eda3cfe1c1ec7d214f0ec318230591071cffc850_lupyne_79368723_20130118_190650_after_4.py
eda3cfe1c1ec7d214f0ec318230591071cffc850,lupyne,79368723,2013-01-19 03:06:50,+0000,indexers.py,MODIFY,210,85,PythonFiles\lupyne\79368723\eda3cfe1c1ec7d214f0ec318230591071cffc850\eda3cfe1c1ec7d214f0ec318230591071cffc850_lupyne_79368723_20130118_190650_before_5.py,PythonFiles\lupyne\79368723\eda3cfe1c1ec7d214f0ec318230591071cffc850\eda3cfe1c1ec7d214f0ec318230591071cffc850_lupyne_79368723_20130118_190650_after_5.py
eda3cfe1c1ec7d214f0ec318230591071cffc850,lupyne,79368723,2013-01-19 03:06:50,+0000,queries.py,MODIFY,60,22,PythonFiles\lupyne\79368723\eda3cfe1c1ec7d214f0ec318230591071cffc850\eda3cfe1c1ec7d214f0ec318230591071cffc850_lupyne_79368723_20130118_190650_before_6.py,PythonFiles\lupyne\79368723\eda3cfe1c1ec7d214f0ec318230591071cffc850\eda3cfe1c1ec7d214f0ec318230591071cffc850_lupyne_79368723_20130118_190650_after_6.py
eda3cfe1c1ec7d214f0ec318230591071cffc850,lupyne,79368723,2013-01-19 03:06:50,+0000,server.py,MODIFY,13,6,PythonFiles\lupyne\79368723\eda3cfe1c1ec7d214f0ec318230591071cffc850\eda3cfe1c1ec7d214f0ec318230591071cffc850_lupyne_79368723_20130118_190650_before_7.py,PythonFiles\lupyne\79368723\eda3cfe1c1ec7d214f0ec318230591071cffc850\eda3cfe1c1ec7d214f0ec318230591071cffc850_lupyne_79368723_20130118_190650_after_7.py
eda3cfe1c1ec7d214f0ec318230591071cffc850,lupyne,79368723,2013-01-19 03:06:50,+0000,setup.py,MODIFY,2,1,PythonFiles\lupyne\79368723\eda3cfe1c1ec7d214f0ec318230591071cffc850\eda3cfe1c1ec7d214f0ec318230591071cffc850_lupyne_79368723_20130118_190650_before_8.py,PythonFiles\lupyne\79368723\eda3cfe1c1ec7d214f0ec318230591071cffc850\eda3cfe1c1ec7d214f0ec318230591071cffc850_lupyne_79368723_20130118_190650_after_8.py
eda3cfe1c1ec7d214f0ec318230591071cffc850,lupyne,79368723,2013-01-19 03:06:50,+0000,distributed.py,MODIFY,12,12,PythonFiles\lupyne\79368723\eda3cfe1c1ec7d214f0ec318230591071cffc850\eda3cfe1c1ec7d214f0ec318230591071cffc850_lupyne_79368723_20130118_190650_before_9.py,PythonFiles\lupyne\79368723\eda3cfe1c1ec7d214f0ec318230591071cffc850\eda3cfe1c1ec7d214f0ec318230591071cffc850_lupyne_79368723_20130118_190650_after_9.py
eda3cfe1c1ec7d214f0ec318230591071cffc850,lupyne,79368723,2013-01-19 03:06:50,+0000,local.py,MODIFY,83,40,PythonFiles\lupyne\79368723\eda3cfe1c1ec7d214f0ec318230591071cffc850\eda3cfe1c1ec7d214f0ec318230591071cffc850_lupyne_79368723_20130118_190650_before_10.py,PythonFiles\lupyne\79368723\eda3cfe1c1ec7d214f0ec318230591071cffc850\eda3cfe1c1ec7d214f0ec318230591071cffc850_lupyne_79368723_20130118_190650_after_10.py
eda3cfe1c1ec7d214f0ec318230591071cffc850,lupyne,79368723,2013-01-19 03:06:50,+0000,remote.py,MODIFY,22,21,PythonFiles\lupyne\79368723\eda3cfe1c1ec7d214f0ec318230591071cffc850\eda3cfe1c1ec7d214f0ec318230591071cffc850_lupyne_79368723_20130118_190650_before_11.py,PythonFiles\lupyne\79368723\eda3cfe1c1ec7d214f0ec318230591071cffc850\eda3cfe1c1ec7d214f0ec318230591071cffc850_lupyne_79368723_20130118_190650_after_11.py
75830f5c0f4ace5f1c08a6503bd2ebe6c6848435,lupyne,79368723,2013-02-02 21:02:19,+0000,__init__.py,MODIFY,19,22,PythonFiles\lupyne\79368723\75830f5c0f4ace5f1c08a6503bd2ebe6c6848435\75830f5c0f4ace5f1c08a6503bd2ebe6c6848435_lupyne_79368723_20130202_130219_before_1.py,PythonFiles\lupyne\79368723\75830f5c0f4ace5f1c08a6503bd2ebe6c6848435\75830f5c0f4ace5f1c08a6503bd2ebe6c6848435_lupyne_79368723_20130202_130219_after_1.py
75830f5c0f4ace5f1c08a6503bd2ebe6c6848435,lupyne,79368723,2013-02-02 21:02:19,+0000,globalmaptiles.py,MODIFY,0,1,PythonFiles\lupyne\79368723\75830f5c0f4ace5f1c08a6503bd2ebe6c6848435\75830f5c0f4ace5f1c08a6503bd2ebe6c6848435_lupyne_79368723_20130202_130219_before_2.py,PythonFiles\lupyne\79368723\75830f5c0f4ace5f1c08a6503bd2ebe6c6848435\75830f5c0f4ace5f1c08a6503bd2ebe6c6848435_lupyne_79368723_20130202_130219_after_2.py
a7fa3d6ec6c9d60d2dfb4fcb9fcdfcfc95ff188e,lupyne,79368723,2013-02-19 00:44:45,+0000,documents.py,MODIFY,5,4,PythonFiles\lupyne\79368723\a7fa3d6ec6c9d60d2dfb4fcb9fcdfcfc95ff188e\a7fa3d6ec6c9d60d2dfb4fcb9fcdfcfc95ff188e_lupyne_79368723_20130218_164445_before_2.py,PythonFiles\lupyne\79368723\a7fa3d6ec6c9d60d2dfb4fcb9fcdfcfc95ff188e\a7fa3d6ec6c9d60d2dfb4fcb9fcdfcfc95ff188e_lupyne_79368723_20130218_164445_after_2.py
a7fa3d6ec6c9d60d2dfb4fcb9fcdfcfc95ff188e,lupyne,79368723,2013-02-19 00:44:45,+0000,indexers.py,MODIFY,5,17,PythonFiles\lupyne\79368723\a7fa3d6ec6c9d60d2dfb4fcb9fcdfcfc95ff188e\a7fa3d6ec6c9d60d2dfb4fcb9fcdfcfc95ff188e_lupyne_79368723_20130218_164445_before_3.py,PythonFiles\lupyne\79368723\a7fa3d6ec6c9d60d2dfb4fcb9fcdfcfc95ff188e\a7fa3d6ec6c9d60d2dfb4fcb9fcdfcfc95ff188e_lupyne_79368723_20130218_164445_after_3.py
a7fa3d6ec6c9d60d2dfb4fcb9fcdfcfc95ff188e,lupyne,79368723,2013-02-19 00:44:45,+0000,queries.py,MODIFY,26,11,PythonFiles\lupyne\79368723\a7fa3d6ec6c9d60d2dfb4fcb9fcdfcfc95ff188e\a7fa3d6ec6c9d60d2dfb4fcb9fcdfcfc95ff188e_lupyne_79368723_20130218_164445_before_4.py,PythonFiles\lupyne\79368723\a7fa3d6ec6c9d60d2dfb4fcb9fcdfcfc95ff188e\a7fa3d6ec6c9d60d2dfb4fcb9fcdfcfc95ff188e_lupyne_79368723_20130218_164445_after_4.py
a7fa3d6ec6c9d60d2dfb4fcb9fcdfcfc95ff188e,lupyne,79368723,2013-02-19 00:44:45,+0000,setup.py,MODIFY,1,1,PythonFiles\lupyne\79368723\a7fa3d6ec6c9d60d2dfb4fcb9fcdfcfc95ff188e\a7fa3d6ec6c9d60d2dfb4fcb9fcdfcfc95ff188e_lupyne_79368723_20130218_164445_before_5.py,PythonFiles\lupyne\79368723\a7fa3d6ec6c9d60d2dfb4fcb9fcdfcfc95ff188e\a7fa3d6ec6c9d60d2dfb4fcb9fcdfcfc95ff188e_lupyne_79368723_20130218_164445_after_5.py
a7fa3d6ec6c9d60d2dfb4fcb9fcdfcfc95ff188e,lupyne,79368723,2013-02-19 00:44:45,+0000,local.py,MODIFY,2,2,PythonFiles\lupyne\79368723\a7fa3d6ec6c9d60d2dfb4fcb9fcdfcfc95ff188e\a7fa3d6ec6c9d60d2dfb4fcb9fcdfcfc95ff188e_lupyne_79368723_20130218_164445_before_6.py,PythonFiles\lupyne\79368723\a7fa3d6ec6c9d60d2dfb4fcb9fcdfcfc95ff188e\a7fa3d6ec6c9d60d2dfb4fcb9fcdfcfc95ff188e_lupyne_79368723_20130218_164445_after_6.py
a18647e5360878be281f1121d8c83e713375f017,lupyne,79368723,2013-04-15 01:29:13,+0000,server.py,MODIFY,4,1,PythonFiles\lupyne\79368723\a18647e5360878be281f1121d8c83e713375f017\a18647e5360878be281f1121d8c83e713375f017_lupyne_79368723_20130414_182913_before_2.py,PythonFiles\lupyne\79368723\a18647e5360878be281f1121d8c83e713375f017\a18647e5360878be281f1121d8c83e713375f017_lupyne_79368723_20130414_182913_after_2.py
a18647e5360878be281f1121d8c83e713375f017,lupyne,79368723,2013-04-15 01:29:13,+0000,sorting.py,MODIFY,1,1,PythonFiles\lupyne\79368723\a18647e5360878be281f1121d8c83e713375f017\a18647e5360878be281f1121d8c83e713375f017_lupyne_79368723_20130414_182913_before_3.py,PythonFiles\lupyne\79368723\a18647e5360878be281f1121d8c83e713375f017\a18647e5360878be281f1121d8c83e713375f017_lupyne_79368723_20130414_182913_after_3.py
a18647e5360878be281f1121d8c83e713375f017,lupyne,79368723,2013-04-15 01:29:13,+0000,indexers.py,MODIFY,1,0,PythonFiles\lupyne\79368723\a18647e5360878be281f1121d8c83e713375f017\a18647e5360878be281f1121d8c83e713375f017_lupyne_79368723_20130414_182913_before_4.py,PythonFiles\lupyne\79368723\a18647e5360878be281f1121d8c83e713375f017\a18647e5360878be281f1121d8c83e713375f017_lupyne_79368723_20130414_182913_after_4.py
a18647e5360878be281f1121d8c83e713375f017,lupyne,79368723,2013-04-15 01:29:13,+0000,queries.py,MODIFY,35,24,PythonFiles\lupyne\79368723\a18647e5360878be281f1121d8c83e713375f017\a18647e5360878be281f1121d8c83e713375f017_lupyne_79368723_20130414_182913_before_5.py,PythonFiles\lupyne\79368723\a18647e5360878be281f1121d8c83e713375f017\a18647e5360878be281f1121d8c83e713375f017_lupyne_79368723_20130414_182913_after_5.py
a18647e5360878be281f1121d8c83e713375f017,lupyne,79368723,2013-04-15 01:29:13,+0000,server.py,MODIFY,2,3,PythonFiles\lupyne\79368723\a18647e5360878be281f1121d8c83e713375f017\a18647e5360878be281f1121d8c83e713375f017_lupyne_79368723_20130414_182913_before_6.py,PythonFiles\lupyne\79368723\a18647e5360878be281f1121d8c83e713375f017\a18647e5360878be281f1121d8c83e713375f017_lupyne_79368723_20130414_182913_after_6.py
a18647e5360878be281f1121d8c83e713375f017,lupyne,79368723,2013-04-15 01:29:13,+0000,setup.py,MODIFY,1,1,PythonFiles\lupyne\79368723\a18647e5360878be281f1121d8c83e713375f017\a18647e5360878be281f1121d8c83e713375f017_lupyne_79368723_20130414_182913_before_7.py,PythonFiles\lupyne\79368723\a18647e5360878be281f1121d8c83e713375f017\a18647e5360878be281f1121d8c83e713375f017_lupyne_79368723_20130414_182913_after_7.py
a18647e5360878be281f1121d8c83e713375f017,lupyne,79368723,2013-04-15 01:29:13,+0000,local.py,MODIFY,4,2,PythonFiles\lupyne\79368723\a18647e5360878be281f1121d8c83e713375f017\a18647e5360878be281f1121d8c83e713375f017_lupyne_79368723_20130414_182913_before_8.py,PythonFiles\lupyne\79368723\a18647e5360878be281f1121d8c83e713375f017\a18647e5360878be281f1121d8c83e713375f017_lupyne_79368723_20130414_182913_after_8.py
a18647e5360878be281f1121d8c83e713375f017,lupyne,79368723,2013-04-15 01:29:13,+0000,remote.py,MODIFY,1,1,PythonFiles\lupyne\79368723\a18647e5360878be281f1121d8c83e713375f017\a18647e5360878be281f1121d8c83e713375f017_lupyne_79368723_20130414_182913_before_9.py,PythonFiles\lupyne\79368723\a18647e5360878be281f1121d8c83e713375f017\a18647e5360878be281f1121d8c83e713375f017_lupyne_79368723_20130414_182913_after_9.py
36ec391d3432574bc7c4e033e2f8021f1c958555,lupyne,79368723,2013-04-21 19:38:58,+0000,conf.py,MODIFY,1,1,PythonFiles\lupyne\79368723\36ec391d3432574bc7c4e033e2f8021f1c958555\36ec391d3432574bc7c4e033e2f8021f1c958555_lupyne_79368723_20130421_123858_before_1.py,PythonFiles\lupyne\79368723\36ec391d3432574bc7c4e033e2f8021f1c958555\36ec391d3432574bc7c4e033e2f8021f1c958555_lupyne_79368723_20130421_123858_after_1.py
36ec391d3432574bc7c4e033e2f8021f1c958555,lupyne,79368723,2013-04-21 19:38:58,+0000,indexers.py,MODIFY,1,4,PythonFiles\lupyne\79368723\36ec391d3432574bc7c4e033e2f8021f1c958555\36ec391d3432574bc7c4e033e2f8021f1c958555_lupyne_79368723_20130421_123858_before_3.py,PythonFiles\lupyne\79368723\36ec391d3432574bc7c4e033e2f8021f1c958555\36ec391d3432574bc7c4e033e2f8021f1c958555_lupyne_79368723_20130421_123858_after_3.py
36ec391d3432574bc7c4e033e2f8021f1c958555,lupyne,79368723,2013-04-21 19:38:58,+0000,indexers.py,MODIFY,4,9,PythonFiles\lupyne\79368723\36ec391d3432574bc7c4e033e2f8021f1c958555\36ec391d3432574bc7c4e033e2f8021f1c958555_lupyne_79368723_20130421_123858_before_4.py,PythonFiles\lupyne\79368723\36ec391d3432574bc7c4e033e2f8021f1c958555\36ec391d3432574bc7c4e033e2f8021f1c958555_lupyne_79368723_20130421_123858_after_4.py
36ec391d3432574bc7c4e033e2f8021f1c958555,lupyne,79368723,2013-04-21 19:38:58,+0000,queries.py,MODIFY,2,7,PythonFiles\lupyne\79368723\36ec391d3432574bc7c4e033e2f8021f1c958555\36ec391d3432574bc7c4e033e2f8021f1c958555_lupyne_79368723_20130421_123858_before_5.py,PythonFiles\lupyne\79368723\36ec391d3432574bc7c4e033e2f8021f1c958555\36ec391d3432574bc7c4e033e2f8021f1c958555_lupyne_79368723_20130421_123858_after_5.py
36ec391d3432574bc7c4e033e2f8021f1c958555,lupyne,79368723,2013-04-21 19:38:58,+0000,server.py,MODIFY,0,6,PythonFiles\lupyne\79368723\36ec391d3432574bc7c4e033e2f8021f1c958555\36ec391d3432574bc7c4e033e2f8021f1c958555_lupyne_79368723_20130421_123858_before_6.py,PythonFiles\lupyne\79368723\36ec391d3432574bc7c4e033e2f8021f1c958555\36ec391d3432574bc7c4e033e2f8021f1c958555_lupyne_79368723_20130421_123858_after_6.py
cdd9ed4bff32d4858cf68abb65c13ba3ada745de,lupyne,79368723,2013-05-05 21:43:50,+0000,indexers.py,MODIFY,2,1,PythonFiles\lupyne\79368723\cdd9ed4bff32d4858cf68abb65c13ba3ada745de\cdd9ed4bff32d4858cf68abb65c13ba3ada745de_lupyne_79368723_20130505_144350_before_2.py,PythonFiles\lupyne\79368723\cdd9ed4bff32d4858cf68abb65c13ba3ada745de\cdd9ed4bff32d4858cf68abb65c13ba3ada745de_lupyne_79368723_20130505_144350_after_2.py
cdd9ed4bff32d4858cf68abb65c13ba3ada745de,lupyne,79368723,2013-05-05 21:43:50,+0000,queries.py,MODIFY,0,4,PythonFiles\lupyne\79368723\cdd9ed4bff32d4858cf68abb65c13ba3ada745de\cdd9ed4bff32d4858cf68abb65c13ba3ada745de_lupyne_79368723_20130505_144350_before_3.py,PythonFiles\lupyne\79368723\cdd9ed4bff32d4858cf68abb65c13ba3ada745de\cdd9ed4bff32d4858cf68abb65c13ba3ada745de_lupyne_79368723_20130505_144350_after_3.py
cdd9ed4bff32d4858cf68abb65c13ba3ada745de,lupyne,79368723,2013-05-05 21:43:50,+0000,server.py,MODIFY,1,1,PythonFiles\lupyne\79368723\cdd9ed4bff32d4858cf68abb65c13ba3ada745de\cdd9ed4bff32d4858cf68abb65c13ba3ada745de_lupyne_79368723_20130505_144350_before_4.py,PythonFiles\lupyne\79368723\cdd9ed4bff32d4858cf68abb65c13ba3ada745de\cdd9ed4bff32d4858cf68abb65c13ba3ada745de_lupyne_79368723_20130505_144350_after_4.py
cdd9ed4bff32d4858cf68abb65c13ba3ada745de,lupyne,79368723,2013-05-05 21:43:50,+0000,setup.py,MODIFY,1,1,PythonFiles\lupyne\79368723\cdd9ed4bff32d4858cf68abb65c13ba3ada745de\cdd9ed4bff32d4858cf68abb65c13ba3ada745de_lupyne_79368723_20130505_144350_before_5.py,PythonFiles\lupyne\79368723\cdd9ed4bff32d4858cf68abb65c13ba3ada745de\cdd9ed4bff32d4858cf68abb65c13ba3ada745de_lupyne_79368723_20130505_144350_after_5.py
28a8abce45829d528281932d121e91e714125659,lupyne,79368723,2013-05-15 02:53:51,+0000,__init__.py,MODIFY,1,1,PythonFiles\lupyne\79368723\28a8abce45829d528281932d121e91e714125659\28a8abce45829d528281932d121e91e714125659_lupyne_79368723_20130514_195351_before_1.py,PythonFiles\lupyne\79368723\28a8abce45829d528281932d121e91e714125659\28a8abce45829d528281932d121e91e714125659_lupyne_79368723_20130514_195351_after_1.py
28a8abce45829d528281932d121e91e714125659,lupyne,79368723,2013-05-15 02:53:51,+0000,setup.py,MODIFY,1,1,PythonFiles\lupyne\79368723\28a8abce45829d528281932d121e91e714125659\28a8abce45829d528281932d121e91e714125659_lupyne_79368723_20130514_195351_before_2.py,PythonFiles\lupyne\79368723\28a8abce45829d528281932d121e91e714125659\28a8abce45829d528281932d121e91e714125659_lupyne_79368723_20130514_195351_after_2.py
100fa3a0f84d75707c69735c9da65ce03039b2bd,lupyne,79368723,2013-05-16 01:56:12,+0000,__init__.py,MODIFY,1,1,PythonFiles\lupyne\79368723\100fa3a0f84d75707c69735c9da65ce03039b2bd\100fa3a0f84d75707c69735c9da65ce03039b2bd_lupyne_79368723_20130515_185612_before_2.py,PythonFiles\lupyne\79368723\100fa3a0f84d75707c69735c9da65ce03039b2bd\100fa3a0f84d75707c69735c9da65ce03039b2bd_lupyne_79368723_20130515_185612_after_2.py
ee4f77bec2b48f169069fbb17b4646a36d867a52,lupyne,79368723,2013-05-19 18:55:35,+0000,__init__.py,MODIFY,4,4,PythonFiles\lupyne\79368723\ee4f77bec2b48f169069fbb17b4646a36d867a52\ee4f77bec2b48f169069fbb17b4646a36d867a52_lupyne_79368723_20130519_115535_before_3.py,PythonFiles\lupyne\79368723\ee4f77bec2b48f169069fbb17b4646a36d867a52\ee4f77bec2b48f169069fbb17b4646a36d867a52_lupyne_79368723_20130519_115535_after_3.py
ee4f77bec2b48f169069fbb17b4646a36d867a52,lupyne,79368723,2013-05-19 18:55:35,+0000,documents.py,MODIFY,0,11,PythonFiles\lupyne\79368723\ee4f77bec2b48f169069fbb17b4646a36d867a52\ee4f77bec2b48f169069fbb17b4646a36d867a52_lupyne_79368723_20130519_115535_before_4.py,PythonFiles\lupyne\79368723\ee4f77bec2b48f169069fbb17b4646a36d867a52\ee4f77bec2b48f169069fbb17b4646a36d867a52_lupyne_79368723_20130519_115535_after_4.py
ee4f77bec2b48f169069fbb17b4646a36d867a52,lupyne,79368723,2013-05-19 18:55:35,+0000,indexers.py,MODIFY,9,23,PythonFiles\lupyne\79368723\ee4f77bec2b48f169069fbb17b4646a36d867a52\ee4f77bec2b48f169069fbb17b4646a36d867a52_lupyne_79368723_20130519_115535_before_5.py,PythonFiles\lupyne\79368723\ee4f77bec2b48f169069fbb17b4646a36d867a52\ee4f77bec2b48f169069fbb17b4646a36d867a52_lupyne_79368723_20130519_115535_after_5.py
ee4f77bec2b48f169069fbb17b4646a36d867a52,lupyne,79368723,2013-05-19 18:55:35,+0000,queries.py,MODIFY,0,1,PythonFiles\lupyne\79368723\ee4f77bec2b48f169069fbb17b4646a36d867a52\ee4f77bec2b48f169069fbb17b4646a36d867a52_lupyne_79368723_20130519_115535_before_6.py,PythonFiles\lupyne\79368723\ee4f77bec2b48f169069fbb17b4646a36d867a52\ee4f77bec2b48f169069fbb17b4646a36d867a52_lupyne_79368723_20130519_115535_after_6.py
ee4f77bec2b48f169069fbb17b4646a36d867a52,lupyne,79368723,2013-05-19 18:55:35,+0000,server.py,MODIFY,16,33,PythonFiles\lupyne\79368723\ee4f77bec2b48f169069fbb17b4646a36d867a52\ee4f77bec2b48f169069fbb17b4646a36d867a52_lupyne_79368723_20130519_115535_before_7.py,PythonFiles\lupyne\79368723\ee4f77bec2b48f169069fbb17b4646a36d867a52\ee4f77bec2b48f169069fbb17b4646a36d867a52_lupyne_79368723_20130519_115535_after_7.py
ee4f77bec2b48f169069fbb17b4646a36d867a52,lupyne,79368723,2013-05-19 18:55:35,+0000,local.py,MODIFY,20,29,PythonFiles\lupyne\79368723\ee4f77bec2b48f169069fbb17b4646a36d867a52\ee4f77bec2b48f169069fbb17b4646a36d867a52_lupyne_79368723_20130519_115535_before_8.py,PythonFiles\lupyne\79368723\ee4f77bec2b48f169069fbb17b4646a36d867a52\ee4f77bec2b48f169069fbb17b4646a36d867a52_lupyne_79368723_20130519_115535_after_8.py
cf6bb23fb5683e395cb369a3d297666106105052,lupyne,79368723,2013-08-23 02:12:01,+0000,__main__.py,MODIFY,2,0,PythonFiles\lupyne\79368723\cf6bb23fb5683e395cb369a3d297666106105052\cf6bb23fb5683e395cb369a3d297666106105052_lupyne_79368723_20130822_191201_before_2.py,PythonFiles\lupyne\79368723\cf6bb23fb5683e395cb369a3d297666106105052\cf6bb23fb5683e395cb369a3d297666106105052_lupyne_79368723_20130822_191201_after_2.py
cf6bb23fb5683e395cb369a3d297666106105052,lupyne,79368723,2013-08-23 02:12:01,+0000,indexers.py,MODIFY,5,5,PythonFiles\lupyne\79368723\cf6bb23fb5683e395cb369a3d297666106105052\cf6bb23fb5683e395cb369a3d297666106105052_lupyne_79368723_20130822_191201_before_3.py,PythonFiles\lupyne\79368723\cf6bb23fb5683e395cb369a3d297666106105052\cf6bb23fb5683e395cb369a3d297666106105052_lupyne_79368723_20130822_191201_after_3.py
cf6bb23fb5683e395cb369a3d297666106105052,lupyne,79368723,2013-08-23 02:12:01,+0000,server.py,MODIFY,29,12,PythonFiles\lupyne\79368723\cf6bb23fb5683e395cb369a3d297666106105052\cf6bb23fb5683e395cb369a3d297666106105052_lupyne_79368723_20130822_191201_before_4.py,PythonFiles\lupyne\79368723\cf6bb23fb5683e395cb369a3d297666106105052\cf6bb23fb5683e395cb369a3d297666106105052_lupyne_79368723_20130822_191201_after_4.py
cf6bb23fb5683e395cb369a3d297666106105052,lupyne,79368723,2013-08-23 02:12:01,+0000,setup.py,MODIFY,3,12,PythonFiles\lupyne\79368723\cf6bb23fb5683e395cb369a3d297666106105052\cf6bb23fb5683e395cb369a3d297666106105052_lupyne_79368723_20130822_191201_before_5.py,PythonFiles\lupyne\79368723\cf6bb23fb5683e395cb369a3d297666106105052\cf6bb23fb5683e395cb369a3d297666106105052_lupyne_79368723_20130822_191201_after_5.py
cf6bb23fb5683e395cb369a3d297666106105052,lupyne,79368723,2013-08-23 02:12:01,+0000,__main__.py,MODIFY,1,1,PythonFiles\lupyne\79368723\cf6bb23fb5683e395cb369a3d297666106105052\cf6bb23fb5683e395cb369a3d297666106105052_lupyne_79368723_20130822_191201_before_6.py,PythonFiles\lupyne\79368723\cf6bb23fb5683e395cb369a3d297666106105052\cf6bb23fb5683e395cb369a3d297666106105052_lupyne_79368723_20130822_191201_after_6.py
cf6bb23fb5683e395cb369a3d297666106105052,lupyne,79368723,2013-08-23 02:12:01,+0000,local.py,MODIFY,0,2,PythonFiles\lupyne\79368723\cf6bb23fb5683e395cb369a3d297666106105052\cf6bb23fb5683e395cb369a3d297666106105052_lupyne_79368723_20130822_191201_before_7.py,PythonFiles\lupyne\79368723\cf6bb23fb5683e395cb369a3d297666106105052\cf6bb23fb5683e395cb369a3d297666106105052_lupyne_79368723_20130822_191201_after_7.py
cf6bb23fb5683e395cb369a3d297666106105052,lupyne,79368723,2013-08-23 02:12:01,+0000,remote.py,MODIFY,11,9,PythonFiles\lupyne\79368723\cf6bb23fb5683e395cb369a3d297666106105052\cf6bb23fb5683e395cb369a3d297666106105052_lupyne_79368723_20130822_191201_before_8.py,PythonFiles\lupyne\79368723\cf6bb23fb5683e395cb369a3d297666106105052\cf6bb23fb5683e395cb369a3d297666106105052_lupyne_79368723_20130822_191201_after_8.py
6d404ed6ddd3ec7b0d1284403bae0c6fa358f190,lupyne,79368723,2013-08-23 03:14:23,+0000,server.py,MODIFY,51,1,PythonFiles\lupyne\79368723\6d404ed6ddd3ec7b0d1284403bae0c6fa358f190\6d404ed6ddd3ec7b0d1284403bae0c6fa358f190_lupyne_79368723_20130822_201423_before_1.py,PythonFiles\lupyne\79368723\6d404ed6ddd3ec7b0d1284403bae0c6fa358f190\6d404ed6ddd3ec7b0d1284403bae0c6fa358f190_lupyne_79368723_20130822_201423_after_1.py
6d404ed6ddd3ec7b0d1284403bae0c6fa358f190,lupyne,79368723,2013-08-23 03:14:23,+0000,setup.py,MODIFY,2,0,PythonFiles\lupyne\79368723\6d404ed6ddd3ec7b0d1284403bae0c6fa358f190\6d404ed6ddd3ec7b0d1284403bae0c6fa358f190_lupyne_79368723_20130822_201423_before_2.py,PythonFiles\lupyne\79368723\6d404ed6ddd3ec7b0d1284403bae0c6fa358f190\6d404ed6ddd3ec7b0d1284403bae0c6fa358f190_lupyne_79368723_20130822_201423_after_2.py
6d404ed6ddd3ec7b0d1284403bae0c6fa358f190,lupyne,79368723,2013-08-23 03:14:23,+0000,remote.py,MODIFY,17,0,PythonFiles\lupyne\79368723\6d404ed6ddd3ec7b0d1284403bae0c6fa358f190\6d404ed6ddd3ec7b0d1284403bae0c6fa358f190_lupyne_79368723_20130822_201423_before_3.py,PythonFiles\lupyne\79368723\6d404ed6ddd3ec7b0d1284403bae0c6fa358f190\6d404ed6ddd3ec7b0d1284403bae0c6fa358f190_lupyne_79368723_20130822_201423_after_3.py
074d345767fcfd8e58d101efde4103fe261c8f14,lupyne,79368723,2013-08-26 15:06:29,+0000,__init__.py,MODIFY,1,1,PythonFiles\lupyne\79368723\074d345767fcfd8e58d101efde4103fe261c8f14\074d345767fcfd8e58d101efde4103fe261c8f14_lupyne_79368723_20130826_080629_before_2.py,PythonFiles\lupyne\79368723\074d345767fcfd8e58d101efde4103fe261c8f14\074d345767fcfd8e58d101efde4103fe261c8f14_lupyne_79368723_20130826_080629_after_2.py
074d345767fcfd8e58d101efde4103fe261c8f14,lupyne,79368723,2013-08-26 15:06:29,+0000,setup.py,MODIFY,1,3,PythonFiles\lupyne\79368723\074d345767fcfd8e58d101efde4103fe261c8f14\074d345767fcfd8e58d101efde4103fe261c8f14_lupyne_79368723_20130826_080629_before_3.py,PythonFiles\lupyne\79368723\074d345767fcfd8e58d101efde4103fe261c8f14\074d345767fcfd8e58d101efde4103fe261c8f14_lupyne_79368723_20130826_080629_after_3.py
e6e60a304bcb3dd55b63b2ed6b249235a00a1a27,lupyne,79368723,2013-08-27 01:00:50,+0000,__init__.py,MODIFY,1,1,PythonFiles\lupyne\79368723\e6e60a304bcb3dd55b63b2ed6b249235a00a1a27\e6e60a304bcb3dd55b63b2ed6b249235a00a1a27_lupyne_79368723_20130826_180050_before_2.py,PythonFiles\lupyne\79368723\e6e60a304bcb3dd55b63b2ed6b249235a00a1a27\e6e60a304bcb3dd55b63b2ed6b249235a00a1a27_lupyne_79368723_20130826_180050_after_2.py
f06636f6019d7b10b1591d2c0f6e1dbd1601a311,lupyne,79368723,2013-09-01 17:43:47,+0000,indexers.py,MODIFY,6,11,PythonFiles\lupyne\79368723\f06636f6019d7b10b1591d2c0f6e1dbd1601a311\f06636f6019d7b10b1591d2c0f6e1dbd1601a311_lupyne_79368723_20130901_104347_before_1.py,PythonFiles\lupyne\79368723\f06636f6019d7b10b1591d2c0f6e1dbd1601a311\f06636f6019d7b10b1591d2c0f6e1dbd1601a311_lupyne_79368723_20130901_104347_after_1.py
f06636f6019d7b10b1591d2c0f6e1dbd1601a311,lupyne,79368723,2013-09-01 17:43:47,+0000,queries.py,MODIFY,2,5,PythonFiles\lupyne\79368723\f06636f6019d7b10b1591d2c0f6e1dbd1601a311\f06636f6019d7b10b1591d2c0f6e1dbd1601a311_lupyne_79368723_20130901_104347_before_2.py,PythonFiles\lupyne\79368723\f06636f6019d7b10b1591d2c0f6e1dbd1601a311\f06636f6019d7b10b1591d2c0f6e1dbd1601a311_lupyne_79368723_20130901_104347_after_2.py
f06636f6019d7b10b1591d2c0f6e1dbd1601a311,lupyne,79368723,2013-09-01 17:43:47,+0000,searching.py,MODIFY,1,4,PythonFiles\lupyne\79368723\f06636f6019d7b10b1591d2c0f6e1dbd1601a311\f06636f6019d7b10b1591d2c0f6e1dbd1601a311_lupyne_79368723_20130901_104347_before_3.py,PythonFiles\lupyne\79368723\f06636f6019d7b10b1591d2c0f6e1dbd1601a311\f06636f6019d7b10b1591d2c0f6e1dbd1601a311_lupyne_79368723_20130901_104347_after_3.py
f06636f6019d7b10b1591d2c0f6e1dbd1601a311,lupyne,79368723,2013-09-01 17:43:47,+0000,server.py,MODIFY,1,1,PythonFiles\lupyne\79368723\f06636f6019d7b10b1591d2c0f6e1dbd1601a311\f06636f6019d7b10b1591d2c0f6e1dbd1601a311_lupyne_79368723_20130901_104347_before_4.py,PythonFiles\lupyne\79368723\f06636f6019d7b10b1591d2c0f6e1dbd1601a311\f06636f6019d7b10b1591d2c0f6e1dbd1601a311_lupyne_79368723_20130901_104347_after_4.py
f06636f6019d7b10b1591d2c0f6e1dbd1601a311,lupyne,79368723,2013-09-01 17:43:47,+0000,sorting.py,MODIFY,5,12,PythonFiles\lupyne\79368723\f06636f6019d7b10b1591d2c0f6e1dbd1601a311\f06636f6019d7b10b1591d2c0f6e1dbd1601a311_lupyne_79368723_20130901_104347_before_5.py,PythonFiles\lupyne\79368723\f06636f6019d7b10b1591d2c0f6e1dbd1601a311\f06636f6019d7b10b1591d2c0f6e1dbd1601a311_lupyne_79368723_20130901_104347_after_5.py
f06636f6019d7b10b1591d2c0f6e1dbd1601a311,lupyne,79368723,2013-09-01 17:43:47,+0000,__init__.py,MODIFY,3,3,PythonFiles\lupyne\79368723\f06636f6019d7b10b1591d2c0f6e1dbd1601a311\f06636f6019d7b10b1591d2c0f6e1dbd1601a311_lupyne_79368723_20130901_104347_before_6.py,PythonFiles\lupyne\79368723\f06636f6019d7b10b1591d2c0f6e1dbd1601a311\f06636f6019d7b10b1591d2c0f6e1dbd1601a311_lupyne_79368723_20130901_104347_after_6.py
f06636f6019d7b10b1591d2c0f6e1dbd1601a311,lupyne,79368723,2013-09-01 17:43:47,+0000,documents.py,MODIFY,21,42,PythonFiles\lupyne\79368723\f06636f6019d7b10b1591d2c0f6e1dbd1601a311\f06636f6019d7b10b1591d2c0f6e1dbd1601a311_lupyne_79368723_20130901_104347_before_7.py,PythonFiles\lupyne\79368723\f06636f6019d7b10b1591d2c0f6e1dbd1601a311\f06636f6019d7b10b1591d2c0f6e1dbd1601a311_lupyne_79368723_20130901_104347_after_7.py
f06636f6019d7b10b1591d2c0f6e1dbd1601a311,lupyne,79368723,2013-09-01 17:43:47,+0000,indexers.py,MODIFY,88,185,PythonFiles\lupyne\79368723\f06636f6019d7b10b1591d2c0f6e1dbd1601a311\f06636f6019d7b10b1591d2c0f6e1dbd1601a311_lupyne_79368723_20130901_104347_before_8.py,PythonFiles\lupyne\79368723\f06636f6019d7b10b1591d2c0f6e1dbd1601a311\f06636f6019d7b10b1591d2c0f6e1dbd1601a311_lupyne_79368723_20130901_104347_after_8.py
f06636f6019d7b10b1591d2c0f6e1dbd1601a311,lupyne,79368723,2013-09-01 17:43:47,+0000,queries.py,MODIFY,24,58,PythonFiles\lupyne\79368723\f06636f6019d7b10b1591d2c0f6e1dbd1601a311\f06636f6019d7b10b1591d2c0f6e1dbd1601a311_lupyne_79368723_20130901_104347_before_9.py,PythonFiles\lupyne\79368723\f06636f6019d7b10b1591d2c0f6e1dbd1601a311\f06636f6019d7b10b1591d2c0f6e1dbd1601a311_lupyne_79368723_20130901_104347_after_9.py
f06636f6019d7b10b1591d2c0f6e1dbd1601a311,lupyne,79368723,2013-09-01 17:43:47,+0000,server.py,MODIFY,7,9,PythonFiles\lupyne\79368723\f06636f6019d7b10b1591d2c0f6e1dbd1601a311\f06636f6019d7b10b1591d2c0f6e1dbd1601a311_lupyne_79368723_20130901_104347_before_10.py,PythonFiles\lupyne\79368723\f06636f6019d7b10b1591d2c0f6e1dbd1601a311\f06636f6019d7b10b1591d2c0f6e1dbd1601a311_lupyne_79368723_20130901_104347_after_10.py
f06636f6019d7b10b1591d2c0f6e1dbd1601a311,lupyne,79368723,2013-09-01 17:43:47,+0000,local.py,MODIFY,28,70,PythonFiles\lupyne\79368723\f06636f6019d7b10b1591d2c0f6e1dbd1601a311\f06636f6019d7b10b1591d2c0f6e1dbd1601a311_lupyne_79368723_20130901_104347_before_11.py,PythonFiles\lupyne\79368723\f06636f6019d7b10b1591d2c0f6e1dbd1601a311\f06636f6019d7b10b1591d2c0f6e1dbd1601a311_lupyne_79368723_20130901_104347_after_11.py
f06636f6019d7b10b1591d2c0f6e1dbd1601a311,lupyne,79368723,2013-09-01 17:43:47,+0000,remote.py,MODIFY,3,6,PythonFiles\lupyne\79368723\f06636f6019d7b10b1591d2c0f6e1dbd1601a311\f06636f6019d7b10b1591d2c0f6e1dbd1601a311_lupyne_79368723_20130901_104347_before_12.py,PythonFiles\lupyne\79368723\f06636f6019d7b10b1591d2c0f6e1dbd1601a311\f06636f6019d7b10b1591d2c0f6e1dbd1601a311_lupyne_79368723_20130901_104347_after_12.py
c6ed328274f8a0e1c56c111a1ed900fc75aa3cfb,lupyne,79368723,2013-09-07 21:40:54,+0000,indexers.py,MODIFY,1,1,PythonFiles\lupyne\79368723\c6ed328274f8a0e1c56c111a1ed900fc75aa3cfb\c6ed328274f8a0e1c56c111a1ed900fc75aa3cfb_lupyne_79368723_20130907_144054_before_3.py,PythonFiles\lupyne\79368723\c6ed328274f8a0e1c56c111a1ed900fc75aa3cfb\c6ed328274f8a0e1c56c111a1ed900fc75aa3cfb_lupyne_79368723_20130907_144054_after_3.py
c6ed328274f8a0e1c56c111a1ed900fc75aa3cfb,lupyne,79368723,2013-09-07 21:40:54,+0000,searching.py,MODIFY,3,3,PythonFiles\lupyne\79368723\c6ed328274f8a0e1c56c111a1ed900fc75aa3cfb\c6ed328274f8a0e1c56c111a1ed900fc75aa3cfb_lupyne_79368723_20130907_144054_before_4.py,PythonFiles\lupyne\79368723\c6ed328274f8a0e1c56c111a1ed900fc75aa3cfb\c6ed328274f8a0e1c56c111a1ed900fc75aa3cfb_lupyne_79368723_20130907_144054_after_4.py
c6ed328274f8a0e1c56c111a1ed900fc75aa3cfb,lupyne,79368723,2013-09-07 21:40:54,+0000,server.py,MODIFY,2,2,PythonFiles\lupyne\79368723\c6ed328274f8a0e1c56c111a1ed900fc75aa3cfb\c6ed328274f8a0e1c56c111a1ed900fc75aa3cfb_lupyne_79368723_20130907_144054_before_5.py,PythonFiles\lupyne\79368723\c6ed328274f8a0e1c56c111a1ed900fc75aa3cfb\c6ed328274f8a0e1c56c111a1ed900fc75aa3cfb_lupyne_79368723_20130907_144054_after_5.py
c6ed328274f8a0e1c56c111a1ed900fc75aa3cfb,lupyne,79368723,2013-09-07 21:40:54,+0000,sorting.py,MODIFY,1,1,PythonFiles\lupyne\79368723\c6ed328274f8a0e1c56c111a1ed900fc75aa3cfb\c6ed328274f8a0e1c56c111a1ed900fc75aa3cfb_lupyne_79368723_20130907_144054_before_6.py,PythonFiles\lupyne\79368723\c6ed328274f8a0e1c56c111a1ed900fc75aa3cfb\c6ed328274f8a0e1c56c111a1ed900fc75aa3cfb_lupyne_79368723_20130907_144054_after_6.py
c6ed328274f8a0e1c56c111a1ed900fc75aa3cfb,lupyne,79368723,2013-09-07 21:40:54,+0000,documents.py,MODIFY,70,51,PythonFiles\lupyne\79368723\c6ed328274f8a0e1c56c111a1ed900fc75aa3cfb\c6ed328274f8a0e1c56c111a1ed900fc75aa3cfb_lupyne_79368723_20130907_144054_before_7.py,PythonFiles\lupyne\79368723\c6ed328274f8a0e1c56c111a1ed900fc75aa3cfb\c6ed328274f8a0e1c56c111a1ed900fc75aa3cfb_lupyne_79368723_20130907_144054_after_7.py
c6ed328274f8a0e1c56c111a1ed900fc75aa3cfb,lupyne,79368723,2013-09-07 21:40:54,+0000,indexers.py,MODIFY,5,6,PythonFiles\lupyne\79368723\c6ed328274f8a0e1c56c111a1ed900fc75aa3cfb\c6ed328274f8a0e1c56c111a1ed900fc75aa3cfb_lupyne_79368723_20130907_144054_before_8.py,PythonFiles\lupyne\79368723\c6ed328274f8a0e1c56c111a1ed900fc75aa3cfb\c6ed328274f8a0e1c56c111a1ed900fc75aa3cfb_lupyne_79368723_20130907_144054_after_8.py
c6ed328274f8a0e1c56c111a1ed900fc75aa3cfb,lupyne,79368723,2013-09-07 21:40:54,+0000,__init__.py,MODIFY,1,1,PythonFiles\lupyne\79368723\c6ed328274f8a0e1c56c111a1ed900fc75aa3cfb\c6ed328274f8a0e1c56c111a1ed900fc75aa3cfb_lupyne_79368723_20130907_144054_before_9.py,PythonFiles\lupyne\79368723\c6ed328274f8a0e1c56c111a1ed900fc75aa3cfb\c6ed328274f8a0e1c56c111a1ed900fc75aa3cfb_lupyne_79368723_20130907_144054_after_9.py
c6ed328274f8a0e1c56c111a1ed900fc75aa3cfb,lupyne,79368723,2013-09-07 21:40:54,+0000,server.py,MODIFY,13,8,PythonFiles\lupyne\79368723\c6ed328274f8a0e1c56c111a1ed900fc75aa3cfb\c6ed328274f8a0e1c56c111a1ed900fc75aa3cfb_lupyne_79368723_20130907_144054_before_10.py,PythonFiles\lupyne\79368723\c6ed328274f8a0e1c56c111a1ed900fc75aa3cfb\c6ed328274f8a0e1c56c111a1ed900fc75aa3cfb_lupyne_79368723_20130907_144054_after_10.py
c6ed328274f8a0e1c56c111a1ed900fc75aa3cfb,lupyne,79368723,2013-09-07 21:40:54,+0000,distributed.py,MODIFY,4,4,PythonFiles\lupyne\79368723\c6ed328274f8a0e1c56c111a1ed900fc75aa3cfb\c6ed328274f8a0e1c56c111a1ed900fc75aa3cfb_lupyne_79368723_20130907_144054_before_11.py,PythonFiles\lupyne\79368723\c6ed328274f8a0e1c56c111a1ed900fc75aa3cfb\c6ed328274f8a0e1c56c111a1ed900fc75aa3cfb_lupyne_79368723_20130907_144054_after_11.py
c6ed328274f8a0e1c56c111a1ed900fc75aa3cfb,lupyne,79368723,2013-09-07 21:40:54,+0000,__init__.py,MODIFY,4,4,PythonFiles\lupyne\79368723\c6ed328274f8a0e1c56c111a1ed900fc75aa3cfb\c6ed328274f8a0e1c56c111a1ed900fc75aa3cfb_lupyne_79368723_20130907_144054_before_12.py,PythonFiles\lupyne\79368723\c6ed328274f8a0e1c56c111a1ed900fc75aa3cfb\c6ed328274f8a0e1c56c111a1ed900fc75aa3cfb_lupyne_79368723_20130907_144054_after_12.py
c6ed328274f8a0e1c56c111a1ed900fc75aa3cfb,lupyne,79368723,2013-09-07 21:40:54,+0000,local.py,MODIFY,33,27,PythonFiles\lupyne\79368723\c6ed328274f8a0e1c56c111a1ed900fc75aa3cfb\c6ed328274f8a0e1c56c111a1ed900fc75aa3cfb_lupyne_79368723_20130907_144054_before_13.py,PythonFiles\lupyne\79368723\c6ed328274f8a0e1c56c111a1ed900fc75aa3cfb\c6ed328274f8a0e1c56c111a1ed900fc75aa3cfb_lupyne_79368723_20130907_144054_after_13.py
c6ed328274f8a0e1c56c111a1ed900fc75aa3cfb,lupyne,79368723,2013-09-07 21:40:54,+0000,remote.py,MODIFY,7,6,PythonFiles\lupyne\79368723\c6ed328274f8a0e1c56c111a1ed900fc75aa3cfb\c6ed328274f8a0e1c56c111a1ed900fc75aa3cfb_lupyne_79368723_20130907_144054_before_14.py,PythonFiles\lupyne\79368723\c6ed328274f8a0e1c56c111a1ed900fc75aa3cfb\c6ed328274f8a0e1c56c111a1ed900fc75aa3cfb_lupyne_79368723_20130907_144054_after_14.py
57c2ada4183825f1d54f9ad7dbd632547460def0,lupyne,79368723,2013-09-08 21:10:21,+0000,indexers.py,MODIFY,2,1,PythonFiles\lupyne\79368723\57c2ada4183825f1d54f9ad7dbd632547460def0\57c2ada4183825f1d54f9ad7dbd632547460def0_lupyne_79368723_20130908_141021_before_1.py,PythonFiles\lupyne\79368723\57c2ada4183825f1d54f9ad7dbd632547460def0\57c2ada4183825f1d54f9ad7dbd632547460def0_lupyne_79368723_20130908_141021_after_1.py
57c2ada4183825f1d54f9ad7dbd632547460def0,lupyne,79368723,2013-09-08 21:10:21,+0000,queries.py,MODIFY,7,8,PythonFiles\lupyne\79368723\57c2ada4183825f1d54f9ad7dbd632547460def0\57c2ada4183825f1d54f9ad7dbd632547460def0_lupyne_79368723_20130908_141021_before_2.py,PythonFiles\lupyne\79368723\57c2ada4183825f1d54f9ad7dbd632547460def0\57c2ada4183825f1d54f9ad7dbd632547460def0_lupyne_79368723_20130908_141021_after_2.py
620b64e50660f8ac51a69b80a6393235820348a4,lupyne,79368723,2013-09-29 18:26:04,+0000,indexers.py,MODIFY,11,13,PythonFiles\lupyne\79368723\620b64e50660f8ac51a69b80a6393235820348a4\620b64e50660f8ac51a69b80a6393235820348a4_lupyne_79368723_20130929_112604_before_1.py,PythonFiles\lupyne\79368723\620b64e50660f8ac51a69b80a6393235820348a4\620b64e50660f8ac51a69b80a6393235820348a4_lupyne_79368723_20130929_112604_after_1.py
620b64e50660f8ac51a69b80a6393235820348a4,lupyne,79368723,2013-09-29 18:26:04,+0000,queries.py,MODIFY,12,5,PythonFiles\lupyne\79368723\620b64e50660f8ac51a69b80a6393235820348a4\620b64e50660f8ac51a69b80a6393235820348a4_lupyne_79368723_20130929_112604_before_2.py,PythonFiles\lupyne\79368723\620b64e50660f8ac51a69b80a6393235820348a4\620b64e50660f8ac51a69b80a6393235820348a4_lupyne_79368723_20130929_112604_after_2.py
620b64e50660f8ac51a69b80a6393235820348a4,lupyne,79368723,2013-09-29 18:26:04,+0000,server.py,MODIFY,3,3,PythonFiles\lupyne\79368723\620b64e50660f8ac51a69b80a6393235820348a4\620b64e50660f8ac51a69b80a6393235820348a4_lupyne_79368723_20130929_112604_before_3.py,PythonFiles\lupyne\79368723\620b64e50660f8ac51a69b80a6393235820348a4\620b64e50660f8ac51a69b80a6393235820348a4_lupyne_79368723_20130929_112604_after_3.py
620b64e50660f8ac51a69b80a6393235820348a4,lupyne,79368723,2013-09-29 18:26:04,+0000,local.py,MODIFY,1,1,PythonFiles\lupyne\79368723\620b64e50660f8ac51a69b80a6393235820348a4\620b64e50660f8ac51a69b80a6393235820348a4_lupyne_79368723_20130929_112604_before_4.py,PythonFiles\lupyne\79368723\620b64e50660f8ac51a69b80a6393235820348a4\620b64e50660f8ac51a69b80a6393235820348a4_lupyne_79368723_20130929_112604_after_4.py
620b64e50660f8ac51a69b80a6393235820348a4,lupyne,79368723,2013-09-29 18:26:04,+0000,remote.py,MODIFY,2,0,PythonFiles\lupyne\79368723\620b64e50660f8ac51a69b80a6393235820348a4\620b64e50660f8ac51a69b80a6393235820348a4_lupyne_79368723_20130929_112604_before_5.py,PythonFiles\lupyne\79368723\620b64e50660f8ac51a69b80a6393235820348a4\620b64e50660f8ac51a69b80a6393235820348a4_lupyne_79368723_20130929_112604_after_5.py
f23f96e53ccc61510e6973a4224ba9713aab147d,lupyne,79368723,2013-09-30 00:12:29,+0000,indexers.py,MODIFY,25,12,PythonFiles\lupyne\79368723\f23f96e53ccc61510e6973a4224ba9713aab147d\f23f96e53ccc61510e6973a4224ba9713aab147d_lupyne_79368723_20130929_171229_before_1.py,PythonFiles\lupyne\79368723\f23f96e53ccc61510e6973a4224ba9713aab147d\f23f96e53ccc61510e6973a4224ba9713aab147d_lupyne_79368723_20130929_171229_after_1.py
f23f96e53ccc61510e6973a4224ba9713aab147d,lupyne,79368723,2013-09-30 00:12:29,+0000,local.py,MODIFY,3,0,PythonFiles\lupyne\79368723\f23f96e53ccc61510e6973a4224ba9713aab147d\f23f96e53ccc61510e6973a4224ba9713aab147d_lupyne_79368723_20130929_171229_before_2.py,PythonFiles\lupyne\79368723\f23f96e53ccc61510e6973a4224ba9713aab147d\f23f96e53ccc61510e6973a4224ba9713aab147d_lupyne_79368723_20130929_171229_after_2.py
e1e811c867c3398cb089972895be4bd273c84b2c,lupyne,79368723,2013-10-06 23:29:31,+0000,indexers.py,MODIFY,3,2,PythonFiles\lupyne\79368723\e1e811c867c3398cb089972895be4bd273c84b2c\e1e811c867c3398cb089972895be4bd273c84b2c_lupyne_79368723_20131006_162931_before_1.py,PythonFiles\lupyne\79368723\e1e811c867c3398cb089972895be4bd273c84b2c\e1e811c867c3398cb089972895be4bd273c84b2c_lupyne_79368723_20131006_162931_after_1.py
e1e811c867c3398cb089972895be4bd273c84b2c,lupyne,79368723,2013-10-06 23:29:31,+0000,queries.py,MODIFY,7,5,PythonFiles\lupyne\79368723\e1e811c867c3398cb089972895be4bd273c84b2c\e1e811c867c3398cb089972895be4bd273c84b2c_lupyne_79368723_20131006_162931_before_2.py,PythonFiles\lupyne\79368723\e1e811c867c3398cb089972895be4bd273c84b2c\e1e811c867c3398cb089972895be4bd273c84b2c_lupyne_79368723_20131006_162931_after_2.py
e15308191456ef6f4b47fa923ab30af2ac4f09ac,lupyne,79368723,2013-10-09 03:50:19,+0000,documents.py,MODIFY,39,0,PythonFiles\lupyne\79368723\e15308191456ef6f4b47fa923ab30af2ac4f09ac\e15308191456ef6f4b47fa923ab30af2ac4f09ac_lupyne_79368723_20131008_205019_before_2.py,PythonFiles\lupyne\79368723\e15308191456ef6f4b47fa923ab30af2ac4f09ac\e15308191456ef6f4b47fa923ab30af2ac4f09ac_lupyne_79368723_20131008_205019_after_2.py
e15308191456ef6f4b47fa923ab30af2ac4f09ac,lupyne,79368723,2013-10-09 03:50:19,+0000,indexers.py,MODIFY,2,1,PythonFiles\lupyne\79368723\e15308191456ef6f4b47fa923ab30af2ac4f09ac\e15308191456ef6f4b47fa923ab30af2ac4f09ac_lupyne_79368723_20131008_205019_before_3.py,PythonFiles\lupyne\79368723\e15308191456ef6f4b47fa923ab30af2ac4f09ac\e15308191456ef6f4b47fa923ab30af2ac4f09ac_lupyne_79368723_20131008_205019_after_3.py
e15308191456ef6f4b47fa923ab30af2ac4f09ac,lupyne,79368723,2013-10-09 03:50:19,+0000,local.py,MODIFY,14,1,PythonFiles\lupyne\79368723\e15308191456ef6f4b47fa923ab30af2ac4f09ac\e15308191456ef6f4b47fa923ab30af2ac4f09ac_lupyne_79368723_20131008_205019_before_4.py,PythonFiles\lupyne\79368723\e15308191456ef6f4b47fa923ab30af2ac4f09ac\e15308191456ef6f4b47fa923ab30af2ac4f09ac_lupyne_79368723_20131008_205019_after_4.py
6f5b31707df26ee12f717ed82e6f305b6c8910ef,lupyne,79368723,2013-10-09 04:23:33,+0000,queries.py,MODIFY,2,2,PythonFiles\lupyne\79368723\6f5b31707df26ee12f717ed82e6f305b6c8910ef\6f5b31707df26ee12f717ed82e6f305b6c8910ef_lupyne_79368723_20131008_212333_before_3.py,PythonFiles\lupyne\79368723\6f5b31707df26ee12f717ed82e6f305b6c8910ef\6f5b31707df26ee12f717ed82e6f305b6c8910ef_lupyne_79368723_20131008_212333_after_3.py
6f5b31707df26ee12f717ed82e6f305b6c8910ef,lupyne,79368723,2013-10-09 04:23:33,+0000,sorting.py,MODIFY,1,1,PythonFiles\lupyne\79368723\6f5b31707df26ee12f717ed82e6f305b6c8910ef\6f5b31707df26ee12f717ed82e6f305b6c8910ef_lupyne_79368723_20131008_212333_before_4.py,PythonFiles\lupyne\79368723\6f5b31707df26ee12f717ed82e6f305b6c8910ef\6f5b31707df26ee12f717ed82e6f305b6c8910ef_lupyne_79368723_20131008_212333_after_4.py
6f5b31707df26ee12f717ed82e6f305b6c8910ef,lupyne,79368723,2013-10-09 04:23:33,+0000,indexers.py,MODIFY,2,1,PythonFiles\lupyne\79368723\6f5b31707df26ee12f717ed82e6f305b6c8910ef\6f5b31707df26ee12f717ed82e6f305b6c8910ef_lupyne_79368723_20131008_212333_before_5.py,PythonFiles\lupyne\79368723\6f5b31707df26ee12f717ed82e6f305b6c8910ef\6f5b31707df26ee12f717ed82e6f305b6c8910ef_lupyne_79368723_20131008_212333_after_5.py
6f5b31707df26ee12f717ed82e6f305b6c8910ef,lupyne,79368723,2013-10-09 04:23:33,+0000,queries.py,MODIFY,1,1,PythonFiles\lupyne\79368723\6f5b31707df26ee12f717ed82e6f305b6c8910ef\6f5b31707df26ee12f717ed82e6f305b6c8910ef_lupyne_79368723_20131008_212333_before_6.py,PythonFiles\lupyne\79368723\6f5b31707df26ee12f717ed82e6f305b6c8910ef\6f5b31707df26ee12f717ed82e6f305b6c8910ef_lupyne_79368723_20131008_212333_after_6.py
6f5b31707df26ee12f717ed82e6f305b6c8910ef,lupyne,79368723,2013-10-09 04:23:33,+0000,server.py,MODIFY,1,1,PythonFiles\lupyne\79368723\6f5b31707df26ee12f717ed82e6f305b6c8910ef\6f5b31707df26ee12f717ed82e6f305b6c8910ef_lupyne_79368723_20131008_212333_before_7.py,PythonFiles\lupyne\79368723\6f5b31707df26ee12f717ed82e6f305b6c8910ef\6f5b31707df26ee12f717ed82e6f305b6c8910ef_lupyne_79368723_20131008_212333_after_7.py
6f5b31707df26ee12f717ed82e6f305b6c8910ef,lupyne,79368723,2013-10-09 04:23:33,+0000,setup.py,MODIFY,8,4,PythonFiles\lupyne\79368723\6f5b31707df26ee12f717ed82e6f305b6c8910ef\6f5b31707df26ee12f717ed82e6f305b6c8910ef_lupyne_79368723_20131008_212333_before_8.py,PythonFiles\lupyne\79368723\6f5b31707df26ee12f717ed82e6f305b6c8910ef\6f5b31707df26ee12f717ed82e6f305b6c8910ef_lupyne_79368723_20131008_212333_after_8.py
aeed28c3407e20df78ae5551723f108948332e42,lupyne,79368723,2013-10-13 22:21:30,+0000,documents.py,MODIFY,1,1,PythonFiles\lupyne\79368723\aeed28c3407e20df78ae5551723f108948332e42\aeed28c3407e20df78ae5551723f108948332e42_lupyne_79368723_20131013_152130_before_1.py,PythonFiles\lupyne\79368723\aeed28c3407e20df78ae5551723f108948332e42\aeed28c3407e20df78ae5551723f108948332e42_lupyne_79368723_20131013_152130_after_1.py
aeed28c3407e20df78ae5551723f108948332e42,lupyne,79368723,2013-10-13 22:21:30,+0000,indexers.py,MODIFY,4,1,PythonFiles\lupyne\79368723\aeed28c3407e20df78ae5551723f108948332e42\aeed28c3407e20df78ae5551723f108948332e42_lupyne_79368723_20131013_152130_before_2.py,PythonFiles\lupyne\79368723\aeed28c3407e20df78ae5551723f108948332e42\aeed28c3407e20df78ae5551723f108948332e42_lupyne_79368723_20131013_152130_after_2.py
aeed28c3407e20df78ae5551723f108948332e42,lupyne,79368723,2013-10-13 22:21:30,+0000,local.py,MODIFY,1,3,PythonFiles\lupyne\79368723\aeed28c3407e20df78ae5551723f108948332e42\aeed28c3407e20df78ae5551723f108948332e42_lupyne_79368723_20131013_152130_before_3.py,PythonFiles\lupyne\79368723\aeed28c3407e20df78ae5551723f108948332e42\aeed28c3407e20df78ae5551723f108948332e42_lupyne_79368723_20131013_152130_after_3.py
9cc9afbaabf74d831d7f8e2194ccc89b3da3aef4,lupyne,79368723,2013-11-05 04:10:19,+0000,__init__.py,MODIFY,1,1,PythonFiles\lupyne\79368723\9cc9afbaabf74d831d7f8e2194ccc89b3da3aef4\9cc9afbaabf74d831d7f8e2194ccc89b3da3aef4_lupyne_79368723_20131104_201019_before_1.py,PythonFiles\lupyne\79368723\9cc9afbaabf74d831d7f8e2194ccc89b3da3aef4\9cc9afbaabf74d831d7f8e2194ccc89b3da3aef4_lupyne_79368723_20131104_201019_after_1.py
9cc9afbaabf74d831d7f8e2194ccc89b3da3aef4,lupyne,79368723,2013-11-05 04:10:19,+0000,setup.py,MODIFY,1,1,PythonFiles\lupyne\79368723\9cc9afbaabf74d831d7f8e2194ccc89b3da3aef4\9cc9afbaabf74d831d7f8e2194ccc89b3da3aef4_lupyne_79368723_20131104_201019_before_2.py,PythonFiles\lupyne\79368723\9cc9afbaabf74d831d7f8e2194ccc89b3da3aef4\9cc9afbaabf74d831d7f8e2194ccc89b3da3aef4_lupyne_79368723_20131104_201019_after_2.py
5c826efabfcb86f61f97819a9e1c5f2bf3cb1762,lupyne,79368723,2013-11-06 02:57:29,+0000,__init__.py,MODIFY,1,1,PythonFiles\lupyne\79368723\5c826efabfcb86f61f97819a9e1c5f2bf3cb1762\5c826efabfcb86f61f97819a9e1c5f2bf3cb1762_lupyne_79368723_20131105_185729_before_2.py,PythonFiles\lupyne\79368723\5c826efabfcb86f61f97819a9e1c5f2bf3cb1762\5c826efabfcb86f61f97819a9e1c5f2bf3cb1762_lupyne_79368723_20131105_185729_after_2.py
3e868c5fbcf6f7b772bffb9b26c84fde6bbdb2b0,lupyne,79368723,2013-11-10 23:48:06,+0000,__init__.py,MODIFY,3,3,PythonFiles\lupyne\79368723\3e868c5fbcf6f7b772bffb9b26c84fde6bbdb2b0\3e868c5fbcf6f7b772bffb9b26c84fde6bbdb2b0_lupyne_79368723_20131110_154806_before_2.py,PythonFiles\lupyne\79368723\3e868c5fbcf6f7b772bffb9b26c84fde6bbdb2b0\3e868c5fbcf6f7b772bffb9b26c84fde6bbdb2b0_lupyne_79368723_20131110_154806_after_2.py
3e868c5fbcf6f7b772bffb9b26c84fde6bbdb2b0,lupyne,79368723,2013-11-10 23:48:06,+0000,documents.py,MODIFY,1,76,PythonFiles\lupyne\79368723\3e868c5fbcf6f7b772bffb9b26c84fde6bbdb2b0\3e868c5fbcf6f7b772bffb9b26c84fde6bbdb2b0_lupyne_79368723_20131110_154806_before_3.py,PythonFiles\lupyne\79368723\3e868c5fbcf6f7b772bffb9b26c84fde6bbdb2b0\3e868c5fbcf6f7b772bffb9b26c84fde6bbdb2b0_lupyne_79368723_20131110_154806_after_3.py
3e868c5fbcf6f7b772bffb9b26c84fde6bbdb2b0,lupyne,79368723,2013-11-10 23:48:06,+0000,indexers.py,MODIFY,14,30,PythonFiles\lupyne\79368723\3e868c5fbcf6f7b772bffb9b26c84fde6bbdb2b0\3e868c5fbcf6f7b772bffb9b26c84fde6bbdb2b0_lupyne_79368723_20131110_154806_before_4.py,PythonFiles\lupyne\79368723\3e868c5fbcf6f7b772bffb9b26c84fde6bbdb2b0\3e868c5fbcf6f7b772bffb9b26c84fde6bbdb2b0_lupyne_79368723_20131110_154806_after_4.py
3e868c5fbcf6f7b772bffb9b26c84fde6bbdb2b0,lupyne,79368723,2013-11-10 23:48:06,+0000,server.py,MODIFY,19,33,PythonFiles\lupyne\79368723\3e868c5fbcf6f7b772bffb9b26c84fde6bbdb2b0\3e868c5fbcf6f7b772bffb9b26c84fde6bbdb2b0_lupyne_79368723_20131110_154806_before_5.py,PythonFiles\lupyne\79368723\3e868c5fbcf6f7b772bffb9b26c84fde6bbdb2b0\3e868c5fbcf6f7b772bffb9b26c84fde6bbdb2b0_lupyne_79368723_20131110_154806_after_5.py
3e868c5fbcf6f7b772bffb9b26c84fde6bbdb2b0,lupyne,79368723,2013-11-10 23:48:06,+0000,local.py,MODIFY,13,30,PythonFiles\lupyne\79368723\3e868c5fbcf6f7b772bffb9b26c84fde6bbdb2b0\3e868c5fbcf6f7b772bffb9b26c84fde6bbdb2b0_lupyne_79368723_20131110_154806_before_6.py,PythonFiles\lupyne\79368723\3e868c5fbcf6f7b772bffb9b26c84fde6bbdb2b0\3e868c5fbcf6f7b772bffb9b26c84fde6bbdb2b0_lupyne_79368723_20131110_154806_after_6.py
3e868c5fbcf6f7b772bffb9b26c84fde6bbdb2b0,lupyne,79368723,2013-11-10 23:48:06,+0000,remote.py,MODIFY,7,13,PythonFiles\lupyne\79368723\3e868c5fbcf6f7b772bffb9b26c84fde6bbdb2b0\3e868c5fbcf6f7b772bffb9b26c84fde6bbdb2b0_lupyne_79368723_20131110_154806_before_7.py,PythonFiles\lupyne\79368723\3e868c5fbcf6f7b772bffb9b26c84fde6bbdb2b0\3e868c5fbcf6f7b772bffb9b26c84fde6bbdb2b0_lupyne_79368723_20131110_154806_after_7.py
9511fac5371ac3d55d4b5d7f536c14f22261b0b6,lupyne,79368723,2013-11-11 00:22:07,+0000,setup.py,MODIFY,1,0,PythonFiles\lupyne\79368723\9511fac5371ac3d55d4b5d7f536c14f22261b0b6\9511fac5371ac3d55d4b5d7f536c14f22261b0b6_lupyne_79368723_20131110_162207_before_3.py,PythonFiles\lupyne\79368723\9511fac5371ac3d55d4b5d7f536c14f22261b0b6\9511fac5371ac3d55d4b5d7f536c14f22261b0b6_lupyne_79368723_20131110_162207_after_3.py
77e076caad7b8ff9579d1777ffff96dd3770694b,lupyne,79368723,2014-02-06 03:26:57,+0000,indexers.py,MODIFY,15,28,PythonFiles\lupyne\79368723\77e076caad7b8ff9579d1777ffff96dd3770694b\77e076caad7b8ff9579d1777ffff96dd3770694b_lupyne_79368723_20140205_192657_before_1.py,PythonFiles\lupyne\79368723\77e076caad7b8ff9579d1777ffff96dd3770694b\77e076caad7b8ff9579d1777ffff96dd3770694b_lupyne_79368723_20140205_192657_after_1.py
77e076caad7b8ff9579d1777ffff96dd3770694b,lupyne,79368723,2014-02-06 03:26:57,+0000,queries.py,MODIFY,3,5,PythonFiles\lupyne\79368723\77e076caad7b8ff9579d1777ffff96dd3770694b\77e076caad7b8ff9579d1777ffff96dd3770694b_lupyne_79368723_20140205_192657_before_2.py,PythonFiles\lupyne\79368723\77e076caad7b8ff9579d1777ffff96dd3770694b\77e076caad7b8ff9579d1777ffff96dd3770694b_lupyne_79368723_20140205_192657_after_2.py
77e076caad7b8ff9579d1777ffff96dd3770694b,lupyne,79368723,2014-02-06 03:26:57,+0000,server.py,MODIFY,14,16,PythonFiles\lupyne\79368723\77e076caad7b8ff9579d1777ffff96dd3770694b\77e076caad7b8ff9579d1777ffff96dd3770694b_lupyne_79368723_20140205_192657_before_3.py,PythonFiles\lupyne\79368723\77e076caad7b8ff9579d1777ffff96dd3770694b\77e076caad7b8ff9579d1777ffff96dd3770694b_lupyne_79368723_20140205_192657_after_3.py
77e076caad7b8ff9579d1777ffff96dd3770694b,lupyne,79368723,2014-02-06 03:26:57,+0000,local.py,MODIFY,9,12,PythonFiles\lupyne\79368723\77e076caad7b8ff9579d1777ffff96dd3770694b\77e076caad7b8ff9579d1777ffff96dd3770694b_lupyne_79368723_20140205_192657_before_4.py,PythonFiles\lupyne\79368723\77e076caad7b8ff9579d1777ffff96dd3770694b\77e076caad7b8ff9579d1777ffff96dd3770694b_lupyne_79368723_20140205_192657_after_4.py
77e076caad7b8ff9579d1777ffff96dd3770694b,lupyne,79368723,2014-02-06 03:26:57,+0000,remote.py,MODIFY,2,2,PythonFiles\lupyne\79368723\77e076caad7b8ff9579d1777ffff96dd3770694b\77e076caad7b8ff9579d1777ffff96dd3770694b_lupyne_79368723_20140205_192657_before_5.py,PythonFiles\lupyne\79368723\77e076caad7b8ff9579d1777ffff96dd3770694b\77e076caad7b8ff9579d1777ffff96dd3770694b_lupyne_79368723_20140205_192657_after_5.py
6a409fea8cd5954b927f62159a7680f9c1bb9ade,lupyne,79368723,2014-02-06 03:39:21,+0000,conf.py,MODIFY,1,1,PythonFiles\lupyne\79368723\6a409fea8cd5954b927f62159a7680f9c1bb9ade\6a409fea8cd5954b927f62159a7680f9c1bb9ade_lupyne_79368723_20140205_193921_before_3.py,PythonFiles\lupyne\79368723\6a409fea8cd5954b927f62159a7680f9c1bb9ade\6a409fea8cd5954b927f62159a7680f9c1bb9ade_lupyne_79368723_20140205_193921_after_3.py
6a409fea8cd5954b927f62159a7680f9c1bb9ade,lupyne,79368723,2014-02-06 03:39:21,+0000,setup.py,MODIFY,3,11,PythonFiles\lupyne\79368723\6a409fea8cd5954b927f62159a7680f9c1bb9ade\6a409fea8cd5954b927f62159a7680f9c1bb9ade_lupyne_79368723_20140205_193921_before_4.py,PythonFiles\lupyne\79368723\6a409fea8cd5954b927f62159a7680f9c1bb9ade\6a409fea8cd5954b927f62159a7680f9c1bb9ade_lupyne_79368723_20140205_193921_after_4.py
fe6d9fbf4e4d891f47ac40245cfcf157afc79e2a,lupyne,79368723,2014-02-19 02:36:46,+0000,__init__.py,MODIFY,1,1,PythonFiles\lupyne\79368723\fe6d9fbf4e4d891f47ac40245cfcf157afc79e2a\fe6d9fbf4e4d891f47ac40245cfcf157afc79e2a_lupyne_79368723_20140218_183646_before_2.py,PythonFiles\lupyne\79368723\fe6d9fbf4e4d891f47ac40245cfcf157afc79e2a\fe6d9fbf4e4d891f47ac40245cfcf157afc79e2a_lupyne_79368723_20140218_183646_after_2.py
fe6d9fbf4e4d891f47ac40245cfcf157afc79e2a,lupyne,79368723,2014-02-19 02:36:46,+0000,documents.py,MODIFY,16,2,PythonFiles\lupyne\79368723\fe6d9fbf4e4d891f47ac40245cfcf157afc79e2a\fe6d9fbf4e4d891f47ac40245cfcf157afc79e2a_lupyne_79368723_20140218_183646_before_3.py,PythonFiles\lupyne\79368723\fe6d9fbf4e4d891f47ac40245cfcf157afc79e2a\fe6d9fbf4e4d891f47ac40245cfcf157afc79e2a_lupyne_79368723_20140218_183646_after_3.py
fe6d9fbf4e4d891f47ac40245cfcf157afc79e2a,lupyne,79368723,2014-02-19 02:36:46,+0000,local.py,MODIFY,4,0,PythonFiles\lupyne\79368723\fe6d9fbf4e4d891f47ac40245cfcf157afc79e2a\fe6d9fbf4e4d891f47ac40245cfcf157afc79e2a_lupyne_79368723_20140218_183646_before_4.py,PythonFiles\lupyne\79368723\fe6d9fbf4e4d891f47ac40245cfcf157afc79e2a\fe6d9fbf4e4d891f47ac40245cfcf157afc79e2a_lupyne_79368723_20140218_183646_after_4.py
bcf2db8318df8904fff4cdb2f33a5a911d3e0028,lupyne,79368723,2014-03-22 02:10:39,+0000,server.py,MODIFY,8,2,PythonFiles\lupyne\79368723\bcf2db8318df8904fff4cdb2f33a5a911d3e0028\bcf2db8318df8904fff4cdb2f33a5a911d3e0028_lupyne_79368723_20140321_191039_before_1.py,PythonFiles\lupyne\79368723\bcf2db8318df8904fff4cdb2f33a5a911d3e0028\bcf2db8318df8904fff4cdb2f33a5a911d3e0028_lupyne_79368723_20140321_191039_after_1.py
501d4b8ef8c8ea66065adf0653358466926720e7,lupyne,79368723,2014-03-22 21:27:44,+0000,documents.py,MODIFY,1,1,PythonFiles\lupyne\79368723\501d4b8ef8c8ea66065adf0653358466926720e7\501d4b8ef8c8ea66065adf0653358466926720e7_lupyne_79368723_20140322_142744_before_1.py,PythonFiles\lupyne\79368723\501d4b8ef8c8ea66065adf0653358466926720e7\501d4b8ef8c8ea66065adf0653358466926720e7_lupyne_79368723_20140322_142744_after_1.py
501d4b8ef8c8ea66065adf0653358466926720e7,lupyne,79368723,2014-03-22 21:27:44,+0000,indexers.py,MODIFY,4,4,PythonFiles\lupyne\79368723\501d4b8ef8c8ea66065adf0653358466926720e7\501d4b8ef8c8ea66065adf0653358466926720e7_lupyne_79368723_20140322_142744_before_2.py,PythonFiles\lupyne\79368723\501d4b8ef8c8ea66065adf0653358466926720e7\501d4b8ef8c8ea66065adf0653358466926720e7_lupyne_79368723_20140322_142744_after_2.py
501d4b8ef8c8ea66065adf0653358466926720e7,lupyne,79368723,2014-03-22 21:27:44,+0000,queries.py,MODIFY,10,0,PythonFiles\lupyne\79368723\501d4b8ef8c8ea66065adf0653358466926720e7\501d4b8ef8c8ea66065adf0653358466926720e7_lupyne_79368723_20140322_142744_before_3.py,PythonFiles\lupyne\79368723\501d4b8ef8c8ea66065adf0653358466926720e7\501d4b8ef8c8ea66065adf0653358466926720e7_lupyne_79368723_20140322_142744_after_3.py
501d4b8ef8c8ea66065adf0653358466926720e7,lupyne,79368723,2014-03-22 21:27:44,+0000,server.py,MODIFY,1,2,PythonFiles\lupyne\79368723\501d4b8ef8c8ea66065adf0653358466926720e7\501d4b8ef8c8ea66065adf0653358466926720e7_lupyne_79368723_20140322_142744_before_4.py,PythonFiles\lupyne\79368723\501d4b8ef8c8ea66065adf0653358466926720e7\501d4b8ef8c8ea66065adf0653358466926720e7_lupyne_79368723_20140322_142744_after_4.py
501d4b8ef8c8ea66065adf0653358466926720e7,lupyne,79368723,2014-03-22 21:27:44,+0000,local.py,MODIFY,5,2,PythonFiles\lupyne\79368723\501d4b8ef8c8ea66065adf0653358466926720e7\501d4b8ef8c8ea66065adf0653358466926720e7_lupyne_79368723_20140322_142744_before_5.py,PythonFiles\lupyne\79368723\501d4b8ef8c8ea66065adf0653358466926720e7\501d4b8ef8c8ea66065adf0653358466926720e7_lupyne_79368723_20140322_142744_after_5.py
bf6d5406b95b78ea57badddd92dabe9b71192f05,lupyne,79368723,2014-03-25 00:51:21,+0000,__main__.py,MODIFY,1,1,PythonFiles\lupyne\79368723\bf6d5406b95b78ea57badddd92dabe9b71192f05\bf6d5406b95b78ea57badddd92dabe9b71192f05_lupyne_79368723_20140324_175121_before_3.py,PythonFiles\lupyne\79368723\bf6d5406b95b78ea57badddd92dabe9b71192f05\bf6d5406b95b78ea57badddd92dabe9b71192f05_lupyne_79368723_20140324_175121_after_3.py
bf6d5406b95b78ea57badddd92dabe9b71192f05,lupyne,79368723,2014-03-25 00:51:21,+0000,grouping.py,ADD,49,0,,PythonFiles\lupyne\79368723\bf6d5406b95b78ea57badddd92dabe9b71192f05\bf6d5406b95b78ea57badddd92dabe9b71192f05_lupyne_79368723_20140324_175121_after_4.py
bf6d5406b95b78ea57badddd92dabe9b71192f05,lupyne,79368723,2014-03-25 00:51:21,+0000,documents.py,MODIFY,33,16,PythonFiles\lupyne\79368723\bf6d5406b95b78ea57badddd92dabe9b71192f05\bf6d5406b95b78ea57badddd92dabe9b71192f05_lupyne_79368723_20140324_175121_before_5.py,PythonFiles\lupyne\79368723\bf6d5406b95b78ea57badddd92dabe9b71192f05\bf6d5406b95b78ea57badddd92dabe9b71192f05_lupyne_79368723_20140324_175121_after_5.py
bf6d5406b95b78ea57badddd92dabe9b71192f05,lupyne,79368723,2014-03-25 00:51:21,+0000,indexers.py,MODIFY,4,4,PythonFiles\lupyne\79368723\bf6d5406b95b78ea57badddd92dabe9b71192f05\bf6d5406b95b78ea57badddd92dabe9b71192f05_lupyne_79368723_20140324_175121_before_6.py,PythonFiles\lupyne\79368723\bf6d5406b95b78ea57badddd92dabe9b71192f05\bf6d5406b95b78ea57badddd92dabe9b71192f05_lupyne_79368723_20140324_175121_after_6.py
bf6d5406b95b78ea57badddd92dabe9b71192f05,lupyne,79368723,2014-03-25 00:51:21,+0000,server.py,MODIFY,22,14,PythonFiles\lupyne\79368723\bf6d5406b95b78ea57badddd92dabe9b71192f05\bf6d5406b95b78ea57badddd92dabe9b71192f05_lupyne_79368723_20140324_175121_before_7.py,PythonFiles\lupyne\79368723\bf6d5406b95b78ea57badddd92dabe9b71192f05\bf6d5406b95b78ea57badddd92dabe9b71192f05_lupyne_79368723_20140324_175121_after_7.py
bf6d5406b95b78ea57badddd92dabe9b71192f05,lupyne,79368723,2014-03-25 00:51:21,+0000,local.py,MODIFY,4,6,PythonFiles\lupyne\79368723\bf6d5406b95b78ea57badddd92dabe9b71192f05\bf6d5406b95b78ea57badddd92dabe9b71192f05_lupyne_79368723_20140324_175121_before_8.py,PythonFiles\lupyne\79368723\bf6d5406b95b78ea57badddd92dabe9b71192f05\bf6d5406b95b78ea57badddd92dabe9b71192f05_lupyne_79368723_20140324_175121_after_8.py
bf6d5406b95b78ea57badddd92dabe9b71192f05,lupyne,79368723,2014-03-25 00:51:21,+0000,remote.py,MODIFY,5,5,PythonFiles\lupyne\79368723\bf6d5406b95b78ea57badddd92dabe9b71192f05\bf6d5406b95b78ea57badddd92dabe9b71192f05_lupyne_79368723_20140324_175121_before_9.py,PythonFiles\lupyne\79368723\bf6d5406b95b78ea57badddd92dabe9b71192f05\bf6d5406b95b78ea57badddd92dabe9b71192f05_lupyne_79368723_20140324_175121_after_9.py
c1d7234c1c513e16272d6834b6bc89464825a153,lupyne,79368723,2014-04-06 01:35:12,+0000,__init__.py,MODIFY,2,2,PythonFiles\lupyne\79368723\c1d7234c1c513e16272d6834b6bc89464825a153\c1d7234c1c513e16272d6834b6bc89464825a153_lupyne_79368723_20140405_183512_before_2.py,PythonFiles\lupyne\79368723\c1d7234c1c513e16272d6834b6bc89464825a153\c1d7234c1c513e16272d6834b6bc89464825a153_lupyne_79368723_20140405_183512_after_2.py
c1d7234c1c513e16272d6834b6bc89464825a153,lupyne,79368723,2014-04-06 01:35:12,+0000,indexers.py,MODIFY,2,3,PythonFiles\lupyne\79368723\c1d7234c1c513e16272d6834b6bc89464825a153\c1d7234c1c513e16272d6834b6bc89464825a153_lupyne_79368723_20140405_183512_before_3.py,PythonFiles\lupyne\79368723\c1d7234c1c513e16272d6834b6bc89464825a153\c1d7234c1c513e16272d6834b6bc89464825a153_lupyne_79368723_20140405_183512_after_3.py
c1d7234c1c513e16272d6834b6bc89464825a153,lupyne,79368723,2014-04-06 01:35:12,+0000,distributed.py,MODIFY,1,1,PythonFiles\lupyne\79368723\c1d7234c1c513e16272d6834b6bc89464825a153\c1d7234c1c513e16272d6834b6bc89464825a153_lupyne_79368723_20140405_183512_before_4.py,PythonFiles\lupyne\79368723\c1d7234c1c513e16272d6834b6bc89464825a153\c1d7234c1c513e16272d6834b6bc89464825a153_lupyne_79368723_20140405_183512_after_4.py
c1d7234c1c513e16272d6834b6bc89464825a153,lupyne,79368723,2014-04-06 01:35:12,+0000,local.py,MODIFY,4,6,PythonFiles\lupyne\79368723\c1d7234c1c513e16272d6834b6bc89464825a153\c1d7234c1c513e16272d6834b6bc89464825a153_lupyne_79368723_20140405_183512_before_5.py,PythonFiles\lupyne\79368723\c1d7234c1c513e16272d6834b6bc89464825a153\c1d7234c1c513e16272d6834b6bc89464825a153_lupyne_79368723_20140405_183512_after_5.py
c1d7234c1c513e16272d6834b6bc89464825a153,lupyne,79368723,2014-04-06 01:35:12,+0000,remote.py,MODIFY,5,1,PythonFiles\lupyne\79368723\c1d7234c1c513e16272d6834b6bc89464825a153\c1d7234c1c513e16272d6834b6bc89464825a153_lupyne_79368723_20140405_183512_before_6.py,PythonFiles\lupyne\79368723\c1d7234c1c513e16272d6834b6bc89464825a153\c1d7234c1c513e16272d6834b6bc89464825a153_lupyne_79368723_20140405_183512_after_6.py
06d71b576b000ec09a6720d877df0a1f066af0b4,lupyne,79368723,2014-04-06 01:51:33,+0000,indexers.py,MODIFY,1,1,PythonFiles\lupyne\79368723\06d71b576b000ec09a6720d877df0a1f066af0b4\06d71b576b000ec09a6720d877df0a1f066af0b4_lupyne_79368723_20140405_185133_before_3.py,PythonFiles\lupyne\79368723\06d71b576b000ec09a6720d877df0a1f066af0b4\06d71b576b000ec09a6720d877df0a1f066af0b4_lupyne_79368723_20140405_185133_after_3.py
06d71b576b000ec09a6720d877df0a1f066af0b4,lupyne,79368723,2014-04-06 01:51:33,+0000,indexers.py,MODIFY,1,1,PythonFiles\lupyne\79368723\06d71b576b000ec09a6720d877df0a1f066af0b4\06d71b576b000ec09a6720d877df0a1f066af0b4_lupyne_79368723_20140405_185133_before_4.py,PythonFiles\lupyne\79368723\06d71b576b000ec09a6720d877df0a1f066af0b4\06d71b576b000ec09a6720d877df0a1f066af0b4_lupyne_79368723_20140405_185133_after_4.py
06d71b576b000ec09a6720d877df0a1f066af0b4,lupyne,79368723,2014-04-06 01:51:33,+0000,server.py,MODIFY,3,3,PythonFiles\lupyne\79368723\06d71b576b000ec09a6720d877df0a1f066af0b4\06d71b576b000ec09a6720d877df0a1f066af0b4_lupyne_79368723_20140405_185133_before_5.py,PythonFiles\lupyne\79368723\06d71b576b000ec09a6720d877df0a1f066af0b4\06d71b576b000ec09a6720d877df0a1f066af0b4_lupyne_79368723_20140405_185133_after_5.py
06d71b576b000ec09a6720d877df0a1f066af0b4,lupyne,79368723,2014-04-06 01:51:33,+0000,setup.py,MODIFY,9,1,PythonFiles\lupyne\79368723\06d71b576b000ec09a6720d877df0a1f066af0b4\06d71b576b000ec09a6720d877df0a1f066af0b4_lupyne_79368723_20140405_185133_before_6.py,PythonFiles\lupyne\79368723\06d71b576b000ec09a6720d877df0a1f066af0b4\06d71b576b000ec09a6720d877df0a1f066af0b4_lupyne_79368723_20140405_185133_after_6.py
a88c02e104b62661f2d6dea2ed10af8e3efc7d05,lupyne,79368723,2014-04-29 00:16:40,+0000,__init__.py,MODIFY,1,1,PythonFiles\lupyne\79368723\a88c02e104b62661f2d6dea2ed10af8e3efc7d05\a88c02e104b62661f2d6dea2ed10af8e3efc7d05_lupyne_79368723_20140428_171640_before_2.py,PythonFiles\lupyne\79368723\a88c02e104b62661f2d6dea2ed10af8e3efc7d05\a88c02e104b62661f2d6dea2ed10af8e3efc7d05_lupyne_79368723_20140428_171640_after_2.py
a88c02e104b62661f2d6dea2ed10af8e3efc7d05,lupyne,79368723,2014-04-29 00:16:40,+0000,setup.py,MODIFY,1,1,PythonFiles\lupyne\79368723\a88c02e104b62661f2d6dea2ed10af8e3efc7d05\a88c02e104b62661f2d6dea2ed10af8e3efc7d05_lupyne_79368723_20140428_171640_before_3.py,PythonFiles\lupyne\79368723\a88c02e104b62661f2d6dea2ed10af8e3efc7d05\a88c02e104b62661f2d6dea2ed10af8e3efc7d05_lupyne_79368723_20140428_171640_after_3.py
5059a3602f6002ad7c9eab9fa86bd447d086ecfd,lupyne,79368723,2014-04-29 00:54:43,+0000,__init__.py,MODIFY,1,1,PythonFiles\lupyne\79368723\5059a3602f6002ad7c9eab9fa86bd447d086ecfd\5059a3602f6002ad7c9eab9fa86bd447d086ecfd_lupyne_79368723_20140428_175443_before_2.py,PythonFiles\lupyne\79368723\5059a3602f6002ad7c9eab9fa86bd447d086ecfd\5059a3602f6002ad7c9eab9fa86bd447d086ecfd_lupyne_79368723_20140428_175443_after_2.py
2959cec8c37b15b15bb7de220cd2ca4f6b2316dc,lupyne,79368723,2014-05-03 22:08:11,+0000,client.py,MODIFY,1,1,PythonFiles\lupyne\79368723\2959cec8c37b15b15bb7de220cd2ca4f6b2316dc\2959cec8c37b15b15bb7de220cd2ca4f6b2316dc_lupyne_79368723_20140503_150811_before_2.py,PythonFiles\lupyne\79368723\2959cec8c37b15b15bb7de220cd2ca4f6b2316dc\2959cec8c37b15b15bb7de220cd2ca4f6b2316dc_lupyne_79368723_20140503_150811_after_2.py
2959cec8c37b15b15bb7de220cd2ca4f6b2316dc,lupyne,79368723,2014-05-03 22:08:11,+0000,__init__.py,MODIFY,3,3,PythonFiles\lupyne\79368723\2959cec8c37b15b15bb7de220cd2ca4f6b2316dc\2959cec8c37b15b15bb7de220cd2ca4f6b2316dc_lupyne_79368723_20140503_150811_before_3.py,PythonFiles\lupyne\79368723\2959cec8c37b15b15bb7de220cd2ca4f6b2316dc\2959cec8c37b15b15bb7de220cd2ca4f6b2316dc_lupyne_79368723_20140503_150811_after_3.py
2959cec8c37b15b15bb7de220cd2ca4f6b2316dc,lupyne,79368723,2014-05-03 22:08:11,+0000,indexers.py,MODIFY,3,5,PythonFiles\lupyne\79368723\2959cec8c37b15b15bb7de220cd2ca4f6b2316dc\2959cec8c37b15b15bb7de220cd2ca4f6b2316dc_lupyne_79368723_20140503_150811_before_4.py,PythonFiles\lupyne\79368723\2959cec8c37b15b15bb7de220cd2ca4f6b2316dc\2959cec8c37b15b15bb7de220cd2ca4f6b2316dc_lupyne_79368723_20140503_150811_after_4.py
2959cec8c37b15b15bb7de220cd2ca4f6b2316dc,lupyne,79368723,2014-05-03 22:08:11,+0000,local.py,MODIFY,2,2,PythonFiles\lupyne\79368723\2959cec8c37b15b15bb7de220cd2ca4f6b2316dc\2959cec8c37b15b15bb7de220cd2ca4f6b2316dc_lupyne_79368723_20140503_150811_before_5.py,PythonFiles\lupyne\79368723\2959cec8c37b15b15bb7de220cd2ca4f6b2316dc\2959cec8c37b15b15bb7de220cd2ca4f6b2316dc_lupyne_79368723_20140503_150811_after_5.py
dd0a319ffa04b421dcdf5a3492d4a19fb29d68cf,lupyne,79368723,2014-07-03 01:44:34,+0000,indexers.py,MODIFY,12,14,PythonFiles\lupyne\79368723\dd0a319ffa04b421dcdf5a3492d4a19fb29d68cf\dd0a319ffa04b421dcdf5a3492d4a19fb29d68cf_lupyne_79368723_20140702_184434_before_1.py,PythonFiles\lupyne\79368723\dd0a319ffa04b421dcdf5a3492d4a19fb29d68cf\dd0a319ffa04b421dcdf5a3492d4a19fb29d68cf_lupyne_79368723_20140702_184434_after_1.py
dd0a319ffa04b421dcdf5a3492d4a19fb29d68cf,lupyne,79368723,2014-07-03 01:44:34,+0000,local.py,MODIFY,17,12,PythonFiles\lupyne\79368723\dd0a319ffa04b421dcdf5a3492d4a19fb29d68cf\dd0a319ffa04b421dcdf5a3492d4a19fb29d68cf_lupyne_79368723_20140702_184434_before_2.py,PythonFiles\lupyne\79368723\dd0a319ffa04b421dcdf5a3492d4a19fb29d68cf\dd0a319ffa04b421dcdf5a3492d4a19fb29d68cf_lupyne_79368723_20140702_184434_after_2.py
fb3ae554a790e0c0f9bd1ba4fe7fa6025a2a7b5e,lupyne,79368723,2014-07-03 01:56:15,+0000,indexers.py,MODIFY,19,17,PythonFiles\lupyne\79368723\fb3ae554a790e0c0f9bd1ba4fe7fa6025a2a7b5e\fb3ae554a790e0c0f9bd1ba4fe7fa6025a2a7b5e_lupyne_79368723_20140702_185615_before_1.py,PythonFiles\lupyne\79368723\fb3ae554a790e0c0f9bd1ba4fe7fa6025a2a7b5e\fb3ae554a790e0c0f9bd1ba4fe7fa6025a2a7b5e_lupyne_79368723_20140702_185615_after_1.py
58f00314e35739abd98e516443403b8f3fcab5d6,lupyne,79368723,2014-07-06 18:22:20,+0000,indexers.py,MODIFY,14,3,PythonFiles\lupyne\79368723\58f00314e35739abd98e516443403b8f3fcab5d6\58f00314e35739abd98e516443403b8f3fcab5d6_lupyne_79368723_20140706_112220_before_1.py,PythonFiles\lupyne\79368723\58f00314e35739abd98e516443403b8f3fcab5d6\58f00314e35739abd98e516443403b8f3fcab5d6_lupyne_79368723_20140706_112220_after_1.py
58f00314e35739abd98e516443403b8f3fcab5d6,lupyne,79368723,2014-07-06 18:22:20,+0000,queries.py,MODIFY,2,0,PythonFiles\lupyne\79368723\58f00314e35739abd98e516443403b8f3fcab5d6\58f00314e35739abd98e516443403b8f3fcab5d6_lupyne_79368723_20140706_112220_before_2.py,PythonFiles\lupyne\79368723\58f00314e35739abd98e516443403b8f3fcab5d6\58f00314e35739abd98e516443403b8f3fcab5d6_lupyne_79368723_20140706_112220_after_2.py
58f00314e35739abd98e516443403b8f3fcab5d6,lupyne,79368723,2014-07-06 18:22:20,+0000,local.py,MODIFY,25,4,PythonFiles\lupyne\79368723\58f00314e35739abd98e516443403b8f3fcab5d6\58f00314e35739abd98e516443403b8f3fcab5d6_lupyne_79368723_20140706_112220_before_3.py,PythonFiles\lupyne\79368723\58f00314e35739abd98e516443403b8f3fcab5d6\58f00314e35739abd98e516443403b8f3fcab5d6_lupyne_79368723_20140706_112220_after_3.py
99d62ccb5013add0ff2e7339ff853e47211867da,lupyne,79368723,2014-07-08 01:06:58,+0000,sorting.py,MODIFY,5,2,PythonFiles\lupyne\79368723\99d62ccb5013add0ff2e7339ff853e47211867da\99d62ccb5013add0ff2e7339ff853e47211867da_lupyne_79368723_20140707_180658_before_2.py,PythonFiles\lupyne\79368723\99d62ccb5013add0ff2e7339ff853e47211867da\99d62ccb5013add0ff2e7339ff853e47211867da_lupyne_79368723_20140707_180658_after_2.py
99d62ccb5013add0ff2e7339ff853e47211867da,lupyne,79368723,2014-07-08 01:06:58,+0000,__init__.py,MODIFY,2,2,PythonFiles\lupyne\79368723\99d62ccb5013add0ff2e7339ff853e47211867da\99d62ccb5013add0ff2e7339ff853e47211867da_lupyne_79368723_20140707_180658_before_3.py,PythonFiles\lupyne\79368723\99d62ccb5013add0ff2e7339ff853e47211867da\99d62ccb5013add0ff2e7339ff853e47211867da_lupyne_79368723_20140707_180658_after_3.py
99d62ccb5013add0ff2e7339ff853e47211867da,lupyne,79368723,2014-07-08 01:06:58,+0000,queries.py,MODIFY,16,9,PythonFiles\lupyne\79368723\99d62ccb5013add0ff2e7339ff853e47211867da\99d62ccb5013add0ff2e7339ff853e47211867da_lupyne_79368723_20140707_180658_before_4.py,PythonFiles\lupyne\79368723\99d62ccb5013add0ff2e7339ff853e47211867da\99d62ccb5013add0ff2e7339ff853e47211867da_lupyne_79368723_20140707_180658_after_4.py
99d62ccb5013add0ff2e7339ff853e47211867da,lupyne,79368723,2014-07-08 01:06:58,+0000,remote.py,MODIFY,2,2,PythonFiles\lupyne\79368723\99d62ccb5013add0ff2e7339ff853e47211867da\99d62ccb5013add0ff2e7339ff853e47211867da_lupyne_79368723_20140707_180658_before_5.py,PythonFiles\lupyne\79368723\99d62ccb5013add0ff2e7339ff853e47211867da\99d62ccb5013add0ff2e7339ff853e47211867da_lupyne_79368723_20140707_180658_after_5.py
2e78e0f8bcf3fe564ecb2efbd9f1e911aa23ee80,lupyne,79368723,2014-07-08 01:13:46,+0000,indexers.py,MODIFY,4,6,PythonFiles\lupyne\79368723\2e78e0f8bcf3fe564ecb2efbd9f1e911aa23ee80\2e78e0f8bcf3fe564ecb2efbd9f1e911aa23ee80_lupyne_79368723_20140707_181346_before_1.py,PythonFiles\lupyne\79368723\2e78e0f8bcf3fe564ecb2efbd9f1e911aa23ee80\2e78e0f8bcf3fe564ecb2efbd9f1e911aa23ee80_lupyne_79368723_20140707_181346_after_1.py
2e78e0f8bcf3fe564ecb2efbd9f1e911aa23ee80,lupyne,79368723,2014-07-08 01:13:46,+0000,queries.py,MODIFY,12,4,PythonFiles\lupyne\79368723\2e78e0f8bcf3fe564ecb2efbd9f1e911aa23ee80\2e78e0f8bcf3fe564ecb2efbd9f1e911aa23ee80_lupyne_79368723_20140707_181346_before_2.py,PythonFiles\lupyne\79368723\2e78e0f8bcf3fe564ecb2efbd9f1e911aa23ee80\2e78e0f8bcf3fe564ecb2efbd9f1e911aa23ee80_lupyne_79368723_20140707_181346_after_2.py
2e78e0f8bcf3fe564ecb2efbd9f1e911aa23ee80,lupyne,79368723,2014-07-08 01:13:46,+0000,local.py,MODIFY,4,5,PythonFiles\lupyne\79368723\2e78e0f8bcf3fe564ecb2efbd9f1e911aa23ee80\2e78e0f8bcf3fe564ecb2efbd9f1e911aa23ee80_lupyne_79368723_20140707_181346_before_3.py,PythonFiles\lupyne\79368723\2e78e0f8bcf3fe564ecb2efbd9f1e911aa23ee80\2e78e0f8bcf3fe564ecb2efbd9f1e911aa23ee80_lupyne_79368723_20140707_181346_after_3.py
1acdecb55c04d6d18b423f2e24a0797dfe3a7bee,lupyne,79368723,2014-07-08 01:21:43,+0000,indexers.py,MODIFY,1,1,PythonFiles\lupyne\79368723\1acdecb55c04d6d18b423f2e24a0797dfe3a7bee\1acdecb55c04d6d18b423f2e24a0797dfe3a7bee_lupyne_79368723_20140707_182143_before_3.py,PythonFiles\lupyne\79368723\1acdecb55c04d6d18b423f2e24a0797dfe3a7bee\1acdecb55c04d6d18b423f2e24a0797dfe3a7bee_lupyne_79368723_20140707_182143_after_3.py
1acdecb55c04d6d18b423f2e24a0797dfe3a7bee,lupyne,79368723,2014-07-08 01:21:43,+0000,indexers.py,MODIFY,1,1,PythonFiles\lupyne\79368723\1acdecb55c04d6d18b423f2e24a0797dfe3a7bee\1acdecb55c04d6d18b423f2e24a0797dfe3a7bee_lupyne_79368723_20140707_182143_before_4.py,PythonFiles\lupyne\79368723\1acdecb55c04d6d18b423f2e24a0797dfe3a7bee\1acdecb55c04d6d18b423f2e24a0797dfe3a7bee_lupyne_79368723_20140707_182143_after_4.py
1acdecb55c04d6d18b423f2e24a0797dfe3a7bee,lupyne,79368723,2014-07-08 01:21:43,+0000,server.py,MODIFY,1,1,PythonFiles\lupyne\79368723\1acdecb55c04d6d18b423f2e24a0797dfe3a7bee\1acdecb55c04d6d18b423f2e24a0797dfe3a7bee_lupyne_79368723_20140707_182143_before_5.py,PythonFiles\lupyne\79368723\1acdecb55c04d6d18b423f2e24a0797dfe3a7bee\1acdecb55c04d6d18b423f2e24a0797dfe3a7bee_lupyne_79368723_20140707_182143_after_5.py
1acdecb55c04d6d18b423f2e24a0797dfe3a7bee,lupyne,79368723,2014-07-08 01:21:43,+0000,setup.py,MODIFY,4,11,PythonFiles\lupyne\79368723\1acdecb55c04d6d18b423f2e24a0797dfe3a7bee\1acdecb55c04d6d18b423f2e24a0797dfe3a7bee_lupyne_79368723_20140707_182143_before_6.py,PythonFiles\lupyne\79368723\1acdecb55c04d6d18b423f2e24a0797dfe3a7bee\1acdecb55c04d6d18b423f2e24a0797dfe3a7bee_lupyne_79368723_20140707_182143_after_6.py
8d6b8df28a2ce53e267c393f851d6c0331fee20e,lupyne,79368723,2014-07-09 00:49:01,+0000,server.py,MODIFY,1,1,PythonFiles\lupyne\79368723\8d6b8df28a2ce53e267c393f851d6c0331fee20e\8d6b8df28a2ce53e267c393f851d6c0331fee20e_lupyne_79368723_20140708_174901_before_2.py,PythonFiles\lupyne\79368723\8d6b8df28a2ce53e267c393f851d6c0331fee20e\8d6b8df28a2ce53e267c393f851d6c0331fee20e_lupyne_79368723_20140708_174901_after_2.py
740d75248b58dbc8e1397a22f745a31f45ac08c4,lupyne,79368723,2014-07-11 00:29:56,+0000,client.py,MODIFY,15,15,PythonFiles\lupyne\79368723\740d75248b58dbc8e1397a22f745a31f45ac08c4\740d75248b58dbc8e1397a22f745a31f45ac08c4_lupyne_79368723_20140710_172956_before_1.py,PythonFiles\lupyne\79368723\740d75248b58dbc8e1397a22f745a31f45ac08c4\740d75248b58dbc8e1397a22f745a31f45ac08c4_lupyne_79368723_20140710_172956_after_1.py
740d75248b58dbc8e1397a22f745a31f45ac08c4,lupyne,79368723,2014-07-11 00:29:56,+0000,server.py,MODIFY,5,7,PythonFiles\lupyne\79368723\740d75248b58dbc8e1397a22f745a31f45ac08c4\740d75248b58dbc8e1397a22f745a31f45ac08c4_lupyne_79368723_20140710_172956_before_2.py,PythonFiles\lupyne\79368723\740d75248b58dbc8e1397a22f745a31f45ac08c4\740d75248b58dbc8e1397a22f745a31f45ac08c4_lupyne_79368723_20140710_172956_after_2.py
740d75248b58dbc8e1397a22f745a31f45ac08c4,lupyne,79368723,2014-07-11 00:29:56,+0000,distributed.py,MODIFY,5,6,PythonFiles\lupyne\79368723\740d75248b58dbc8e1397a22f745a31f45ac08c4\740d75248b58dbc8e1397a22f745a31f45ac08c4_lupyne_79368723_20140710_172956_before_3.py,PythonFiles\lupyne\79368723\740d75248b58dbc8e1397a22f745a31f45ac08c4\740d75248b58dbc8e1397a22f745a31f45ac08c4_lupyne_79368723_20140710_172956_after_3.py
740d75248b58dbc8e1397a22f745a31f45ac08c4,lupyne,79368723,2014-07-11 00:29:56,+0000,remote.py,MODIFY,2,2,PythonFiles\lupyne\79368723\740d75248b58dbc8e1397a22f745a31f45ac08c4\740d75248b58dbc8e1397a22f745a31f45ac08c4_lupyne_79368723_20140710_172956_before_4.py,PythonFiles\lupyne\79368723\740d75248b58dbc8e1397a22f745a31f45ac08c4\740d75248b58dbc8e1397a22f745a31f45ac08c4_lupyne_79368723_20140710_172956_after_4.py
55b4a1887ab5bd186ccd21f6eb184f45d4ab4908,lupyne,79368723,2014-07-12 00:57:12,+0000,conf.py,MODIFY,4,5,PythonFiles\lupyne\79368723\55b4a1887ab5bd186ccd21f6eb184f45d4ab4908\55b4a1887ab5bd186ccd21f6eb184f45d4ab4908_lupyne_79368723_20140711_175712_before_1.py,PythonFiles\lupyne\79368723\55b4a1887ab5bd186ccd21f6eb184f45d4ab4908\55b4a1887ab5bd186ccd21f6eb184f45d4ab4908_lupyne_79368723_20140711_175712_after_1.py
55b4a1887ab5bd186ccd21f6eb184f45d4ab4908,lupyne,79368723,2014-07-12 00:57:12,+0000,indexers.py,MODIFY,1,1,PythonFiles\lupyne\79368723\55b4a1887ab5bd186ccd21f6eb184f45d4ab4908\55b4a1887ab5bd186ccd21f6eb184f45d4ab4908_lupyne_79368723_20140711_175712_before_2.py,PythonFiles\lupyne\79368723\55b4a1887ab5bd186ccd21f6eb184f45d4ab4908\55b4a1887ab5bd186ccd21f6eb184f45d4ab4908_lupyne_79368723_20140711_175712_after_2.py
55b4a1887ab5bd186ccd21f6eb184f45d4ab4908,lupyne,79368723,2014-07-12 00:57:12,+0000,server.py,MODIFY,1,0,PythonFiles\lupyne\79368723\55b4a1887ab5bd186ccd21f6eb184f45d4ab4908\55b4a1887ab5bd186ccd21f6eb184f45d4ab4908_lupyne_79368723_20140711_175712_before_3.py,PythonFiles\lupyne\79368723\55b4a1887ab5bd186ccd21f6eb184f45d4ab4908\55b4a1887ab5bd186ccd21f6eb184f45d4ab4908_lupyne_79368723_20140711_175712_after_3.py
55b4a1887ab5bd186ccd21f6eb184f45d4ab4908,lupyne,79368723,2014-07-12 00:57:12,+0000,sorting.py,MODIFY,7,0,PythonFiles\lupyne\79368723\55b4a1887ab5bd186ccd21f6eb184f45d4ab4908\55b4a1887ab5bd186ccd21f6eb184f45d4ab4908_lupyne_79368723_20140711_175712_before_4.py,PythonFiles\lupyne\79368723\55b4a1887ab5bd186ccd21f6eb184f45d4ab4908\55b4a1887ab5bd186ccd21f6eb184f45d4ab4908_lupyne_79368723_20140711_175712_after_4.py
55b4a1887ab5bd186ccd21f6eb184f45d4ab4908,lupyne,79368723,2014-07-12 00:57:12,+0000,client.py,MODIFY,41,5,PythonFiles\lupyne\79368723\55b4a1887ab5bd186ccd21f6eb184f45d4ab4908\55b4a1887ab5bd186ccd21f6eb184f45d4ab4908_lupyne_79368723_20140711_175712_before_5.py,PythonFiles\lupyne\79368723\55b4a1887ab5bd186ccd21f6eb184f45d4ab4908\55b4a1887ab5bd186ccd21f6eb184f45d4ab4908_lupyne_79368723_20140711_175712_after_5.py
55b4a1887ab5bd186ccd21f6eb184f45d4ab4908,lupyne,79368723,2014-07-12 00:57:12,+0000,documents.py,MODIFY,59,4,PythonFiles\lupyne\79368723\55b4a1887ab5bd186ccd21f6eb184f45d4ab4908\55b4a1887ab5bd186ccd21f6eb184f45d4ab4908_lupyne_79368723_20140711_175712_before_6.py,PythonFiles\lupyne\79368723\55b4a1887ab5bd186ccd21f6eb184f45d4ab4908\55b4a1887ab5bd186ccd21f6eb184f45d4ab4908_lupyne_79368723_20140711_175712_after_6.py
55b4a1887ab5bd186ccd21f6eb184f45d4ab4908,lupyne,79368723,2014-07-12 00:57:12,+0000,indexers.py,MODIFY,97,3,PythonFiles\lupyne\79368723\55b4a1887ab5bd186ccd21f6eb184f45d4ab4908\55b4a1887ab5bd186ccd21f6eb184f45d4ab4908_lupyne_79368723_20140711_175712_before_7.py,PythonFiles\lupyne\79368723\55b4a1887ab5bd186ccd21f6eb184f45d4ab4908\55b4a1887ab5bd186ccd21f6eb184f45d4ab4908_lupyne_79368723_20140711_175712_after_7.py
55b4a1887ab5bd186ccd21f6eb184f45d4ab4908,lupyne,79368723,2014-07-12 00:57:12,+0000,queries.py,MODIFY,67,0,PythonFiles\lupyne\79368723\55b4a1887ab5bd186ccd21f6eb184f45d4ab4908\55b4a1887ab5bd186ccd21f6eb184f45d4ab4908_lupyne_79368723_20140711_175712_before_8.py,PythonFiles\lupyne\79368723\55b4a1887ab5bd186ccd21f6eb184f45d4ab4908\55b4a1887ab5bd186ccd21f6eb184f45d4ab4908_lupyne_79368723_20140711_175712_after_8.py
55b4a1887ab5bd186ccd21f6eb184f45d4ab4908,lupyne,79368723,2014-07-12 00:57:12,+0000,__init__.py,MODIFY,23,8,PythonFiles\lupyne\79368723\55b4a1887ab5bd186ccd21f6eb184f45d4ab4908\55b4a1887ab5bd186ccd21f6eb184f45d4ab4908_lupyne_79368723_20140711_175712_before_9.py,PythonFiles\lupyne\79368723\55b4a1887ab5bd186ccd21f6eb184f45d4ab4908\55b4a1887ab5bd186ccd21f6eb184f45d4ab4908_lupyne_79368723_20140711_175712_after_9.py
55b4a1887ab5bd186ccd21f6eb184f45d4ab4908,lupyne,79368723,2014-07-12 00:57:12,+0000,server.py,MODIFY,57,7,PythonFiles\lupyne\79368723\55b4a1887ab5bd186ccd21f6eb184f45d4ab4908\55b4a1887ab5bd186ccd21f6eb184f45d4ab4908_lupyne_79368723_20140711_175712_before_10.py,PythonFiles\lupyne\79368723\55b4a1887ab5bd186ccd21f6eb184f45d4ab4908\55b4a1887ab5bd186ccd21f6eb184f45d4ab4908_lupyne_79368723_20140711_175712_after_10.py
55b4a1887ab5bd186ccd21f6eb184f45d4ab4908,lupyne,79368723,2014-07-12 00:57:12,+0000,setup.py,MODIFY,3,2,PythonFiles\lupyne\79368723\55b4a1887ab5bd186ccd21f6eb184f45d4ab4908\55b4a1887ab5bd186ccd21f6eb184f45d4ab4908_lupyne_79368723_20140711_175712_before_12.py,PythonFiles\lupyne\79368723\55b4a1887ab5bd186ccd21f6eb184f45d4ab4908\55b4a1887ab5bd186ccd21f6eb184f45d4ab4908_lupyne_79368723_20140711_175712_after_12.py
55b4a1887ab5bd186ccd21f6eb184f45d4ab4908,lupyne,79368723,2014-07-12 00:57:12,+0000,__main__.py,MODIFY,1,0,PythonFiles\lupyne\79368723\55b4a1887ab5bd186ccd21f6eb184f45d4ab4908\55b4a1887ab5bd186ccd21f6eb184f45d4ab4908_lupyne_79368723_20140711_175712_before_13.py,PythonFiles\lupyne\79368723\55b4a1887ab5bd186ccd21f6eb184f45d4ab4908\55b4a1887ab5bd186ccd21f6eb184f45d4ab4908_lupyne_79368723_20140711_175712_after_13.py
55b4a1887ab5bd186ccd21f6eb184f45d4ab4908,lupyne,79368723,2014-07-12 00:57:12,+0000,distributed.py,MODIFY,10,6,PythonFiles\lupyne\79368723\55b4a1887ab5bd186ccd21f6eb184f45d4ab4908\55b4a1887ab5bd186ccd21f6eb184f45d4ab4908_lupyne_79368723_20140711_175712_before_14.py,PythonFiles\lupyne\79368723\55b4a1887ab5bd186ccd21f6eb184f45d4ab4908\55b4a1887ab5bd186ccd21f6eb184f45d4ab4908_lupyne_79368723_20140711_175712_after_14.py
55b4a1887ab5bd186ccd21f6eb184f45d4ab4908,lupyne,79368723,2014-07-12 00:57:12,+0000,__init__.py,MODIFY,4,0,PythonFiles\lupyne\79368723\55b4a1887ab5bd186ccd21f6eb184f45d4ab4908\55b4a1887ab5bd186ccd21f6eb184f45d4ab4908_lupyne_79368723_20140711_175712_before_15.py,PythonFiles\lupyne\79368723\55b4a1887ab5bd186ccd21f6eb184f45d4ab4908\55b4a1887ab5bd186ccd21f6eb184f45d4ab4908_lupyne_79368723_20140711_175712_after_15.py
55b4a1887ab5bd186ccd21f6eb184f45d4ab4908,lupyne,79368723,2014-07-12 00:57:12,+0000,local.py,MODIFY,32,26,PythonFiles\lupyne\79368723\55b4a1887ab5bd186ccd21f6eb184f45d4ab4908\55b4a1887ab5bd186ccd21f6eb184f45d4ab4908_lupyne_79368723_20140711_175712_before_16.py,PythonFiles\lupyne\79368723\55b4a1887ab5bd186ccd21f6eb184f45d4ab4908\55b4a1887ab5bd186ccd21f6eb184f45d4ab4908_lupyne_79368723_20140711_175712_after_16.py
55b4a1887ab5bd186ccd21f6eb184f45d4ab4908,lupyne,79368723,2014-07-12 00:57:12,+0000,remote.py,MODIFY,21,10,PythonFiles\lupyne\79368723\55b4a1887ab5bd186ccd21f6eb184f45d4ab4908\55b4a1887ab5bd186ccd21f6eb184f45d4ab4908_lupyne_79368723_20140711_175712_before_17.py,PythonFiles\lupyne\79368723\55b4a1887ab5bd186ccd21f6eb184f45d4ab4908\55b4a1887ab5bd186ccd21f6eb184f45d4ab4908_lupyne_79368723_20140711_175712_after_17.py
8c54fba20bec572ced71944e2d95d505a37daa03,lupyne,79368723,2014-07-13 20:27:14,+0000,__main__.py,MODIFY,1,1,PythonFiles\lupyne\79368723\8c54fba20bec572ced71944e2d95d505a37daa03\8c54fba20bec572ced71944e2d95d505a37daa03_lupyne_79368723_20140713_132714_before_1.py,PythonFiles\lupyne\79368723\8c54fba20bec572ced71944e2d95d505a37daa03\8c54fba20bec572ced71944e2d95d505a37daa03_lupyne_79368723_20140713_132714_after_1.py
8c54fba20bec572ced71944e2d95d505a37daa03,lupyne,79368723,2014-07-13 20:27:14,+0000,parallel.py,ADD,74,0,,PythonFiles\lupyne\79368723\8c54fba20bec572ced71944e2d95d505a37daa03\8c54fba20bec572ced71944e2d95d505a37daa03_lupyne_79368723_20140713_132714_after_2.py
8c54fba20bec572ced71944e2d95d505a37daa03,lupyne,79368723,2014-07-13 20:27:14,+0000,indexers.py,MODIFY,12,0,PythonFiles\lupyne\79368723\8c54fba20bec572ced71944e2d95d505a37daa03\8c54fba20bec572ced71944e2d95d505a37daa03_lupyne_79368723_20140713_132714_before_3.py,PythonFiles\lupyne\79368723\8c54fba20bec572ced71944e2d95d505a37daa03\8c54fba20bec572ced71944e2d95d505a37daa03_lupyne_79368723_20140713_132714_after_3.py
8c54fba20bec572ced71944e2d95d505a37daa03,lupyne,79368723,2014-07-13 20:27:14,+0000,queries.py,MODIFY,5,3,PythonFiles\lupyne\79368723\8c54fba20bec572ced71944e2d95d505a37daa03\8c54fba20bec572ced71944e2d95d505a37daa03_lupyne_79368723_20140713_132714_before_4.py,PythonFiles\lupyne\79368723\8c54fba20bec572ced71944e2d95d505a37daa03\8c54fba20bec572ced71944e2d95d505a37daa03_lupyne_79368723_20140713_132714_after_4.py
8c54fba20bec572ced71944e2d95d505a37daa03,lupyne,79368723,2014-07-13 20:27:14,+0000,setup.py,MODIFY,1,0,PythonFiles\lupyne\79368723\8c54fba20bec572ced71944e2d95d505a37daa03\8c54fba20bec572ced71944e2d95d505a37daa03_lupyne_79368723_20140713_132714_before_5.py,PythonFiles\lupyne\79368723\8c54fba20bec572ced71944e2d95d505a37daa03\8c54fba20bec572ced71944e2d95d505a37daa03_lupyne_79368723_20140713_132714_after_5.py
8c54fba20bec572ced71944e2d95d505a37daa03,lupyne,79368723,2014-07-13 20:27:14,+0000,local.py,MODIFY,14,5,PythonFiles\lupyne\79368723\8c54fba20bec572ced71944e2d95d505a37daa03\8c54fba20bec572ced71944e2d95d505a37daa03_lupyne_79368723_20140713_132714_before_6.py,PythonFiles\lupyne\79368723\8c54fba20bec572ced71944e2d95d505a37daa03\8c54fba20bec572ced71944e2d95d505a37daa03_lupyne_79368723_20140713_132714_after_6.py
e5f19cfdab640c88fd38ba440a3546f9c5634557,lupyne,79368723,2014-07-16 00:43:37,+0000,__main__.py,MODIFY,1,1,PythonFiles\lupyne\79368723\e5f19cfdab640c88fd38ba440a3546f9c5634557\e5f19cfdab640c88fd38ba440a3546f9c5634557_lupyne_79368723_20140715_174337_before_3.py,PythonFiles\lupyne\79368723\e5f19cfdab640c88fd38ba440a3546f9c5634557\e5f19cfdab640c88fd38ba440a3546f9c5634557_lupyne_79368723_20140715_174337_after_3.py
e5f19cfdab640c88fd38ba440a3546f9c5634557,lupyne,79368723,2014-07-16 00:43:37,+0000,server.py,MODIFY,1,2,PythonFiles\lupyne\79368723\e5f19cfdab640c88fd38ba440a3546f9c5634557\e5f19cfdab640c88fd38ba440a3546f9c5634557_lupyne_79368723_20140715_174337_before_4.py,PythonFiles\lupyne\79368723\e5f19cfdab640c88fd38ba440a3546f9c5634557\e5f19cfdab640c88fd38ba440a3546f9c5634557_lupyne_79368723_20140715_174337_after_4.py
e5f19cfdab640c88fd38ba440a3546f9c5634557,lupyne,79368723,2014-07-16 00:43:37,+0000,remote.py,MODIFY,19,1,PythonFiles\lupyne\79368723\e5f19cfdab640c88fd38ba440a3546f9c5634557\e5f19cfdab640c88fd38ba440a3546f9c5634557_lupyne_79368723_20140715_174337_before_5.py,PythonFiles\lupyne\79368723\e5f19cfdab640c88fd38ba440a3546f9c5634557\e5f19cfdab640c88fd38ba440a3546f9c5634557_lupyne_79368723_20140715_174337_after_5.py
b5d514258e902a7b3d2adee953b1982482648a94,lupyne,79368723,2014-07-17 23:45:06,+0000,__init__.py,MODIFY,1,1,PythonFiles\lupyne\79368723\b5d514258e902a7b3d2adee953b1982482648a94\b5d514258e902a7b3d2adee953b1982482648a94_lupyne_79368723_20140717_164506_before_1.py,PythonFiles\lupyne\79368723\b5d514258e902a7b3d2adee953b1982482648a94\b5d514258e902a7b3d2adee953b1982482648a94_lupyne_79368723_20140717_164506_after_1.py
b5d514258e902a7b3d2adee953b1982482648a94,lupyne,79368723,2014-07-17 23:45:06,+0000,indexers.py,MODIFY,1,1,PythonFiles\lupyne\79368723\b5d514258e902a7b3d2adee953b1982482648a94\b5d514258e902a7b3d2adee953b1982482648a94_lupyne_79368723_20140717_164506_before_2.py,PythonFiles\lupyne\79368723\b5d514258e902a7b3d2adee953b1982482648a94\b5d514258e902a7b3d2adee953b1982482648a94_lupyne_79368723_20140717_164506_after_2.py
b5d514258e902a7b3d2adee953b1982482648a94,lupyne,79368723,2014-07-17 23:45:06,+0000,server.py,MODIFY,2,2,PythonFiles\lupyne\79368723\b5d514258e902a7b3d2adee953b1982482648a94\b5d514258e902a7b3d2adee953b1982482648a94_lupyne_79368723_20140717_164506_before_3.py,PythonFiles\lupyne\79368723\b5d514258e902a7b3d2adee953b1982482648a94\b5d514258e902a7b3d2adee953b1982482648a94_lupyne_79368723_20140717_164506_after_3.py
7801f66c758c434729690bf4af344d67c688fcac,lupyne,79368723,2014-07-18 00:24:13,+0000,__init__.py,MODIFY,1,1,PythonFiles\lupyne\79368723\7801f66c758c434729690bf4af344d67c688fcac\7801f66c758c434729690bf4af344d67c688fcac_lupyne_79368723_20140717_172413_before_2.py,PythonFiles\lupyne\79368723\7801f66c758c434729690bf4af344d67c688fcac\7801f66c758c434729690bf4af344d67c688fcac_lupyne_79368723_20140717_172413_after_2.py
1e47176fbdeb0171551a1386f6e1d374e2084034,lupyne,79368723,2014-07-21 17:38:31,+0000,__init__.py,MODIFY,3,3,PythonFiles\lupyne\79368723\1e47176fbdeb0171551a1386f6e1d374e2084034\1e47176fbdeb0171551a1386f6e1d374e2084034_lupyne_79368723_20140721_103831_before_2.py,PythonFiles\lupyne\79368723\1e47176fbdeb0171551a1386f6e1d374e2084034\1e47176fbdeb0171551a1386f6e1d374e2084034_lupyne_79368723_20140721_103831_after_2.py
1e47176fbdeb0171551a1386f6e1d374e2084034,lupyne,79368723,2014-07-21 17:38:31,+0000,indexers.py,MODIFY,2,4,PythonFiles\lupyne\79368723\1e47176fbdeb0171551a1386f6e1d374e2084034\1e47176fbdeb0171551a1386f6e1d374e2084034_lupyne_79368723_20140721_103831_before_3.py,PythonFiles\lupyne\79368723\1e47176fbdeb0171551a1386f6e1d374e2084034\1e47176fbdeb0171551a1386f6e1d374e2084034_lupyne_79368723_20140721_103831_after_3.py
1e47176fbdeb0171551a1386f6e1d374e2084034,lupyne,79368723,2014-07-21 17:38:31,+0000,setup.py,MODIFY,2,5,PythonFiles\lupyne\79368723\1e47176fbdeb0171551a1386f6e1d374e2084034\1e47176fbdeb0171551a1386f6e1d374e2084034_lupyne_79368723_20140721_103831_before_4.py,PythonFiles\lupyne\79368723\1e47176fbdeb0171551a1386f6e1d374e2084034\1e47176fbdeb0171551a1386f6e1d374e2084034_lupyne_79368723_20140721_103831_after_4.py
1e47176fbdeb0171551a1386f6e1d374e2084034,lupyne,79368723,2014-07-21 17:38:31,+0000,local.py,MODIFY,4,8,PythonFiles\lupyne\79368723\1e47176fbdeb0171551a1386f6e1d374e2084034\1e47176fbdeb0171551a1386f6e1d374e2084034_lupyne_79368723_20140721_103831_before_5.py,PythonFiles\lupyne\79368723\1e47176fbdeb0171551a1386f6e1d374e2084034\1e47176fbdeb0171551a1386f6e1d374e2084034_lupyne_79368723_20140721_103831_after_5.py
6cb714cd0941df07a8b7e57f9f8d141d2a4152dd,lupyne,79368723,2014-07-21 20:41:19,+0000,queries.py,MODIFY,49,37,PythonFiles\lupyne\79368723\6cb714cd0941df07a8b7e57f9f8d141d2a4152dd\6cb714cd0941df07a8b7e57f9f8d141d2a4152dd_lupyne_79368723_20140721_134119_before_1.py,PythonFiles\lupyne\79368723\6cb714cd0941df07a8b7e57f9f8d141d2a4152dd\6cb714cd0941df07a8b7e57f9f8d141d2a4152dd_lupyne_79368723_20140721_134119_after_1.py
6cb714cd0941df07a8b7e57f9f8d141d2a4152dd,lupyne,79368723,2014-07-21 20:41:19,+0000,local.py,MODIFY,1,0,PythonFiles\lupyne\79368723\6cb714cd0941df07a8b7e57f9f8d141d2a4152dd\6cb714cd0941df07a8b7e57f9f8d141d2a4152dd_lupyne_79368723_20140721_134119_before_2.py,PythonFiles\lupyne\79368723\6cb714cd0941df07a8b7e57f9f8d141d2a4152dd\6cb714cd0941df07a8b7e57f9f8d141d2a4152dd_lupyne_79368723_20140721_134119_after_2.py
54c53736c034d66e53091cb58cdbfc7d53336f23,lupyne,79368723,2014-07-21 20:53:29,+0000,queries.py,MODIFY,2,0,PythonFiles\lupyne\79368723\54c53736c034d66e53091cb58cdbfc7d53336f23\54c53736c034d66e53091cb58cdbfc7d53336f23_lupyne_79368723_20140721_135329_before_1.py,PythonFiles\lupyne\79368723\54c53736c034d66e53091cb58cdbfc7d53336f23\54c53736c034d66e53091cb58cdbfc7d53336f23_lupyne_79368723_20140721_135329_after_1.py
54c53736c034d66e53091cb58cdbfc7d53336f23,lupyne,79368723,2014-07-21 20:53:29,+0000,local.py,MODIFY,2,0,PythonFiles\lupyne\79368723\54c53736c034d66e53091cb58cdbfc7d53336f23\54c53736c034d66e53091cb58cdbfc7d53336f23_lupyne_79368723_20140721_135329_before_2.py,PythonFiles\lupyne\79368723\54c53736c034d66e53091cb58cdbfc7d53336f23\54c53736c034d66e53091cb58cdbfc7d53336f23_lupyne_79368723_20140721_135329_after_2.py
6ebfa9ef9a6c2e6e027fc27ebb2e22b095dd0467,lupyne,79368723,2014-10-02 01:27:45,+0000,sorting.py,MODIFY,3,3,PythonFiles\lupyne\79368723\6ebfa9ef9a6c2e6e027fc27ebb2e22b095dd0467\6ebfa9ef9a6c2e6e027fc27ebb2e22b095dd0467_lupyne_79368723_20141001_182745_before_2.py,PythonFiles\lupyne\79368723\6ebfa9ef9a6c2e6e027fc27ebb2e22b095dd0467\6ebfa9ef9a6c2e6e027fc27ebb2e22b095dd0467_lupyne_79368723_20141001_182745_after_2.py
6ebfa9ef9a6c2e6e027fc27ebb2e22b095dd0467,lupyne,79368723,2014-10-02 01:27:45,+0000,__init__.py,MODIFY,4,3,PythonFiles\lupyne\79368723\6ebfa9ef9a6c2e6e027fc27ebb2e22b095dd0467\6ebfa9ef9a6c2e6e027fc27ebb2e22b095dd0467_lupyne_79368723_20141001_182745_before_3.py,PythonFiles\lupyne\79368723\6ebfa9ef9a6c2e6e027fc27ebb2e22b095dd0467\6ebfa9ef9a6c2e6e027fc27ebb2e22b095dd0467_lupyne_79368723_20141001_182745_after_3.py
6ebfa9ef9a6c2e6e027fc27ebb2e22b095dd0467,lupyne,79368723,2014-10-02 01:27:45,+0000,indexers.py,MODIFY,8,9,PythonFiles\lupyne\79368723\6ebfa9ef9a6c2e6e027fc27ebb2e22b095dd0467\6ebfa9ef9a6c2e6e027fc27ebb2e22b095dd0467_lupyne_79368723_20141001_182745_before_4.py,PythonFiles\lupyne\79368723\6ebfa9ef9a6c2e6e027fc27ebb2e22b095dd0467\6ebfa9ef9a6c2e6e027fc27ebb2e22b095dd0467_lupyne_79368723_20141001_182745_after_4.py
6ebfa9ef9a6c2e6e027fc27ebb2e22b095dd0467,lupyne,79368723,2014-10-02 01:27:45,+0000,queries.py,MODIFY,4,5,PythonFiles\lupyne\79368723\6ebfa9ef9a6c2e6e027fc27ebb2e22b095dd0467\6ebfa9ef9a6c2e6e027fc27ebb2e22b095dd0467_lupyne_79368723_20141001_182745_before_5.py,PythonFiles\lupyne\79368723\6ebfa9ef9a6c2e6e027fc27ebb2e22b095dd0467\6ebfa9ef9a6c2e6e027fc27ebb2e22b095dd0467_lupyne_79368723_20141001_182745_after_5.py
6ebfa9ef9a6c2e6e027fc27ebb2e22b095dd0467,lupyne,79368723,2014-10-02 01:27:45,+0000,setup.py,MODIFY,1,0,PythonFiles\lupyne\79368723\6ebfa9ef9a6c2e6e027fc27ebb2e22b095dd0467\6ebfa9ef9a6c2e6e027fc27ebb2e22b095dd0467_lupyne_79368723_20141001_182745_before_6.py,PythonFiles\lupyne\79368723\6ebfa9ef9a6c2e6e027fc27ebb2e22b095dd0467\6ebfa9ef9a6c2e6e027fc27ebb2e22b095dd0467_lupyne_79368723_20141001_182745_after_6.py
6ebfa9ef9a6c2e6e027fc27ebb2e22b095dd0467,lupyne,79368723,2014-10-02 01:27:45,+0000,local.py,MODIFY,5,4,PythonFiles\lupyne\79368723\6ebfa9ef9a6c2e6e027fc27ebb2e22b095dd0467\6ebfa9ef9a6c2e6e027fc27ebb2e22b095dd0467_lupyne_79368723_20141001_182745_before_7.py,PythonFiles\lupyne\79368723\6ebfa9ef9a6c2e6e027fc27ebb2e22b095dd0467\6ebfa9ef9a6c2e6e027fc27ebb2e22b095dd0467_lupyne_79368723_20141001_182745_after_7.py
6ebfa9ef9a6c2e6e027fc27ebb2e22b095dd0467,lupyne,79368723,2014-10-02 01:27:45,+0000,remote.py,MODIFY,4,4,PythonFiles\lupyne\79368723\6ebfa9ef9a6c2e6e027fc27ebb2e22b095dd0467\6ebfa9ef9a6c2e6e027fc27ebb2e22b095dd0467_lupyne_79368723_20141001_182745_before_8.py,PythonFiles\lupyne\79368723\6ebfa9ef9a6c2e6e027fc27ebb2e22b095dd0467\6ebfa9ef9a6c2e6e027fc27ebb2e22b095dd0467_lupyne_79368723_20141001_182745_after_8.py
4f2fae65db93bfe556ef68f4dbff35250181235f,lupyne,79368723,2014-10-02 23:29:13,+0000,remote.py,MODIFY,2,0,PythonFiles\lupyne\79368723\4f2fae65db93bfe556ef68f4dbff35250181235f\4f2fae65db93bfe556ef68f4dbff35250181235f_lupyne_79368723_20141002_162913_before_1.py,PythonFiles\lupyne\79368723\4f2fae65db93bfe556ef68f4dbff35250181235f\4f2fae65db93bfe556ef68f4dbff35250181235f_lupyne_79368723_20141002_162913_after_1.py
83e57d70c42d2e9a6792e6724321a94730dd719d,lupyne,79368723,2014-10-07 22:14:49,+0000,indexers.py,MODIFY,1,1,PythonFiles\lupyne\79368723\83e57d70c42d2e9a6792e6724321a94730dd719d\83e57d70c42d2e9a6792e6724321a94730dd719d_lupyne_79368723_20141007_151449_before_1.py,PythonFiles\lupyne\79368723\83e57d70c42d2e9a6792e6724321a94730dd719d\83e57d70c42d2e9a6792e6724321a94730dd719d_lupyne_79368723_20141007_151449_after_1.py
83e57d70c42d2e9a6792e6724321a94730dd719d,lupyne,79368723,2014-10-07 22:14:49,+0000,__init__.py,MODIFY,1,1,PythonFiles\lupyne\79368723\83e57d70c42d2e9a6792e6724321a94730dd719d\83e57d70c42d2e9a6792e6724321a94730dd719d_lupyne_79368723_20141007_151449_before_2.py,PythonFiles\lupyne\79368723\83e57d70c42d2e9a6792e6724321a94730dd719d\83e57d70c42d2e9a6792e6724321a94730dd719d_lupyne_79368723_20141007_151449_after_2.py
83e57d70c42d2e9a6792e6724321a94730dd719d,lupyne,79368723,2014-10-07 22:14:49,+0000,setup.py,MODIFY,3,1,PythonFiles\lupyne\79368723\83e57d70c42d2e9a6792e6724321a94730dd719d\83e57d70c42d2e9a6792e6724321a94730dd719d_lupyne_79368723_20141007_151449_before_3.py,PythonFiles\lupyne\79368723\83e57d70c42d2e9a6792e6724321a94730dd719d\83e57d70c42d2e9a6792e6724321a94730dd719d_lupyne_79368723_20141007_151449_after_3.py
aaea6df85d9370e737c784b6a78bf2b917509173,lupyne,79368723,2014-10-07 22:56:26,+0000,__init__.py,MODIFY,1,1,PythonFiles\lupyne\79368723\aaea6df85d9370e737c784b6a78bf2b917509173\aaea6df85d9370e737c784b6a78bf2b917509173_lupyne_79368723_20141007_155626_before_2.py,PythonFiles\lupyne\79368723\aaea6df85d9370e737c784b6a78bf2b917509173\aaea6df85d9370e737c784b6a78bf2b917509173_lupyne_79368723_20141007_155626_after_2.py
db5644b25c89911ec73e6febf7cd80cb7fe29bf1,lupyne,79368723,2014-10-12 21:42:41,+0000,sorting.py,MODIFY,2,6,PythonFiles\lupyne\79368723\db5644b25c89911ec73e6febf7cd80cb7fe29bf1\db5644b25c89911ec73e6febf7cd80cb7fe29bf1_lupyne_79368723_20141012_144241_before_2.py,PythonFiles\lupyne\79368723\db5644b25c89911ec73e6febf7cd80cb7fe29bf1\db5644b25c89911ec73e6febf7cd80cb7fe29bf1_lupyne_79368723_20141012_144241_after_2.py
db5644b25c89911ec73e6febf7cd80cb7fe29bf1,lupyne,79368723,2014-10-12 21:42:41,+0000,__init__.py,MODIFY,1,3,PythonFiles\lupyne\79368723\db5644b25c89911ec73e6febf7cd80cb7fe29bf1\db5644b25c89911ec73e6febf7cd80cb7fe29bf1_lupyne_79368723_20141012_144241_before_3.py,PythonFiles\lupyne\79368723\db5644b25c89911ec73e6febf7cd80cb7fe29bf1\db5644b25c89911ec73e6febf7cd80cb7fe29bf1_lupyne_79368723_20141012_144241_after_3.py
db5644b25c89911ec73e6febf7cd80cb7fe29bf1,lupyne,79368723,2014-10-12 21:42:41,+0000,indexers.py,MODIFY,3,3,PythonFiles\lupyne\79368723\db5644b25c89911ec73e6febf7cd80cb7fe29bf1\db5644b25c89911ec73e6febf7cd80cb7fe29bf1_lupyne_79368723_20141012_144241_before_4.py,PythonFiles\lupyne\79368723\db5644b25c89911ec73e6febf7cd80cb7fe29bf1\db5644b25c89911ec73e6febf7cd80cb7fe29bf1_lupyne_79368723_20141012_144241_after_4.py
db5644b25c89911ec73e6febf7cd80cb7fe29bf1,lupyne,79368723,2014-10-12 21:42:41,+0000,queries.py,MODIFY,1,11,PythonFiles\lupyne\79368723\db5644b25c89911ec73e6febf7cd80cb7fe29bf1\db5644b25c89911ec73e6febf7cd80cb7fe29bf1_lupyne_79368723_20141012_144241_before_5.py,PythonFiles\lupyne\79368723\db5644b25c89911ec73e6febf7cd80cb7fe29bf1\db5644b25c89911ec73e6febf7cd80cb7fe29bf1_lupyne_79368723_20141012_144241_after_5.py
db5644b25c89911ec73e6febf7cd80cb7fe29bf1,lupyne,79368723,2014-10-12 21:42:41,+0000,setup.py,MODIFY,2,5,PythonFiles\lupyne\79368723\db5644b25c89911ec73e6febf7cd80cb7fe29bf1\db5644b25c89911ec73e6febf7cd80cb7fe29bf1_lupyne_79368723_20141012_144241_before_6.py,PythonFiles\lupyne\79368723\db5644b25c89911ec73e6febf7cd80cb7fe29bf1\db5644b25c89911ec73e6febf7cd80cb7fe29bf1_lupyne_79368723_20141012_144241_after_6.py
db5644b25c89911ec73e6febf7cd80cb7fe29bf1,lupyne,79368723,2014-10-12 21:42:41,+0000,local.py,MODIFY,6,6,PythonFiles\lupyne\79368723\db5644b25c89911ec73e6febf7cd80cb7fe29bf1\db5644b25c89911ec73e6febf7cd80cb7fe29bf1_lupyne_79368723_20141012_144241_before_7.py,PythonFiles\lupyne\79368723\db5644b25c89911ec73e6febf7cd80cb7fe29bf1\db5644b25c89911ec73e6febf7cd80cb7fe29bf1_lupyne_79368723_20141012_144241_after_7.py
46eec4ce97d6e401c1e1f0d908807eb045b19e7c,lupyne,79368723,2014-10-30 02:46:31,+0000,indexers.py,MODIFY,5,9,PythonFiles\lupyne\79368723\46eec4ce97d6e401c1e1f0d908807eb045b19e7c\46eec4ce97d6e401c1e1f0d908807eb045b19e7c_lupyne_79368723_20141029_194631_before_1.py,PythonFiles\lupyne\79368723\46eec4ce97d6e401c1e1f0d908807eb045b19e7c\46eec4ce97d6e401c1e1f0d908807eb045b19e7c_lupyne_79368723_20141029_194631_after_1.py
18b3f8e7a8ec3bfaede880f738b14446af2e7b9b,lupyne,79368723,2014-11-09 22:52:54,+0000,client.py,MODIFY,3,0,PythonFiles\lupyne\79368723\18b3f8e7a8ec3bfaede880f738b14446af2e7b9b\18b3f8e7a8ec3bfaede880f738b14446af2e7b9b_lupyne_79368723_20141109_145254_before_1.py,PythonFiles\lupyne\79368723\18b3f8e7a8ec3bfaede880f738b14446af2e7b9b\18b3f8e7a8ec3bfaede880f738b14446af2e7b9b_lupyne_79368723_20141109_145254_after_1.py
18b3f8e7a8ec3bfaede880f738b14446af2e7b9b,lupyne,79368723,2014-11-09 22:52:54,+0000,indexers.py,MODIFY,4,3,PythonFiles\lupyne\79368723\18b3f8e7a8ec3bfaede880f738b14446af2e7b9b\18b3f8e7a8ec3bfaede880f738b14446af2e7b9b_lupyne_79368723_20141109_145254_before_2.py,PythonFiles\lupyne\79368723\18b3f8e7a8ec3bfaede880f738b14446af2e7b9b\18b3f8e7a8ec3bfaede880f738b14446af2e7b9b_lupyne_79368723_20141109_145254_after_2.py
18b3f8e7a8ec3bfaede880f738b14446af2e7b9b,lupyne,79368723,2014-11-09 22:52:54,+0000,server.py,MODIFY,12,7,PythonFiles\lupyne\79368723\18b3f8e7a8ec3bfaede880f738b14446af2e7b9b\18b3f8e7a8ec3bfaede880f738b14446af2e7b9b_lupyne_79368723_20141109_145254_before_3.py,PythonFiles\lupyne\79368723\18b3f8e7a8ec3bfaede880f738b14446af2e7b9b\18b3f8e7a8ec3bfaede880f738b14446af2e7b9b_lupyne_79368723_20141109_145254_after_3.py
18b3f8e7a8ec3bfaede880f738b14446af2e7b9b,lupyne,79368723,2014-11-09 22:52:54,+0000,local.py,MODIFY,1,0,PythonFiles\lupyne\79368723\18b3f8e7a8ec3bfaede880f738b14446af2e7b9b\18b3f8e7a8ec3bfaede880f738b14446af2e7b9b_lupyne_79368723_20141109_145254_before_4.py,PythonFiles\lupyne\79368723\18b3f8e7a8ec3bfaede880f738b14446af2e7b9b\18b3f8e7a8ec3bfaede880f738b14446af2e7b9b_lupyne_79368723_20141109_145254_after_4.py
18b3f8e7a8ec3bfaede880f738b14446af2e7b9b,lupyne,79368723,2014-11-09 22:52:54,+0000,remote.py,MODIFY,3,0,PythonFiles\lupyne\79368723\18b3f8e7a8ec3bfaede880f738b14446af2e7b9b\18b3f8e7a8ec3bfaede880f738b14446af2e7b9b_lupyne_79368723_20141109_145254_before_5.py,PythonFiles\lupyne\79368723\18b3f8e7a8ec3bfaede880f738b14446af2e7b9b\18b3f8e7a8ec3bfaede880f738b14446af2e7b9b_lupyne_79368723_20141109_145254_after_5.py
c5921be3b0774ed4b06d581a1067993ef5feb3f6,lupyne,79368723,2014-11-09 23:01:21,+0000,indexers.py,MODIFY,11,1,PythonFiles\lupyne\79368723\c5921be3b0774ed4b06d581a1067993ef5feb3f6\c5921be3b0774ed4b06d581a1067993ef5feb3f6_lupyne_79368723_20141109_150121_before_1.py,PythonFiles\lupyne\79368723\c5921be3b0774ed4b06d581a1067993ef5feb3f6\c5921be3b0774ed4b06d581a1067993ef5feb3f6_lupyne_79368723_20141109_150121_after_1.py
c5921be3b0774ed4b06d581a1067993ef5feb3f6,lupyne,79368723,2014-11-09 23:01:21,+0000,local.py,MODIFY,7,1,PythonFiles\lupyne\79368723\c5921be3b0774ed4b06d581a1067993ef5feb3f6\c5921be3b0774ed4b06d581a1067993ef5feb3f6_lupyne_79368723_20141109_150121_before_2.py,PythonFiles\lupyne\79368723\c5921be3b0774ed4b06d581a1067993ef5feb3f6\c5921be3b0774ed4b06d581a1067993ef5feb3f6_lupyne_79368723_20141109_150121_after_2.py
029c7240b74713d22a793caa7fc4f1e4b3ad19d3,lupyne,79368723,2015-04-19 17:37:58,+0000,conf.py,MODIFY,1,1,PythonFiles\lupyne\79368723\029c7240b74713d22a793caa7fc4f1e4b3ad19d3\029c7240b74713d22a793caa7fc4f1e4b3ad19d3_lupyne_79368723_20150419_103758_before_2.py,PythonFiles\lupyne\79368723\029c7240b74713d22a793caa7fc4f1e4b3ad19d3\029c7240b74713d22a793caa7fc4f1e4b3ad19d3_lupyne_79368723_20150419_103758_after_2.py
029c7240b74713d22a793caa7fc4f1e4b3ad19d3,lupyne,79368723,2015-04-19 17:37:58,+0000,indexers.py,MODIFY,2,2,PythonFiles\lupyne\79368723\029c7240b74713d22a793caa7fc4f1e4b3ad19d3\029c7240b74713d22a793caa7fc4f1e4b3ad19d3_lupyne_79368723_20150419_103758_before_3.py,PythonFiles\lupyne\79368723\029c7240b74713d22a793caa7fc4f1e4b3ad19d3\029c7240b74713d22a793caa7fc4f1e4b3ad19d3_lupyne_79368723_20150419_103758_after_3.py
029c7240b74713d22a793caa7fc4f1e4b3ad19d3,lupyne,79368723,2015-04-19 17:37:58,+0000,queries.py,MODIFY,2,2,PythonFiles\lupyne\79368723\029c7240b74713d22a793caa7fc4f1e4b3ad19d3\029c7240b74713d22a793caa7fc4f1e4b3ad19d3_lupyne_79368723_20150419_103758_before_4.py,PythonFiles\lupyne\79368723\029c7240b74713d22a793caa7fc4f1e4b3ad19d3\029c7240b74713d22a793caa7fc4f1e4b3ad19d3_lupyne_79368723_20150419_103758_after_4.py
029c7240b74713d22a793caa7fc4f1e4b3ad19d3,lupyne,79368723,2015-04-19 17:37:58,+0000,sorting.py,MODIFY,2,2,PythonFiles\lupyne\79368723\029c7240b74713d22a793caa7fc4f1e4b3ad19d3\029c7240b74713d22a793caa7fc4f1e4b3ad19d3_lupyne_79368723_20150419_103758_before_5.py,PythonFiles\lupyne\79368723\029c7240b74713d22a793caa7fc4f1e4b3ad19d3\029c7240b74713d22a793caa7fc4f1e4b3ad19d3_lupyne_79368723_20150419_103758_after_5.py
029c7240b74713d22a793caa7fc4f1e4b3ad19d3,lupyne,79368723,2015-04-19 17:37:58,+0000,setup.py,MODIFY,5,0,PythonFiles\lupyne\79368723\029c7240b74713d22a793caa7fc4f1e4b3ad19d3\029c7240b74713d22a793caa7fc4f1e4b3ad19d3_lupyne_79368723_20150419_103758_before_7.py,PythonFiles\lupyne\79368723\029c7240b74713d22a793caa7fc4f1e4b3ad19d3\029c7240b74713d22a793caa7fc4f1e4b3ad19d3_lupyne_79368723_20150419_103758_after_7.py
029c7240b74713d22a793caa7fc4f1e4b3ad19d3,lupyne,79368723,2015-04-19 17:37:58,+0000,local.py,MODIFY,7,7,PythonFiles\lupyne\79368723\029c7240b74713d22a793caa7fc4f1e4b3ad19d3\029c7240b74713d22a793caa7fc4f1e4b3ad19d3_lupyne_79368723_20150419_103758_before_8.py,PythonFiles\lupyne\79368723\029c7240b74713d22a793caa7fc4f1e4b3ad19d3\029c7240b74713d22a793caa7fc4f1e4b3ad19d3_lupyne_79368723_20150419_103758_after_8.py
5920407b8b02432531374842cc6ee3a3551252e5,lupyne,79368723,2015-09-06 20:52:41,+0000,searching.py,MODIFY,1,1,PythonFiles\lupyne\79368723\5920407b8b02432531374842cc6ee3a3551252e5\5920407b8b02432531374842cc6ee3a3551252e5_lupyne_79368723_20150906_135241_before_2.py,PythonFiles\lupyne\79368723\5920407b8b02432531374842cc6ee3a3551252e5\5920407b8b02432531374842cc6ee3a3551252e5_lupyne_79368723_20150906_135241_after_2.py
5920407b8b02432531374842cc6ee3a3551252e5,lupyne,79368723,2015-09-06 20:52:41,+0000,server.py,MODIFY,2,2,PythonFiles\lupyne\79368723\5920407b8b02432531374842cc6ee3a3551252e5\5920407b8b02432531374842cc6ee3a3551252e5_lupyne_79368723_20150906_135241_before_3.py,PythonFiles\lupyne\79368723\5920407b8b02432531374842cc6ee3a3551252e5\5920407b8b02432531374842cc6ee3a3551252e5_lupyne_79368723_20150906_135241_after_3.py
5920407b8b02432531374842cc6ee3a3551252e5,lupyne,79368723,2015-09-06 20:52:41,+0000,client.py,MODIFY,2,2,PythonFiles\lupyne\79368723\5920407b8b02432531374842cc6ee3a3551252e5\5920407b8b02432531374842cc6ee3a3551252e5_lupyne_79368723_20150906_135241_before_4.py,PythonFiles\lupyne\79368723\5920407b8b02432531374842cc6ee3a3551252e5\5920407b8b02432531374842cc6ee3a3551252e5_lupyne_79368723_20150906_135241_after_4.py
5920407b8b02432531374842cc6ee3a3551252e5,lupyne,79368723,2015-09-06 20:52:41,+0000,documents.py,MODIFY,2,2,PythonFiles\lupyne\79368723\5920407b8b02432531374842cc6ee3a3551252e5\5920407b8b02432531374842cc6ee3a3551252e5_lupyne_79368723_20150906_135241_before_5.py,PythonFiles\lupyne\79368723\5920407b8b02432531374842cc6ee3a3551252e5\5920407b8b02432531374842cc6ee3a3551252e5_lupyne_79368723_20150906_135241_after_5.py
5920407b8b02432531374842cc6ee3a3551252e5,lupyne,79368723,2015-09-06 20:52:41,+0000,indexers.py,MODIFY,2,2,PythonFiles\lupyne\79368723\5920407b8b02432531374842cc6ee3a3551252e5\5920407b8b02432531374842cc6ee3a3551252e5_lupyne_79368723_20150906_135241_before_6.py,PythonFiles\lupyne\79368723\5920407b8b02432531374842cc6ee3a3551252e5\5920407b8b02432531374842cc6ee3a3551252e5_lupyne_79368723_20150906_135241_after_6.py
5920407b8b02432531374842cc6ee3a3551252e5,lupyne,79368723,2015-09-06 20:52:41,+0000,queries.py,MODIFY,8,8,PythonFiles\lupyne\79368723\5920407b8b02432531374842cc6ee3a3551252e5\5920407b8b02432531374842cc6ee3a3551252e5_lupyne_79368723_20150906_135241_before_7.py,PythonFiles\lupyne\79368723\5920407b8b02432531374842cc6ee3a3551252e5\5920407b8b02432531374842cc6ee3a3551252e5_lupyne_79368723_20150906_135241_after_7.py
5920407b8b02432531374842cc6ee3a3551252e5,lupyne,79368723,2015-09-06 20:52:41,+0000,__init__.py,MODIFY,1,1,PythonFiles\lupyne\79368723\5920407b8b02432531374842cc6ee3a3551252e5\5920407b8b02432531374842cc6ee3a3551252e5_lupyne_79368723_20150906_135241_before_8.py,PythonFiles\lupyne\79368723\5920407b8b02432531374842cc6ee3a3551252e5\5920407b8b02432531374842cc6ee3a3551252e5_lupyne_79368723_20150906_135241_after_8.py
5920407b8b02432531374842cc6ee3a3551252e5,lupyne,79368723,2015-09-06 20:52:41,+0000,server.py,MODIFY,37,40,PythonFiles\lupyne\79368723\5920407b8b02432531374842cc6ee3a3551252e5\5920407b8b02432531374842cc6ee3a3551252e5_lupyne_79368723_20150906_135241_before_9.py,PythonFiles\lupyne\79368723\5920407b8b02432531374842cc6ee3a3551252e5\5920407b8b02432531374842cc6ee3a3551252e5_lupyne_79368723_20150906_135241_after_9.py
5920407b8b02432531374842cc6ee3a3551252e5,lupyne,79368723,2015-09-06 20:52:41,+0000,setup.py,MODIFY,0,1,PythonFiles\lupyne\79368723\5920407b8b02432531374842cc6ee3a3551252e5\5920407b8b02432531374842cc6ee3a3551252e5_lupyne_79368723_20150906_135241_before_10.py,PythonFiles\lupyne\79368723\5920407b8b02432531374842cc6ee3a3551252e5\5920407b8b02432531374842cc6ee3a3551252e5_lupyne_79368723_20150906_135241_after_10.py
5920407b8b02432531374842cc6ee3a3551252e5,lupyne,79368723,2015-09-06 20:52:41,+0000,distributed.py,MODIFY,16,10,PythonFiles\lupyne\79368723\5920407b8b02432531374842cc6ee3a3551252e5\5920407b8b02432531374842cc6ee3a3551252e5_lupyne_79368723_20150906_135241_before_11.py,PythonFiles\lupyne\79368723\5920407b8b02432531374842cc6ee3a3551252e5\5920407b8b02432531374842cc6ee3a3551252e5_lupyne_79368723_20150906_135241_after_11.py
5920407b8b02432531374842cc6ee3a3551252e5,lupyne,79368723,2015-09-06 20:52:41,+0000,local.py,MODIFY,49,33,PythonFiles\lupyne\79368723\5920407b8b02432531374842cc6ee3a3551252e5\5920407b8b02432531374842cc6ee3a3551252e5_lupyne_79368723_20150906_135241_before_12.py,PythonFiles\lupyne\79368723\5920407b8b02432531374842cc6ee3a3551252e5\5920407b8b02432531374842cc6ee3a3551252e5_lupyne_79368723_20150906_135241_after_12.py
5920407b8b02432531374842cc6ee3a3551252e5,lupyne,79368723,2015-09-06 20:52:41,+0000,remote.py,MODIFY,9,8,PythonFiles\lupyne\79368723\5920407b8b02432531374842cc6ee3a3551252e5\5920407b8b02432531374842cc6ee3a3551252e5_lupyne_79368723_20150906_135241_before_13.py,PythonFiles\lupyne\79368723\5920407b8b02432531374842cc6ee3a3551252e5\5920407b8b02432531374842cc6ee3a3551252e5_lupyne_79368723_20150906_135241_after_13.py
8017fcf5ec2141daba2569d4cebd233958e765c0,lupyne,79368723,2015-09-06 21:50:13,+0000,conf.py,MODIFY,2,2,PythonFiles\lupyne\79368723\8017fcf5ec2141daba2569d4cebd233958e765c0\8017fcf5ec2141daba2569d4cebd233958e765c0_lupyne_79368723_20150906_145013_before_4.py,PythonFiles\lupyne\79368723\8017fcf5ec2141daba2569d4cebd233958e765c0\8017fcf5ec2141daba2569d4cebd233958e765c0_lupyne_79368723_20150906_145013_after_4.py
8017fcf5ec2141daba2569d4cebd233958e765c0,lupyne,79368723,2015-09-06 21:50:13,+0000,__init__.py,MODIFY,1,1,PythonFiles\lupyne\79368723\8017fcf5ec2141daba2569d4cebd233958e765c0\8017fcf5ec2141daba2569d4cebd233958e765c0_lupyne_79368723_20150906_145013_before_5.py,PythonFiles\lupyne\79368723\8017fcf5ec2141daba2569d4cebd233958e765c0\8017fcf5ec2141daba2569d4cebd233958e765c0_lupyne_79368723_20150906_145013_after_5.py
8017fcf5ec2141daba2569d4cebd233958e765c0,lupyne,79368723,2015-09-06 21:50:13,+0000,setup.py,MODIFY,6,42,PythonFiles\lupyne\79368723\8017fcf5ec2141daba2569d4cebd233958e765c0\8017fcf5ec2141daba2569d4cebd233958e765c0_lupyne_79368723_20150906_145013_before_6.py,PythonFiles\lupyne\79368723\8017fcf5ec2141daba2569d4cebd233958e765c0\8017fcf5ec2141daba2569d4cebd233958e765c0_lupyne_79368723_20150906_145013_after_6.py
1242d2dc7def1aa89e46b6e37fe80dc2e818eaf3,lupyne,79368723,2015-09-06 22:32:03,+0000,spatial.py,ADD,167,0,,PythonFiles\lupyne\79368723\1242d2dc7def1aa89e46b6e37fe80dc2e818eaf3\1242d2dc7def1aa89e46b6e37fe80dc2e818eaf3_lupyne_79368723_20150906_153203_after_1.py
1242d2dc7def1aa89e46b6e37fe80dc2e818eaf3,lupyne,79368723,2015-09-06 22:32:03,+0000,__init__.py,DELETE,0,138,PythonFiles\lupyne\79368723\1242d2dc7def1aa89e46b6e37fe80dc2e818eaf3\1242d2dc7def1aa89e46b6e37fe80dc2e818eaf3_lupyne_79368723_20150906_153203_before_2.py,
1242d2dc7def1aa89e46b6e37fe80dc2e818eaf3,lupyne,79368723,2015-09-06 22:32:03,+0000,globalmaptiles.py,DELETE,0,346,PythonFiles\lupyne\79368723\1242d2dc7def1aa89e46b6e37fe80dc2e818eaf3\1242d2dc7def1aa89e46b6e37fe80dc2e818eaf3_lupyne_79368723_20150906_153203_before_3.py,
1242d2dc7def1aa89e46b6e37fe80dc2e818eaf3,lupyne,79368723,2015-09-06 22:32:03,+0000,setup.py,MODIFY,1,1,PythonFiles\lupyne\79368723\1242d2dc7def1aa89e46b6e37fe80dc2e818eaf3\1242d2dc7def1aa89e46b6e37fe80dc2e818eaf3_lupyne_79368723_20150906_153203_before_5.py,PythonFiles\lupyne\79368723\1242d2dc7def1aa89e46b6e37fe80dc2e818eaf3\1242d2dc7def1aa89e46b6e37fe80dc2e818eaf3_lupyne_79368723_20150906_153203_after_5.py
1242d2dc7def1aa89e46b6e37fe80dc2e818eaf3,lupyne,79368723,2015-09-06 22:32:03,+0000,local.py,MODIFY,4,8,PythonFiles\lupyne\79368723\1242d2dc7def1aa89e46b6e37fe80dc2e818eaf3\1242d2dc7def1aa89e46b6e37fe80dc2e818eaf3_lupyne_79368723_20150906_153203_before_6.py,PythonFiles\lupyne\79368723\1242d2dc7def1aa89e46b6e37fe80dc2e818eaf3\1242d2dc7def1aa89e46b6e37fe80dc2e818eaf3_lupyne_79368723_20150906_153203_after_6.py
10bb2649c6c9d24e1f455d820ff6af04f6c1138c,lupyne,79368723,2015-09-07 15:09:41,+0000,server.py,MODIFY,2,2,PythonFiles\lupyne\79368723\10bb2649c6c9d24e1f455d820ff6af04f6c1138c\10bb2649c6c9d24e1f455d820ff6af04f6c1138c_lupyne_79368723_20150907_080941_before_3.py,PythonFiles\lupyne\79368723\10bb2649c6c9d24e1f455d820ff6af04f6c1138c\10bb2649c6c9d24e1f455d820ff6af04f6c1138c_lupyne_79368723_20150907_080941_after_3.py
10bb2649c6c9d24e1f455d820ff6af04f6c1138c,lupyne,79368723,2015-09-07 15:09:41,+0000,client.py,MODIFY,1,1,PythonFiles\lupyne\79368723\10bb2649c6c9d24e1f455d820ff6af04f6c1138c\10bb2649c6c9d24e1f455d820ff6af04f6c1138c_lupyne_79368723_20150907_080941_before_4.py,PythonFiles\lupyne\79368723\10bb2649c6c9d24e1f455d820ff6af04f6c1138c\10bb2649c6c9d24e1f455d820ff6af04f6c1138c_lupyne_79368723_20150907_080941_after_4.py
10bb2649c6c9d24e1f455d820ff6af04f6c1138c,lupyne,79368723,2015-09-07 15:09:41,+0000,__init__.py,MODIFY,0,3,PythonFiles\lupyne\79368723\10bb2649c6c9d24e1f455d820ff6af04f6c1138c\10bb2649c6c9d24e1f455d820ff6af04f6c1138c_lupyne_79368723_20150907_080941_before_5.py,PythonFiles\lupyne\79368723\10bb2649c6c9d24e1f455d820ff6af04f6c1138c\10bb2649c6c9d24e1f455d820ff6af04f6c1138c_lupyne_79368723_20150907_080941_after_5.py
10bb2649c6c9d24e1f455d820ff6af04f6c1138c,lupyne,79368723,2015-09-07 15:09:41,+0000,indexers.py,MODIFY,1,4,PythonFiles\lupyne\79368723\10bb2649c6c9d24e1f455d820ff6af04f6c1138c\10bb2649c6c9d24e1f455d820ff6af04f6c1138c_lupyne_79368723_20150907_080941_before_6.py,PythonFiles\lupyne\79368723\10bb2649c6c9d24e1f455d820ff6af04f6c1138c\10bb2649c6c9d24e1f455d820ff6af04f6c1138c_lupyne_79368723_20150907_080941_after_6.py
10bb2649c6c9d24e1f455d820ff6af04f6c1138c,lupyne,79368723,2015-09-07 15:09:41,+0000,setup.py,MODIFY,1,0,PythonFiles\lupyne\79368723\10bb2649c6c9d24e1f455d820ff6af04f6c1138c\10bb2649c6c9d24e1f455d820ff6af04f6c1138c_lupyne_79368723_20150907_080941_before_8.py,PythonFiles\lupyne\79368723\10bb2649c6c9d24e1f455d820ff6af04f6c1138c\10bb2649c6c9d24e1f455d820ff6af04f6c1138c_lupyne_79368723_20150907_080941_after_8.py
10bb2649c6c9d24e1f455d820ff6af04f6c1138c,lupyne,79368723,2015-09-07 15:09:41,+0000,__main__.py,DELETE,0,19,PythonFiles\lupyne\79368723\10bb2649c6c9d24e1f455d820ff6af04f6c1138c\10bb2649c6c9d24e1f455d820ff6af04f6c1138c_lupyne_79368723_20150907_080941_before_9.py,
10bb2649c6c9d24e1f455d820ff6af04f6c1138c,lupyne,79368723,2015-09-07 15:09:41,+0000,distributed.py,DELETE,0,176,PythonFiles\lupyne\79368723\10bb2649c6c9d24e1f455d820ff6af04f6c1138c\10bb2649c6c9d24e1f455d820ff6af04f6c1138c_lupyne_79368723_20150907_080941_before_10.py,
10bb2649c6c9d24e1f455d820ff6af04f6c1138c,lupyne,79368723,2015-09-07 15:09:41,+0000,local.py,DELETE,0,740,PythonFiles\lupyne\79368723\10bb2649c6c9d24e1f455d820ff6af04f6c1138c\10bb2649c6c9d24e1f455d820ff6af04f6c1138c_lupyne_79368723_20150907_080941_before_11.py,
10bb2649c6c9d24e1f455d820ff6af04f6c1138c,lupyne,79368723,2015-09-07 15:09:41,+0000,remote.py,DELETE,0,539,PythonFiles\lupyne\79368723\10bb2649c6c9d24e1f455d820ff6af04f6c1138c\10bb2649c6c9d24e1f455d820ff6af04f6c1138c_lupyne_79368723_20150907_080941_before_12.py,
10bb2649c6c9d24e1f455d820ff6af04f6c1138c,lupyne,79368723,2015-09-07 15:09:41,+0000,__init__.py,RENAME,0,0,,
10bb2649c6c9d24e1f455d820ff6af04f6c1138c,lupyne,79368723,2015-09-07 15:09:41,+0000,conftest.py,ADD,7,0,,PythonFiles\lupyne\79368723\10bb2649c6c9d24e1f455d820ff6af04f6c1138c\10bb2649c6c9d24e1f455d820ff6af04f6c1138c_lupyne_79368723_20150907_080941_after_14.py
10bb2649c6c9d24e1f455d820ff6af04f6c1138c,lupyne,79368723,2015-09-07 15:09:41,+0000,__init__.py,RENAME,22,10,PythonFiles\lupyne\79368723\10bb2649c6c9d24e1f455d820ff6af04f6c1138c\10bb2649c6c9d24e1f455d820ff6af04f6c1138c_lupyne_79368723_20150907_080941_before_15.py,PythonFiles\lupyne\79368723\10bb2649c6c9d24e1f455d820ff6af04f6c1138c\10bb2649c6c9d24e1f455d820ff6af04f6c1138c_lupyne_79368723_20150907_080941_after_15.py
10bb2649c6c9d24e1f455d820ff6af04f6c1138c,lupyne,79368723,2015-09-07 15:09:41,+0000,test_distributed.py,ADD,170,0,,PythonFiles\lupyne\79368723\10bb2649c6c9d24e1f455d820ff6af04f6c1138c\10bb2649c6c9d24e1f455d820ff6af04f6c1138c_lupyne_79368723_20150907_080941_after_18.py
10bb2649c6c9d24e1f455d820ff6af04f6c1138c,lupyne,79368723,2015-09-07 15:09:41,+0000,test_local.py,ADD,728,0,,PythonFiles\lupyne\79368723\10bb2649c6c9d24e1f455d820ff6af04f6c1138c\10bb2649c6c9d24e1f455d820ff6af04f6c1138c_lupyne_79368723_20150907_080941_after_19.py
10bb2649c6c9d24e1f455d820ff6af04f6c1138c,lupyne,79368723,2015-09-07 15:09:41,+0000,test_remote.py,ADD,547,0,,PythonFiles\lupyne\79368723\10bb2649c6c9d24e1f455d820ff6af04f6c1138c\10bb2649c6c9d24e1f455d820ff6af04f6c1138c_lupyne_79368723_20150907_080941_after_20.py
53b1e77b62714db3158dbe17b0831004cd8cc639,lupyne,79368723,2015-09-07 17:30:43,+0000,queries.py,MODIFY,10,10,PythonFiles\lupyne\79368723\53b1e77b62714db3158dbe17b0831004cd8cc639\53b1e77b62714db3158dbe17b0831004cd8cc639_lupyne_79368723_20150907_103043_before_1.py,PythonFiles\lupyne\79368723\53b1e77b62714db3158dbe17b0831004cd8cc639\53b1e77b62714db3158dbe17b0831004cd8cc639_lupyne_79368723_20150907_103043_after_1.py
53b1e77b62714db3158dbe17b0831004cd8cc639,lupyne,79368723,2015-09-07 17:30:43,+0000,test_local.py,MODIFY,1,1,PythonFiles\lupyne\79368723\53b1e77b62714db3158dbe17b0831004cd8cc639\53b1e77b62714db3158dbe17b0831004cd8cc639_lupyne_79368723_20150907_103043_before_2.py,PythonFiles\lupyne\79368723\53b1e77b62714db3158dbe17b0831004cd8cc639\53b1e77b62714db3158dbe17b0831004cd8cc639_lupyne_79368723_20150907_103043_after_2.py
64f0315ab69b03ee1c8d46b0455c4875af7ccab1,lupyne,79368723,2015-09-07 20:16:42,+0000,conf.py,MODIFY,102,30,PythonFiles\lupyne\79368723\64f0315ab69b03ee1c8d46b0455c4875af7ccab1\64f0315ab69b03ee1c8d46b0455c4875af7ccab1_lupyne_79368723_20150907_131642_before_2.py,PythonFiles\lupyne\79368723\64f0315ab69b03ee1c8d46b0455c4875af7ccab1\64f0315ab69b03ee1c8d46b0455c4875af7ccab1_lupyne_79368723_20150907_131642_after_2.py
47c475e1b7533e9bc49a12102b263d8b019cfe7d,lupyne,79368723,2015-09-07 20:58:57,+0000,conf.py,MODIFY,4,4,PythonFiles\lupyne\79368723\47c475e1b7533e9bc49a12102b263d8b019cfe7d\47c475e1b7533e9bc49a12102b263d8b019cfe7d_lupyne_79368723_20150907_135857_before_3.py,PythonFiles\lupyne\79368723\47c475e1b7533e9bc49a12102b263d8b019cfe7d\47c475e1b7533e9bc49a12102b263d8b019cfe7d_lupyne_79368723_20150907_135857_after_3.py
686fc3144ce7274a48903a89ce41ef3ae37a1d25,lupyne,79368723,2015-09-10 01:53:16,+0000,queries.py,MODIFY,2,2,PythonFiles\lupyne\79368723\686fc3144ce7274a48903a89ce41ef3ae37a1d25\686fc3144ce7274a48903a89ce41ef3ae37a1d25_lupyne_79368723_20150909_185316_before_3.py,PythonFiles\lupyne\79368723\686fc3144ce7274a48903a89ce41ef3ae37a1d25\686fc3144ce7274a48903a89ce41ef3ae37a1d25_lupyne_79368723_20150909_185316_after_3.py
686fc3144ce7274a48903a89ce41ef3ae37a1d25,lupyne,79368723,2015-09-10 01:53:16,+0000,searching.py,MODIFY,1,1,PythonFiles\lupyne\79368723\686fc3144ce7274a48903a89ce41ef3ae37a1d25\686fc3144ce7274a48903a89ce41ef3ae37a1d25_lupyne_79368723_20150909_185316_before_4.py,PythonFiles\lupyne\79368723\686fc3144ce7274a48903a89ce41ef3ae37a1d25\686fc3144ce7274a48903a89ce41ef3ae37a1d25_lupyne_79368723_20150909_185316_after_4.py
686fc3144ce7274a48903a89ce41ef3ae37a1d25,lupyne,79368723,2015-09-10 01:53:16,+0000,sorting.py,MODIFY,5,10,PythonFiles\lupyne\79368723\686fc3144ce7274a48903a89ce41ef3ae37a1d25\686fc3144ce7274a48903a89ce41ef3ae37a1d25_lupyne_79368723_20150909_185316_before_5.py,PythonFiles\lupyne\79368723\686fc3144ce7274a48903a89ce41ef3ae37a1d25\686fc3144ce7274a48903a89ce41ef3ae37a1d25_lupyne_79368723_20150909_185316_after_5.py
00c1cea214ec2ad99c48a745556c0ea0285e637a,lupyne,79368723,2015-09-11 00:34:33,+0000,client.py,MODIFY,1,15,PythonFiles\lupyne\79368723\00c1cea214ec2ad99c48a745556c0ea0285e637a\00c1cea214ec2ad99c48a745556c0ea0285e637a_lupyne_79368723_20150910_173433_before_1.py,PythonFiles\lupyne\79368723\00c1cea214ec2ad99c48a745556c0ea0285e637a\00c1cea214ec2ad99c48a745556c0ea0285e637a_lupyne_79368723_20150910_173433_after_1.py
00c1cea214ec2ad99c48a745556c0ea0285e637a,lupyne,79368723,2015-09-11 00:34:33,+0000,indexers.py,MODIFY,2,11,PythonFiles\lupyne\79368723\00c1cea214ec2ad99c48a745556c0ea0285e637a\00c1cea214ec2ad99c48a745556c0ea0285e637a_lupyne_79368723_20150910_173433_before_2.py,PythonFiles\lupyne\79368723\00c1cea214ec2ad99c48a745556c0ea0285e637a\00c1cea214ec2ad99c48a745556c0ea0285e637a_lupyne_79368723_20150910_173433_after_2.py
00c1cea214ec2ad99c48a745556c0ea0285e637a,lupyne,79368723,2015-09-11 00:34:33,+0000,server.py,MODIFY,2,2,PythonFiles\lupyne\79368723\00c1cea214ec2ad99c48a745556c0ea0285e637a\00c1cea214ec2ad99c48a745556c0ea0285e637a_lupyne_79368723_20150910_173433_before_3.py,PythonFiles\lupyne\79368723\00c1cea214ec2ad99c48a745556c0ea0285e637a\00c1cea214ec2ad99c48a745556c0ea0285e637a_lupyne_79368723_20150910_173433_after_3.py
00c1cea214ec2ad99c48a745556c0ea0285e637a,lupyne,79368723,2015-09-11 00:34:33,+0000,utils.py,ADD,32,0,,PythonFiles\lupyne\79368723\00c1cea214ec2ad99c48a745556c0ea0285e637a\00c1cea214ec2ad99c48a745556c0ea0285e637a_lupyne_79368723_20150910_173433_after_4.py
dfb48eb9b11285850cc319734713317e4396d482,lupyne,79368723,2015-09-11 00:45:01,+0000,indexers.py,MODIFY,3,2,PythonFiles\lupyne\79368723\dfb48eb9b11285850cc319734713317e4396d482\dfb48eb9b11285850cc319734713317e4396d482_lupyne_79368723_20150910_174501_before_1.py,PythonFiles\lupyne\79368723\dfb48eb9b11285850cc319734713317e4396d482\dfb48eb9b11285850cc319734713317e4396d482_lupyne_79368723_20150910_174501_after_1.py
dfb48eb9b11285850cc319734713317e4396d482,lupyne,79368723,2015-09-11 00:45:01,+0000,queries.py,MODIFY,4,1,PythonFiles\lupyne\79368723\dfb48eb9b11285850cc319734713317e4396d482\dfb48eb9b11285850cc319734713317e4396d482_lupyne_79368723_20150910_174501_before_2.py,PythonFiles\lupyne\79368723\dfb48eb9b11285850cc319734713317e4396d482\dfb48eb9b11285850cc319734713317e4396d482_lupyne_79368723_20150910_174501_after_2.py
dfb48eb9b11285850cc319734713317e4396d482,lupyne,79368723,2015-09-11 00:45:01,+0000,server.py,MODIFY,2,2,PythonFiles\lupyne\79368723\dfb48eb9b11285850cc319734713317e4396d482\dfb48eb9b11285850cc319734713317e4396d482_lupyne_79368723_20150910_174501_before_3.py,PythonFiles\lupyne\79368723\dfb48eb9b11285850cc319734713317e4396d482\dfb48eb9b11285850cc319734713317e4396d482_lupyne_79368723_20150910_174501_after_3.py
dfb48eb9b11285850cc319734713317e4396d482,lupyne,79368723,2015-09-11 00:45:01,+0000,utils.py,MODIFY,6,0,PythonFiles\lupyne\79368723\dfb48eb9b11285850cc319734713317e4396d482\dfb48eb9b11285850cc319734713317e4396d482_lupyne_79368723_20150910_174501_before_4.py,PythonFiles\lupyne\79368723\dfb48eb9b11285850cc319734713317e4396d482\dfb48eb9b11285850cc319734713317e4396d482_lupyne_79368723_20150910_174501_after_4.py
96cfb7b8342c7918320d29bebb9a6e8655c3f788,lupyne,79368723,2015-09-11 01:10:39,+0000,parallel.py,MODIFY,2,2,PythonFiles\lupyne\79368723\96cfb7b8342c7918320d29bebb9a6e8655c3f788\96cfb7b8342c7918320d29bebb9a6e8655c3f788_lupyne_79368723_20150910_181039_before_1.py,PythonFiles\lupyne\79368723\96cfb7b8342c7918320d29bebb9a6e8655c3f788\96cfb7b8342c7918320d29bebb9a6e8655c3f788_lupyne_79368723_20150910_181039_after_1.py
96cfb7b8342c7918320d29bebb9a6e8655c3f788,lupyne,79368723,2015-09-11 01:10:39,+0000,documents.py,MODIFY,13,12,PythonFiles\lupyne\79368723\96cfb7b8342c7918320d29bebb9a6e8655c3f788\96cfb7b8342c7918320d29bebb9a6e8655c3f788_lupyne_79368723_20150910_181039_before_2.py,PythonFiles\lupyne\79368723\96cfb7b8342c7918320d29bebb9a6e8655c3f788\96cfb7b8342c7918320d29bebb9a6e8655c3f788_lupyne_79368723_20150910_181039_after_2.py
96cfb7b8342c7918320d29bebb9a6e8655c3f788,lupyne,79368723,2015-09-11 01:10:39,+0000,indexers.py,MODIFY,3,2,PythonFiles\lupyne\79368723\96cfb7b8342c7918320d29bebb9a6e8655c3f788\96cfb7b8342c7918320d29bebb9a6e8655c3f788_lupyne_79368723_20150910_181039_before_3.py,PythonFiles\lupyne\79368723\96cfb7b8342c7918320d29bebb9a6e8655c3f788\96cfb7b8342c7918320d29bebb9a6e8655c3f788_lupyne_79368723_20150910_181039_after_3.py
96cfb7b8342c7918320d29bebb9a6e8655c3f788,lupyne,79368723,2015-09-11 01:10:39,+0000,queries.py,MODIFY,3,0,PythonFiles\lupyne\79368723\96cfb7b8342c7918320d29bebb9a6e8655c3f788\96cfb7b8342c7918320d29bebb9a6e8655c3f788_lupyne_79368723_20150910_181039_before_4.py,PythonFiles\lupyne\79368723\96cfb7b8342c7918320d29bebb9a6e8655c3f788\96cfb7b8342c7918320d29bebb9a6e8655c3f788_lupyne_79368723_20150910_181039_after_4.py
96cfb7b8342c7918320d29bebb9a6e8655c3f788,lupyne,79368723,2015-09-11 01:10:39,+0000,__init__.py,MODIFY,11,0,PythonFiles\lupyne\79368723\96cfb7b8342c7918320d29bebb9a6e8655c3f788\96cfb7b8342c7918320d29bebb9a6e8655c3f788_lupyne_79368723_20150910_181039_before_5.py,PythonFiles\lupyne\79368723\96cfb7b8342c7918320d29bebb9a6e8655c3f788\96cfb7b8342c7918320d29bebb9a6e8655c3f788_lupyne_79368723_20150910_181039_after_5.py
96cfb7b8342c7918320d29bebb9a6e8655c3f788,lupyne,79368723,2015-09-11 01:10:39,+0000,test_local.py,MODIFY,7,8,PythonFiles\lupyne\79368723\96cfb7b8342c7918320d29bebb9a6e8655c3f788\96cfb7b8342c7918320d29bebb9a6e8655c3f788_lupyne_79368723_20150910_181039_before_6.py,PythonFiles\lupyne\79368723\96cfb7b8342c7918320d29bebb9a6e8655c3f788\96cfb7b8342c7918320d29bebb9a6e8655c3f788_lupyne_79368723_20150910_181039_after_6.py
96cfb7b8342c7918320d29bebb9a6e8655c3f788,lupyne,79368723,2015-09-11 01:10:39,+0000,test_remote.py,MODIFY,1,11,PythonFiles\lupyne\79368723\96cfb7b8342c7918320d29bebb9a6e8655c3f788\96cfb7b8342c7918320d29bebb9a6e8655c3f788_lupyne_79368723_20150910_181039_before_7.py,PythonFiles\lupyne\79368723\96cfb7b8342c7918320d29bebb9a6e8655c3f788\96cfb7b8342c7918320d29bebb9a6e8655c3f788_lupyne_79368723_20150910_181039_after_7.py
247bf7413ad84bbd785d2cebcfa60c5d92f7b86b,lupyne,79368723,2015-09-12 00:57:51,+0000,client.py,MODIFY,1,4,PythonFiles\lupyne\79368723\247bf7413ad84bbd785d2cebcfa60c5d92f7b86b\247bf7413ad84bbd785d2cebcfa60c5d92f7b86b_lupyne_79368723_20150911_175751_before_1.py,PythonFiles\lupyne\79368723\247bf7413ad84bbd785d2cebcfa60c5d92f7b86b\247bf7413ad84bbd785d2cebcfa60c5d92f7b86b_lupyne_79368723_20150911_175751_after_1.py
247bf7413ad84bbd785d2cebcfa60c5d92f7b86b,lupyne,79368723,2015-09-12 00:57:51,+0000,indexers.py,MODIFY,50,52,PythonFiles\lupyne\79368723\247bf7413ad84bbd785d2cebcfa60c5d92f7b86b\247bf7413ad84bbd785d2cebcfa60c5d92f7b86b_lupyne_79368723_20150911_175751_before_2.py,PythonFiles\lupyne\79368723\247bf7413ad84bbd785d2cebcfa60c5d92f7b86b\247bf7413ad84bbd785d2cebcfa60c5d92f7b86b_lupyne_79368723_20150911_175751_after_2.py
247bf7413ad84bbd785d2cebcfa60c5d92f7b86b,lupyne,79368723,2015-09-12 00:57:51,+0000,queries.py,MODIFY,3,3,PythonFiles\lupyne\79368723\247bf7413ad84bbd785d2cebcfa60c5d92f7b86b\247bf7413ad84bbd785d2cebcfa60c5d92f7b86b_lupyne_79368723_20150911_175751_before_3.py,PythonFiles\lupyne\79368723\247bf7413ad84bbd785d2cebcfa60c5d92f7b86b\247bf7413ad84bbd785d2cebcfa60c5d92f7b86b_lupyne_79368723_20150911_175751_after_3.py
247bf7413ad84bbd785d2cebcfa60c5d92f7b86b,lupyne,79368723,2015-09-12 00:57:51,+0000,test_local.py,MODIFY,1,0,PythonFiles\lupyne\79368723\247bf7413ad84bbd785d2cebcfa60c5d92f7b86b\247bf7413ad84bbd785d2cebcfa60c5d92f7b86b_lupyne_79368723_20150911_175751_before_4.py,PythonFiles\lupyne\79368723\247bf7413ad84bbd785d2cebcfa60c5d92f7b86b\247bf7413ad84bbd785d2cebcfa60c5d92f7b86b_lupyne_79368723_20150911_175751_after_4.py
a47f5928d9e4ade9f70fca25529590dc5950f7c6,lupyne,a5486ed8,2015-09-20 00:12:20,+0000,conftest.py,MODIFY,4,2,PythonFiles\lupyne\a5486ed8\a47f5928d9e4ade9f70fca25529590dc5950f7c6\a47f5928d9e4ade9f70fca25529590dc5950f7c6_lupyne_a5486ed8_20150919_171220_before_4.py,PythonFiles\lupyne\a5486ed8\a47f5928d9e4ade9f70fca25529590dc5950f7c6\a47f5928d9e4ade9f70fca25529590dc5950f7c6_lupyne_a5486ed8_20150919_171220_after_4.py
466be36b1ec1fdf105fbdf733bd5084a5a00c644,lupyne,a5486ed8,2015-09-22 23:19:05,+0000,server.py,MODIFY,1,1,PythonFiles\lupyne\a5486ed8\466be36b1ec1fdf105fbdf733bd5084a5a00c644\466be36b1ec1fdf105fbdf733bd5084a5a00c644_lupyne_a5486ed8_20150922_161905_before_2.py,PythonFiles\lupyne\a5486ed8\466be36b1ec1fdf105fbdf733bd5084a5a00c644\466be36b1ec1fdf105fbdf733bd5084a5a00c644_lupyne_a5486ed8_20150922_161905_after_2.py
dec01784eb4371cabc08f9d283ee5981f93639cc,lupyne,a5486ed8,2015-09-24 03:52:43,+0000,spatial.py,ADD,75,0,,PythonFiles\lupyne\a5486ed8\dec01784eb4371cabc08f9d283ee5981f93639cc\dec01784eb4371cabc08f9d283ee5981f93639cc_lupyne_a5486ed8_20150923_205243_after_3.py
e485d99d82b70e9209598c02c20201092079f150,lupyne,a5486ed8,2015-09-24 04:20:12,+0000,grouping.py,MODIFY,1,1,PythonFiles\lupyne\a5486ed8\e485d99d82b70e9209598c02c20201092079f150\e485d99d82b70e9209598c02c20201092079f150_lupyne_a5486ed8_20150923_212012_before_1.py,PythonFiles\lupyne\a5486ed8\e485d99d82b70e9209598c02c20201092079f150\e485d99d82b70e9209598c02c20201092079f150_lupyne_a5486ed8_20150923_212012_after_1.py
e485d99d82b70e9209598c02c20201092079f150,lupyne,a5486ed8,2015-09-24 04:20:12,+0000,indexers.py,MODIFY,1,1,PythonFiles\lupyne\a5486ed8\e485d99d82b70e9209598c02c20201092079f150\e485d99d82b70e9209598c02c20201092079f150_lupyne_a5486ed8_20150923_212012_before_2.py,PythonFiles\lupyne\a5486ed8\e485d99d82b70e9209598c02c20201092079f150\e485d99d82b70e9209598c02c20201092079f150_lupyne_a5486ed8_20150923_212012_after_2.py
e485d99d82b70e9209598c02c20201092079f150,lupyne,a5486ed8,2015-09-24 04:20:12,+0000,parallel.py,MODIFY,1,1,PythonFiles\lupyne\a5486ed8\e485d99d82b70e9209598c02c20201092079f150\e485d99d82b70e9209598c02c20201092079f150_lupyne_a5486ed8_20150923_212012_before_3.py,PythonFiles\lupyne\a5486ed8\e485d99d82b70e9209598c02c20201092079f150\e485d99d82b70e9209598c02c20201092079f150_lupyne_a5486ed8_20150923_212012_after_3.py
e485d99d82b70e9209598c02c20201092079f150,lupyne,a5486ed8,2015-09-24 04:20:12,+0000,queries.py,MODIFY,1,1,PythonFiles\lupyne\a5486ed8\e485d99d82b70e9209598c02c20201092079f150\e485d99d82b70e9209598c02c20201092079f150_lupyne_a5486ed8_20150923_212012_before_4.py,PythonFiles\lupyne\a5486ed8\e485d99d82b70e9209598c02c20201092079f150\e485d99d82b70e9209598c02c20201092079f150_lupyne_a5486ed8_20150923_212012_after_4.py
e485d99d82b70e9209598c02c20201092079f150,lupyne,a5486ed8,2015-09-24 04:20:12,+0000,searching.py,MODIFY,1,1,PythonFiles\lupyne\a5486ed8\e485d99d82b70e9209598c02c20201092079f150\e485d99d82b70e9209598c02c20201092079f150_lupyne_a5486ed8_20150923_212012_before_5.py,PythonFiles\lupyne\a5486ed8\e485d99d82b70e9209598c02c20201092079f150\e485d99d82b70e9209598c02c20201092079f150_lupyne_a5486ed8_20150923_212012_after_5.py
e485d99d82b70e9209598c02c20201092079f150,lupyne,a5486ed8,2015-09-24 04:20:12,+0000,sorting.py,MODIFY,1,1,PythonFiles\lupyne\a5486ed8\e485d99d82b70e9209598c02c20201092079f150\e485d99d82b70e9209598c02c20201092079f150_lupyne_a5486ed8_20150923_212012_before_6.py,PythonFiles\lupyne\a5486ed8\e485d99d82b70e9209598c02c20201092079f150\e485d99d82b70e9209598c02c20201092079f150_lupyne_a5486ed8_20150923_212012_after_6.py
e485d99d82b70e9209598c02c20201092079f150,lupyne,a5486ed8,2015-09-24 04:20:12,+0000,documents.py,MODIFY,1,1,PythonFiles\lupyne\a5486ed8\e485d99d82b70e9209598c02c20201092079f150\e485d99d82b70e9209598c02c20201092079f150_lupyne_a5486ed8_20150923_212012_before_7.py,PythonFiles\lupyne\a5486ed8\e485d99d82b70e9209598c02c20201092079f150\e485d99d82b70e9209598c02c20201092079f150_lupyne_a5486ed8_20150923_212012_after_7.py
e485d99d82b70e9209598c02c20201092079f150,lupyne,a5486ed8,2015-09-24 04:20:12,+0000,server.py,MODIFY,6,6,PythonFiles\lupyne\a5486ed8\e485d99d82b70e9209598c02c20201092079f150\e485d99d82b70e9209598c02c20201092079f150_lupyne_a5486ed8_20150923_212012_before_8.py,PythonFiles\lupyne\a5486ed8\e485d99d82b70e9209598c02c20201092079f150\e485d99d82b70e9209598c02c20201092079f150_lupyne_a5486ed8_20150923_212012_after_8.py
e485d99d82b70e9209598c02c20201092079f150,lupyne,a5486ed8,2015-09-24 04:20:12,+0000,utils.py,MODIFY,1,1,PythonFiles\lupyne\a5486ed8\e485d99d82b70e9209598c02c20201092079f150\e485d99d82b70e9209598c02c20201092079f150_lupyne_a5486ed8_20150923_212012_before_9.py,PythonFiles\lupyne\a5486ed8\e485d99d82b70e9209598c02c20201092079f150\e485d99d82b70e9209598c02c20201092079f150_lupyne_a5486ed8_20150923_212012_after_9.py
4e1b0d31bbcb12fee521015fb1edaa19cc5c31a9,lupyne,a5486ed8,2015-09-26 19:39:02,+0000,conf.py,MODIFY,1,1,PythonFiles\lupyne\a5486ed8\4e1b0d31bbcb12fee521015fb1edaa19cc5c31a9\4e1b0d31bbcb12fee521015fb1edaa19cc5c31a9_lupyne_a5486ed8_20150926_123902_before_3.py,PythonFiles\lupyne\a5486ed8\4e1b0d31bbcb12fee521015fb1edaa19cc5c31a9\4e1b0d31bbcb12fee521015fb1edaa19cc5c31a9_lupyne_a5486ed8_20150926_123902_after_3.py
1db8683f25f7b18f252be09ace56769f67cea6de,lupyne,a5486ed8,2016-02-08 01:58:25,+0000,conf.py,MODIFY,1,1,PythonFiles\lupyne\a5486ed8\1db8683f25f7b18f252be09ace56769f67cea6de\1db8683f25f7b18f252be09ace56769f67cea6de_lupyne_a5486ed8_20160207_175825_before_3.py,PythonFiles\lupyne\a5486ed8\1db8683f25f7b18f252be09ace56769f67cea6de\1db8683f25f7b18f252be09ace56769f67cea6de_lupyne_a5486ed8_20160207_175825_after_3.py
1db8683f25f7b18f252be09ace56769f67cea6de,lupyne,a5486ed8,2016-02-08 01:58:25,+0000,setup.py,MODIFY,1,1,PythonFiles\lupyne\a5486ed8\1db8683f25f7b18f252be09ace56769f67cea6de\1db8683f25f7b18f252be09ace56769f67cea6de_lupyne_a5486ed8_20160207_175825_before_4.py,PythonFiles\lupyne\a5486ed8\1db8683f25f7b18f252be09ace56769f67cea6de\1db8683f25f7b18f252be09ace56769f67cea6de_lupyne_a5486ed8_20160207_175825_after_4.py
1db8683f25f7b18f252be09ace56769f67cea6de,lupyne,a5486ed8,2016-02-08 01:58:25,+0000,test_remote.py,MODIFY,3,6,PythonFiles\lupyne\a5486ed8\1db8683f25f7b18f252be09ace56769f67cea6de\1db8683f25f7b18f252be09ace56769f67cea6de_lupyne_a5486ed8_20160207_175825_before_5.py,PythonFiles\lupyne\a5486ed8\1db8683f25f7b18f252be09ace56769f67cea6de\1db8683f25f7b18f252be09ace56769f67cea6de_lupyne_a5486ed8_20160207_175825_after_5.py
60280cee7ed792b212efbbebf388409fbc969ea0,lupyne,a5486ed8,2016-02-21 23:40:22,+0000,__init__.py,MODIFY,4,0,PythonFiles\lupyne\a5486ed8\60280cee7ed792b212efbbebf388409fbc969ea0\60280cee7ed792b212efbbebf388409fbc969ea0_lupyne_a5486ed8_20160221_154022_before_1.py,PythonFiles\lupyne\a5486ed8\60280cee7ed792b212efbbebf388409fbc969ea0\60280cee7ed792b212efbbebf388409fbc969ea0_lupyne_a5486ed8_20160221_154022_after_1.py
60280cee7ed792b212efbbebf388409fbc969ea0,lupyne,a5486ed8,2016-02-21 23:40:22,+0000,conftest.py,MODIFY,1,0,PythonFiles\lupyne\a5486ed8\60280cee7ed792b212efbbebf388409fbc969ea0\60280cee7ed792b212efbbebf388409fbc969ea0_lupyne_a5486ed8_20160221_154022_before_2.py,PythonFiles\lupyne\a5486ed8\60280cee7ed792b212efbbebf388409fbc969ea0\60280cee7ed792b212efbbebf388409fbc969ea0_lupyne_a5486ed8_20160221_154022_after_2.py
60280cee7ed792b212efbbebf388409fbc969ea0,lupyne,a5486ed8,2016-02-21 23:40:22,+0000,__init__.py,MODIFY,0,2,PythonFiles\lupyne\a5486ed8\60280cee7ed792b212efbbebf388409fbc969ea0\60280cee7ed792b212efbbebf388409fbc969ea0_lupyne_a5486ed8_20160221_154022_before_3.py,PythonFiles\lupyne\a5486ed8\60280cee7ed792b212efbbebf388409fbc969ea0\60280cee7ed792b212efbbebf388409fbc969ea0_lupyne_a5486ed8_20160221_154022_after_3.py
60280cee7ed792b212efbbebf388409fbc969ea0,lupyne,a5486ed8,2016-02-21 23:40:22,+0000,test_distributed.py,MODIFY,1,2,PythonFiles\lupyne\a5486ed8\60280cee7ed792b212efbbebf388409fbc969ea0\60280cee7ed792b212efbbebf388409fbc969ea0_lupyne_a5486ed8_20160221_154022_before_4.py,PythonFiles\lupyne\a5486ed8\60280cee7ed792b212efbbebf388409fbc969ea0\60280cee7ed792b212efbbebf388409fbc969ea0_lupyne_a5486ed8_20160221_154022_after_4.py
60280cee7ed792b212efbbebf388409fbc969ea0,lupyne,a5486ed8,2016-02-21 23:40:22,+0000,test_local.py,MODIFY,1,2,PythonFiles\lupyne\a5486ed8\60280cee7ed792b212efbbebf388409fbc969ea0\60280cee7ed792b212efbbebf388409fbc969ea0_lupyne_a5486ed8_20160221_154022_before_5.py,PythonFiles\lupyne\a5486ed8\60280cee7ed792b212efbbebf388409fbc969ea0\60280cee7ed792b212efbbebf388409fbc969ea0_lupyne_a5486ed8_20160221_154022_after_5.py
60280cee7ed792b212efbbebf388409fbc969ea0,lupyne,a5486ed8,2016-02-21 23:40:22,+0000,test_remote.py,MODIFY,1,2,PythonFiles\lupyne\a5486ed8\60280cee7ed792b212efbbebf388409fbc969ea0\60280cee7ed792b212efbbebf388409fbc969ea0_lupyne_a5486ed8_20160221_154022_before_6.py,PythonFiles\lupyne\a5486ed8\60280cee7ed792b212efbbebf388409fbc969ea0\60280cee7ed792b212efbbebf388409fbc969ea0_lupyne_a5486ed8_20160221_154022_after_6.py
81260b69110d09f195cf15346b2676e519da8204,lupyne,a5486ed8,2016-03-17 01:05:31,+0000,__main__.py,MODIFY,1,1,PythonFiles\lupyne\a5486ed8\81260b69110d09f195cf15346b2676e519da8204\81260b69110d09f195cf15346b2676e519da8204_lupyne_a5486ed8_20160316_180531_before_1.py,PythonFiles\lupyne\a5486ed8\81260b69110d09f195cf15346b2676e519da8204\81260b69110d09f195cf15346b2676e519da8204_lupyne_a5486ed8_20160316_180531_after_1.py
81260b69110d09f195cf15346b2676e519da8204,lupyne,a5486ed8,2016-03-17 01:05:31,+0000,__init__.py,MODIFY,1,1,PythonFiles\lupyne\a5486ed8\81260b69110d09f195cf15346b2676e519da8204\81260b69110d09f195cf15346b2676e519da8204_lupyne_a5486ed8_20160316_180531_before_2.py,PythonFiles\lupyne\a5486ed8\81260b69110d09f195cf15346b2676e519da8204\81260b69110d09f195cf15346b2676e519da8204_lupyne_a5486ed8_20160316_180531_after_2.py
81260b69110d09f195cf15346b2676e519da8204,lupyne,a5486ed8,2016-03-17 01:05:31,+0000,conftest.py,MODIFY,1,1,PythonFiles\lupyne\a5486ed8\81260b69110d09f195cf15346b2676e519da8204\81260b69110d09f195cf15346b2676e519da8204_lupyne_a5486ed8_20160316_180531_before_4.py,PythonFiles\lupyne\a5486ed8\81260b69110d09f195cf15346b2676e519da8204\81260b69110d09f195cf15346b2676e519da8204_lupyne_a5486ed8_20160316_180531_after_4.py
81260b69110d09f195cf15346b2676e519da8204,lupyne,a5486ed8,2016-03-17 01:05:31,+0000,test_distributed.py,MODIFY,4,4,PythonFiles\lupyne\a5486ed8\81260b69110d09f195cf15346b2676e519da8204\81260b69110d09f195cf15346b2676e519da8204_lupyne_a5486ed8_20160316_180531_before_5.py,PythonFiles\lupyne\a5486ed8\81260b69110d09f195cf15346b2676e519da8204\81260b69110d09f195cf15346b2676e519da8204_lupyne_a5486ed8_20160316_180531_after_5.py
af025ba43a7fca99efbfa9df97dad53fdfcb6365,lupyne,a5486ed8,2016-03-17 01:11:07,+0000,server.py,MODIFY,2,2,PythonFiles\lupyne\a5486ed8\af025ba43a7fca99efbfa9df97dad53fdfcb6365\af025ba43a7fca99efbfa9df97dad53fdfcb6365_lupyne_a5486ed8_20160316_181107_before_1.py,PythonFiles\lupyne\a5486ed8\af025ba43a7fca99efbfa9df97dad53fdfcb6365\af025ba43a7fca99efbfa9df97dad53fdfcb6365_lupyne_a5486ed8_20160316_181107_after_1.py
af025ba43a7fca99efbfa9df97dad53fdfcb6365,lupyne,a5486ed8,2016-03-17 01:11:07,+0000,test_remote.py,MODIFY,5,1,PythonFiles\lupyne\a5486ed8\af025ba43a7fca99efbfa9df97dad53fdfcb6365\af025ba43a7fca99efbfa9df97dad53fdfcb6365_lupyne_a5486ed8_20160316_181107_before_2.py,PythonFiles\lupyne\a5486ed8\af025ba43a7fca99efbfa9df97dad53fdfcb6365\af025ba43a7fca99efbfa9df97dad53fdfcb6365_lupyne_a5486ed8_20160316_181107_after_2.py
caf8d8e39039e84f244f428991e567b332111b8a,lupyne,a5486ed8,2017-09-18 00:42:13,+0000,server.py,MODIFY,1,0,PythonFiles\lupyne\a5486ed8\caf8d8e39039e84f244f428991e567b332111b8a\caf8d8e39039e84f244f428991e567b332111b8a_lupyne_a5486ed8_20170917_174213_before_3.py,PythonFiles\lupyne\a5486ed8\caf8d8e39039e84f244f428991e567b332111b8a\caf8d8e39039e84f244f428991e567b332111b8a_lupyne_a5486ed8_20170917_174213_after_3.py
caf8d8e39039e84f244f428991e567b332111b8a,lupyne,a5486ed8,2017-09-18 00:42:13,+0000,sorting.py,MODIFY,1,0,PythonFiles\lupyne\a5486ed8\caf8d8e39039e84f244f428991e567b332111b8a\caf8d8e39039e84f244f428991e567b332111b8a_lupyne_a5486ed8_20170917_174213_before_4.py,PythonFiles\lupyne\a5486ed8\caf8d8e39039e84f244f428991e567b332111b8a\caf8d8e39039e84f244f428991e567b332111b8a_lupyne_a5486ed8_20170917_174213_after_4.py
caf8d8e39039e84f244f428991e567b332111b8a,lupyne,a5486ed8,2017-09-18 00:42:13,+0000,client.py,MODIFY,1,0,PythonFiles\lupyne\a5486ed8\caf8d8e39039e84f244f428991e567b332111b8a\caf8d8e39039e84f244f428991e567b332111b8a_lupyne_a5486ed8_20170917_174213_before_5.py,PythonFiles\lupyne\a5486ed8\caf8d8e39039e84f244f428991e567b332111b8a\caf8d8e39039e84f244f428991e567b332111b8a_lupyne_a5486ed8_20170917_174213_after_5.py
caf8d8e39039e84f244f428991e567b332111b8a,lupyne,a5486ed8,2017-09-18 00:42:13,+0000,server.py,MODIFY,2,0,PythonFiles\lupyne\a5486ed8\caf8d8e39039e84f244f428991e567b332111b8a\caf8d8e39039e84f244f428991e567b332111b8a_lupyne_a5486ed8_20170917_174213_before_6.py,PythonFiles\lupyne\a5486ed8\caf8d8e39039e84f244f428991e567b332111b8a\caf8d8e39039e84f244f428991e567b332111b8a_lupyne_a5486ed8_20170917_174213_after_6.py
caf8d8e39039e84f244f428991e567b332111b8a,lupyne,a5486ed8,2017-09-18 00:42:13,+0000,utils.py,MODIFY,1,0,PythonFiles\lupyne\a5486ed8\caf8d8e39039e84f244f428991e567b332111b8a\caf8d8e39039e84f244f428991e567b332111b8a_lupyne_a5486ed8_20170917_174213_before_7.py,PythonFiles\lupyne\a5486ed8\caf8d8e39039e84f244f428991e567b332111b8a\caf8d8e39039e84f244f428991e567b332111b8a_lupyne_a5486ed8_20170917_174213_after_7.py
fa16f6ecd4bffcb73ace592c39da19a2e46b565b,lupyne,a5486ed8,2017-09-18 02:59:25,+0000,server.py,MODIFY,28,46,PythonFiles\lupyne\a5486ed8\fa16f6ecd4bffcb73ace592c39da19a2e46b565b\fa16f6ecd4bffcb73ace592c39da19a2e46b565b_lupyne_a5486ed8_20170917_195925_before_1.py,PythonFiles\lupyne\a5486ed8\fa16f6ecd4bffcb73ace592c39da19a2e46b565b\fa16f6ecd4bffcb73ace592c39da19a2e46b565b_lupyne_a5486ed8_20170917_195925_after_1.py
fa16f6ecd4bffcb73ace592c39da19a2e46b565b,lupyne,a5486ed8,2017-09-18 02:59:25,+0000,setup.py,MODIFY,1,1,PythonFiles\lupyne\a5486ed8\fa16f6ecd4bffcb73ace592c39da19a2e46b565b\fa16f6ecd4bffcb73ace592c39da19a2e46b565b_lupyne_a5486ed8_20170917_195925_before_2.py,PythonFiles\lupyne\a5486ed8\fa16f6ecd4bffcb73ace592c39da19a2e46b565b\fa16f6ecd4bffcb73ace592c39da19a2e46b565b_lupyne_a5486ed8_20170917_195925_after_2.py
607bf54488ee0adab94cb07a357322d403fa3cb2,lupyne,a5486ed8,2017-09-19 00:00:28,+0000,server.py,MODIFY,1,1,PythonFiles\lupyne\a5486ed8\607bf54488ee0adab94cb07a357322d403fa3cb2\607bf54488ee0adab94cb07a357322d403fa3cb2_lupyne_a5486ed8_20170918_170028_before_2.py,PythonFiles\lupyne\a5486ed8\607bf54488ee0adab94cb07a357322d403fa3cb2\607bf54488ee0adab94cb07a357322d403fa3cb2_lupyne_a5486ed8_20170918_170028_after_2.py
607bf54488ee0adab94cb07a357322d403fa3cb2,lupyne,a5486ed8,2017-09-19 00:00:28,+0000,setup.py,MODIFY,1,1,PythonFiles\lupyne\a5486ed8\607bf54488ee0adab94cb07a357322d403fa3cb2\607bf54488ee0adab94cb07a357322d403fa3cb2_lupyne_a5486ed8_20170918_170028_before_3.py,PythonFiles\lupyne\a5486ed8\607bf54488ee0adab94cb07a357322d403fa3cb2\607bf54488ee0adab94cb07a357322d403fa3cb2_lupyne_a5486ed8_20170918_170028_after_3.py
607bf54488ee0adab94cb07a357322d403fa3cb2,lupyne,a5486ed8,2017-09-19 00:00:28,+0000,test_remote.py,MODIFY,3,2,PythonFiles\lupyne\a5486ed8\607bf54488ee0adab94cb07a357322d403fa3cb2\607bf54488ee0adab94cb07a357322d403fa3cb2_lupyne_a5486ed8_20170918_170028_before_4.py,PythonFiles\lupyne\a5486ed8\607bf54488ee0adab94cb07a357322d403fa3cb2\607bf54488ee0adab94cb07a357322d403fa3cb2_lupyne_a5486ed8_20170918_170028_after_4.py
1e005d684cc24ea54954708372088b9c41124dd5,lupyne,a5486ed8,2017-09-21 00:13:13,+0000,client.py,MODIFY,0,40,PythonFiles\lupyne\a5486ed8\1e005d684cc24ea54954708372088b9c41124dd5\1e005d684cc24ea54954708372088b9c41124dd5_lupyne_a5486ed8_20170920_171313_before_3.py,PythonFiles\lupyne\a5486ed8\1e005d684cc24ea54954708372088b9c41124dd5\1e005d684cc24ea54954708372088b9c41124dd5_lupyne_a5486ed8_20170920_171313_after_3.py
1e005d684cc24ea54954708372088b9c41124dd5,lupyne,a5486ed8,2017-09-21 00:13:13,+0000,test_distributed.py,MODIFY,8,9,PythonFiles\lupyne\a5486ed8\1e005d684cc24ea54954708372088b9c41124dd5\1e005d684cc24ea54954708372088b9c41124dd5_lupyne_a5486ed8_20170920_171313_before_4.py,PythonFiles\lupyne\a5486ed8\1e005d684cc24ea54954708372088b9c41124dd5\1e005d684cc24ea54954708372088b9c41124dd5_lupyne_a5486ed8_20170920_171313_after_4.py
22a8f0a2ad5d0a8fa3b3c821cac53b88401e7967,lupyne,a5486ed8,2017-09-21 00:31:01,+0000,client.py,MODIFY,1,42,PythonFiles\lupyne\a5486ed8\22a8f0a2ad5d0a8fa3b3c821cac53b88401e7967\22a8f0a2ad5d0a8fa3b3c821cac53b88401e7967_lupyne_a5486ed8_20170920_173101_before_3.py,PythonFiles\lupyne\a5486ed8\22a8f0a2ad5d0a8fa3b3c821cac53b88401e7967\22a8f0a2ad5d0a8fa3b3c821cac53b88401e7967_lupyne_a5486ed8_20170920_173101_after_3.py
22a8f0a2ad5d0a8fa3b3c821cac53b88401e7967,lupyne,a5486ed8,2017-09-21 00:31:01,+0000,test_distributed.py,MODIFY,0,36,PythonFiles\lupyne\a5486ed8\22a8f0a2ad5d0a8fa3b3c821cac53b88401e7967\22a8f0a2ad5d0a8fa3b3c821cac53b88401e7967_lupyne_a5486ed8_20170920_173101_before_4.py,PythonFiles\lupyne\a5486ed8\22a8f0a2ad5d0a8fa3b3c821cac53b88401e7967\22a8f0a2ad5d0a8fa3b3c821cac53b88401e7967_lupyne_a5486ed8_20170920_173101_after_4.py
a613ea3938d661e42ae4b3757016cceb49e93770,lupyne,a5486ed8,2017-09-22 00:30:57,+0000,client.py,MODIFY,1,80,PythonFiles\lupyne\a5486ed8\a613ea3938d661e42ae4b3757016cceb49e93770\a613ea3938d661e42ae4b3757016cceb49e93770_lupyne_a5486ed8_20170921_173057_before_2.py,PythonFiles\lupyne\a5486ed8\a613ea3938d661e42ae4b3757016cceb49e93770\a613ea3938d661e42ae4b3757016cceb49e93770_lupyne_a5486ed8_20170921_173057_after_2.py
a613ea3938d661e42ae4b3757016cceb49e93770,lupyne,a5486ed8,2017-09-22 00:30:57,+0000,utils.py,MODIFY,4,5,PythonFiles\lupyne\a5486ed8\a613ea3938d661e42ae4b3757016cceb49e93770\a613ea3938d661e42ae4b3757016cceb49e93770_lupyne_a5486ed8_20170921_173057_before_3.py,PythonFiles\lupyne\a5486ed8\a613ea3938d661e42ae4b3757016cceb49e93770\a613ea3938d661e42ae4b3757016cceb49e93770_lupyne_a5486ed8_20170921_173057_after_3.py
a613ea3938d661e42ae4b3757016cceb49e93770,lupyne,a5486ed8,2017-09-22 00:30:57,+0000,test_distributed.py,MODIFY,0,71,PythonFiles\lupyne\a5486ed8\a613ea3938d661e42ae4b3757016cceb49e93770\a613ea3938d661e42ae4b3757016cceb49e93770_lupyne_a5486ed8_20170921_173057_before_4.py,PythonFiles\lupyne\a5486ed8\a613ea3938d661e42ae4b3757016cceb49e93770\a613ea3938d661e42ae4b3757016cceb49e93770_lupyne_a5486ed8_20170921_173057_after_4.py
451c2e84c10ce7a8c0f15261674b508fc24db0fc,lupyne,a5486ed8,2017-09-22 01:26:53,+0000,client.py,MODIFY,1,26,PythonFiles\lupyne\a5486ed8\451c2e84c10ce7a8c0f15261674b508fc24db0fc\451c2e84c10ce7a8c0f15261674b508fc24db0fc_lupyne_a5486ed8_20170921_182653_before_1.py,PythonFiles\lupyne\a5486ed8\451c2e84c10ce7a8c0f15261674b508fc24db0fc\451c2e84c10ce7a8c0f15261674b508fc24db0fc_lupyne_a5486ed8_20170921_182653_after_1.py
451c2e84c10ce7a8c0f15261674b508fc24db0fc,lupyne,a5486ed8,2017-09-22 01:26:53,+0000,test_remote.py,MODIFY,2,7,PythonFiles\lupyne\a5486ed8\451c2e84c10ce7a8c0f15261674b508fc24db0fc\451c2e84c10ce7a8c0f15261674b508fc24db0fc_lupyne_a5486ed8_20170921_182653_before_2.py,PythonFiles\lupyne\a5486ed8\451c2e84c10ce7a8c0f15261674b508fc24db0fc\451c2e84c10ce7a8c0f15261674b508fc24db0fc_lupyne_a5486ed8_20170921_182653_after_2.py
8291332643dea6935be7a479a47b2d8f85923532,lupyne,a5486ed8,2017-09-24 16:42:36,+0000,setup.py,MODIFY,1,1,PythonFiles\lupyne\a5486ed8\8291332643dea6935be7a479a47b2d8f85923532\8291332643dea6935be7a479a47b2d8f85923532_lupyne_a5486ed8_20170924_094236_before_2.py,PythonFiles\lupyne\a5486ed8\8291332643dea6935be7a479a47b2d8f85923532\8291332643dea6935be7a479a47b2d8f85923532_lupyne_a5486ed8_20170924_094236_after_2.py
8291332643dea6935be7a479a47b2d8f85923532,lupyne,a5486ed8,2017-09-24 16:42:36,+0000,test_remote.py,MODIFY,2,1,PythonFiles\lupyne\a5486ed8\8291332643dea6935be7a479a47b2d8f85923532\8291332643dea6935be7a479a47b2d8f85923532_lupyne_a5486ed8_20170924_094236_before_4.py,PythonFiles\lupyne\a5486ed8\8291332643dea6935be7a479a47b2d8f85923532\8291332643dea6935be7a479a47b2d8f85923532_lupyne_a5486ed8_20170924_094236_after_4.py
8291332643dea6935be7a479a47b2d8f85923532,lupyne,a5486ed8,2017-09-24 16:42:36,+0000,test_server.py,RENAME,9,9,PythonFiles\lupyne\a5486ed8\8291332643dea6935be7a479a47b2d8f85923532\8291332643dea6935be7a479a47b2d8f85923532_lupyne_a5486ed8_20170924_094236_before_5.py,PythonFiles\lupyne\a5486ed8\8291332643dea6935be7a479a47b2d8f85923532\8291332643dea6935be7a479a47b2d8f85923532_lupyne_a5486ed8_20170924_094236_after_5.py
6d4e506fbe798f5d4637e258bc66530f8d43bbd9,lupyne,a5486ed8,2017-09-24 23:26:08,+0000,test_remote.py,MODIFY,0,96,PythonFiles\lupyne\a5486ed8\6d4e506fbe798f5d4637e258bc66530f8d43bbd9\6d4e506fbe798f5d4637e258bc66530f8d43bbd9_lupyne_a5486ed8_20170924_162608_before_1.py,PythonFiles\lupyne\a5486ed8\6d4e506fbe798f5d4637e258bc66530f8d43bbd9\6d4e506fbe798f5d4637e258bc66530f8d43bbd9_lupyne_a5486ed8_20170924_162608_after_1.py
6d4e506fbe798f5d4637e258bc66530f8d43bbd9,lupyne,a5486ed8,2017-09-24 23:26:08,+0000,test_server.py,MODIFY,115,12,PythonFiles\lupyne\a5486ed8\6d4e506fbe798f5d4637e258bc66530f8d43bbd9\6d4e506fbe798f5d4637e258bc66530f8d43bbd9_lupyne_a5486ed8_20170924_162608_before_2.py,PythonFiles\lupyne\a5486ed8\6d4e506fbe798f5d4637e258bc66530f8d43bbd9\6d4e506fbe798f5d4637e258bc66530f8d43bbd9_lupyne_a5486ed8_20170924_162608_after_2.py
f17a44f3d817f94ea29c57d18a9da4114777ca61,lupyne,a5486ed8,2017-09-25 02:15:59,+0000,client.py,MODIFY,0,3,PythonFiles\lupyne\a5486ed8\f17a44f3d817f94ea29c57d18a9da4114777ca61\f17a44f3d817f94ea29c57d18a9da4114777ca61_lupyne_a5486ed8_20170924_191559_before_1.py,PythonFiles\lupyne\a5486ed8\f17a44f3d817f94ea29c57d18a9da4114777ca61\f17a44f3d817f94ea29c57d18a9da4114777ca61_lupyne_a5486ed8_20170924_191559_after_1.py
f17a44f3d817f94ea29c57d18a9da4114777ca61,lupyne,a5486ed8,2017-09-25 02:15:59,+0000,test_remote.py,MODIFY,1,162,PythonFiles\lupyne\a5486ed8\f17a44f3d817f94ea29c57d18a9da4114777ca61\f17a44f3d817f94ea29c57d18a9da4114777ca61_lupyne_a5486ed8_20170924_191559_before_2.py,PythonFiles\lupyne\a5486ed8\f17a44f3d817f94ea29c57d18a9da4114777ca61\f17a44f3d817f94ea29c57d18a9da4114777ca61_lupyne_a5486ed8_20170924_191559_after_2.py
f17a44f3d817f94ea29c57d18a9da4114777ca61,lupyne,a5486ed8,2017-09-25 02:15:59,+0000,test_server.py,MODIFY,171,0,PythonFiles\lupyne\a5486ed8\f17a44f3d817f94ea29c57d18a9da4114777ca61\f17a44f3d817f94ea29c57d18a9da4114777ca61_lupyne_a5486ed8_20170924_191559_before_3.py,PythonFiles\lupyne\a5486ed8\f17a44f3d817f94ea29c57d18a9da4114777ca61\f17a44f3d817f94ea29c57d18a9da4114777ca61_lupyne_a5486ed8_20170924_191559_after_3.py
1a7ef17a1412b02162b7c0ab0e0a88527573cf5a,lupyne,a5486ed8,2017-09-26 00:29:15,+0000,client.py,MODIFY,1,18,PythonFiles\lupyne\a5486ed8\1a7ef17a1412b02162b7c0ab0e0a88527573cf5a\1a7ef17a1412b02162b7c0ab0e0a88527573cf5a_lupyne_a5486ed8_20170925_172915_before_1.py,PythonFiles\lupyne\a5486ed8\1a7ef17a1412b02162b7c0ab0e0a88527573cf5a\1a7ef17a1412b02162b7c0ab0e0a88527573cf5a_lupyne_a5486ed8_20170925_172915_after_1.py
1a7ef17a1412b02162b7c0ab0e0a88527573cf5a,lupyne,a5486ed8,2017-09-26 00:29:15,+0000,test_remote.py,DELETE,0,277,PythonFiles\lupyne\a5486ed8\1a7ef17a1412b02162b7c0ab0e0a88527573cf5a\1a7ef17a1412b02162b7c0ab0e0a88527573cf5a_lupyne_a5486ed8_20170925_172915_before_2.py,
1a7ef17a1412b02162b7c0ab0e0a88527573cf5a,lupyne,a5486ed8,2017-09-26 00:29:15,+0000,test_server.py,MODIFY,90,38,PythonFiles\lupyne\a5486ed8\1a7ef17a1412b02162b7c0ab0e0a88527573cf5a\1a7ef17a1412b02162b7c0ab0e0a88527573cf5a_lupyne_a5486ed8_20170925_172915_before_3.py,PythonFiles\lupyne\a5486ed8\1a7ef17a1412b02162b7c0ab0e0a88527573cf5a\1a7ef17a1412b02162b7c0ab0e0a88527573cf5a_lupyne_a5486ed8_20170925_172915_after_3.py
b554635cb7c9731c8bd6a95b3c0321f12063c8ce,lupyne,a5486ed8,2017-09-26 01:22:47,+0000,client.py,DELETE,0,67,PythonFiles\lupyne\a5486ed8\b554635cb7c9731c8bd6a95b3c0321f12063c8ce\b554635cb7c9731c8bd6a95b3c0321f12063c8ce_lupyne_a5486ed8_20170925_182247_before_3.py,
b554635cb7c9731c8bd6a95b3c0321f12063c8ce,lupyne,a5486ed8,2017-09-26 01:22:47,+0000,server.py,MODIFY,26,27,PythonFiles\lupyne\a5486ed8\b554635cb7c9731c8bd6a95b3c0321f12063c8ce\b554635cb7c9731c8bd6a95b3c0321f12063c8ce_lupyne_a5486ed8_20170925_182247_before_4.py,PythonFiles\lupyne\a5486ed8\b554635cb7c9731c8bd6a95b3c0321f12063c8ce\b554635cb7c9731c8bd6a95b3c0321f12063c8ce_lupyne_a5486ed8_20170925_182247_after_4.py
b554635cb7c9731c8bd6a95b3c0321f12063c8ce,lupyne,a5486ed8,2017-09-26 01:22:47,+0000,test_server.py,MODIFY,7,8,PythonFiles\lupyne\a5486ed8\b554635cb7c9731c8bd6a95b3c0321f12063c8ce\b554635cb7c9731c8bd6a95b3c0321f12063c8ce_lupyne_a5486ed8_20170925_182247_before_5.py,PythonFiles\lupyne\a5486ed8\b554635cb7c9731c8bd6a95b3c0321f12063c8ce\b554635cb7c9731c8bd6a95b3c0321f12063c8ce_lupyne_a5486ed8_20170925_182247_after_5.py
968fc3dcbfe691333dff1437b6a887ecd5d6c101,lupyne,a5486ed8,2017-09-26 02:36:03,+0000,documents.py,MODIFY,42,38,PythonFiles\lupyne\a5486ed8\968fc3dcbfe691333dff1437b6a887ecd5d6c101\968fc3dcbfe691333dff1437b6a887ecd5d6c101_lupyne_a5486ed8_20170925_193603_before_1.py,PythonFiles\lupyne\a5486ed8\968fc3dcbfe691333dff1437b6a887ecd5d6c101\968fc3dcbfe691333dff1437b6a887ecd5d6c101_lupyne_a5486ed8_20170925_193603_after_1.py
968fc3dcbfe691333dff1437b6a887ecd5d6c101,lupyne,a5486ed8,2017-09-26 02:36:03,+0000,indexers.py,MODIFY,77,62,PythonFiles\lupyne\a5486ed8\968fc3dcbfe691333dff1437b6a887ecd5d6c101\968fc3dcbfe691333dff1437b6a887ecd5d6c101_lupyne_a5486ed8_20170925_193603_before_2.py,PythonFiles\lupyne\a5486ed8\968fc3dcbfe691333dff1437b6a887ecd5d6c101\968fc3dcbfe691333dff1437b6a887ecd5d6c101_lupyne_a5486ed8_20170925_193603_after_2.py
968fc3dcbfe691333dff1437b6a887ecd5d6c101,lupyne,a5486ed8,2017-09-26 02:36:03,+0000,queries.py,MODIFY,52,43,PythonFiles\lupyne\a5486ed8\968fc3dcbfe691333dff1437b6a887ecd5d6c101\968fc3dcbfe691333dff1437b6a887ecd5d6c101_lupyne_a5486ed8_20170925_193603_before_3.py,PythonFiles\lupyne\a5486ed8\968fc3dcbfe691333dff1437b6a887ecd5d6c101\968fc3dcbfe691333dff1437b6a887ecd5d6c101_lupyne_a5486ed8_20170925_193603_after_3.py
968fc3dcbfe691333dff1437b6a887ecd5d6c101,lupyne,a5486ed8,2017-09-26 02:36:03,+0000,spatial.py,MODIFY,19,17,PythonFiles\lupyne\a5486ed8\968fc3dcbfe691333dff1437b6a887ecd5d6c101\968fc3dcbfe691333dff1437b6a887ecd5d6c101_lupyne_a5486ed8_20170925_193603_before_4.py,PythonFiles\lupyne\a5486ed8\968fc3dcbfe691333dff1437b6a887ecd5d6c101\968fc3dcbfe691333dff1437b6a887ecd5d6c101_lupyne_a5486ed8_20170925_193603_after_4.py
968fc3dcbfe691333dff1437b6a887ecd5d6c101,lupyne,a5486ed8,2017-09-26 02:36:03,+0000,server.py,MODIFY,92,91,PythonFiles\lupyne\a5486ed8\968fc3dcbfe691333dff1437b6a887ecd5d6c101\968fc3dcbfe691333dff1437b6a887ecd5d6c101_lupyne_a5486ed8_20170925_193603_before_5.py,PythonFiles\lupyne\a5486ed8\968fc3dcbfe691333dff1437b6a887ecd5d6c101\968fc3dcbfe691333dff1437b6a887ecd5d6c101_lupyne_a5486ed8_20170925_193603_after_5.py
968fc3dcbfe691333dff1437b6a887ecd5d6c101,lupyne,a5486ed8,2017-09-26 02:36:03,+0000,utils.py,MODIFY,2,2,PythonFiles\lupyne\a5486ed8\968fc3dcbfe691333dff1437b6a887ecd5d6c101\968fc3dcbfe691333dff1437b6a887ecd5d6c101_lupyne_a5486ed8_20170925_193603_before_6.py,PythonFiles\lupyne\a5486ed8\968fc3dcbfe691333dff1437b6a887ecd5d6c101\968fc3dcbfe691333dff1437b6a887ecd5d6c101_lupyne_a5486ed8_20170925_193603_after_6.py
eedfb22d127db6c2aa2ba98ecdd79371c0c3d1f0,lupyne,a5486ed8,2017-10-04 00:11:36,+0000,__main__.py,MODIFY,1,1,PythonFiles\lupyne\a5486ed8\eedfb22d127db6c2aa2ba98ecdd79371c0c3d1f0\eedfb22d127db6c2aa2ba98ecdd79371c0c3d1f0_lupyne_a5486ed8_20171003_171136_before_3.py,PythonFiles\lupyne\a5486ed8\eedfb22d127db6c2aa2ba98ecdd79371c0c3d1f0\eedfb22d127db6c2aa2ba98ecdd79371c0c3d1f0_lupyne_a5486ed8_20171003_171136_after_3.py
eedfb22d127db6c2aa2ba98ecdd79371c0c3d1f0,lupyne,a5486ed8,2017-10-04 00:11:36,+0000,parallel.py,DELETE,0,74,PythonFiles\lupyne\a5486ed8\eedfb22d127db6c2aa2ba98ecdd79371c0c3d1f0\eedfb22d127db6c2aa2ba98ecdd79371c0c3d1f0_lupyne_a5486ed8_20171003_171136_before_4.py,
eedfb22d127db6c2aa2ba98ecdd79371c0c3d1f0,lupyne,a5486ed8,2017-10-04 00:11:36,+0000,__init__.py,MODIFY,1,1,PythonFiles\lupyne\a5486ed8\eedfb22d127db6c2aa2ba98ecdd79371c0c3d1f0\eedfb22d127db6c2aa2ba98ecdd79371c0c3d1f0_lupyne_a5486ed8_20171003_171136_before_5.py,PythonFiles\lupyne\a5486ed8\eedfb22d127db6c2aa2ba98ecdd79371c0c3d1f0\eedfb22d127db6c2aa2ba98ecdd79371c0c3d1f0_lupyne_a5486ed8_20171003_171136_after_5.py
eedfb22d127db6c2aa2ba98ecdd79371c0c3d1f0,lupyne,a5486ed8,2017-10-04 00:11:36,+0000,indexers.py,MODIFY,0,40,PythonFiles\lupyne\a5486ed8\eedfb22d127db6c2aa2ba98ecdd79371c0c3d1f0\eedfb22d127db6c2aa2ba98ecdd79371c0c3d1f0_lupyne_a5486ed8_20171003_171136_before_6.py,PythonFiles\lupyne\a5486ed8\eedfb22d127db6c2aa2ba98ecdd79371c0c3d1f0\eedfb22d127db6c2aa2ba98ecdd79371c0c3d1f0_lupyne_a5486ed8_20171003_171136_after_6.py
eedfb22d127db6c2aa2ba98ecdd79371c0c3d1f0,lupyne,a5486ed8,2017-10-04 00:11:36,+0000,queries.py,MODIFY,0,2,PythonFiles\lupyne\a5486ed8\eedfb22d127db6c2aa2ba98ecdd79371c0c3d1f0\eedfb22d127db6c2aa2ba98ecdd79371c0c3d1f0_lupyne_a5486ed8_20171003_171136_before_7.py,PythonFiles\lupyne\a5486ed8\eedfb22d127db6c2aa2ba98ecdd79371c0c3d1f0\eedfb22d127db6c2aa2ba98ecdd79371c0c3d1f0_lupyne_a5486ed8_20171003_171136_after_7.py
eedfb22d127db6c2aa2ba98ecdd79371c0c3d1f0,lupyne,a5486ed8,2017-10-04 00:11:36,+0000,test_engine.py,RENAME,0,23,PythonFiles\lupyne\a5486ed8\eedfb22d127db6c2aa2ba98ecdd79371c0c3d1f0\eedfb22d127db6c2aa2ba98ecdd79371c0c3d1f0_lupyne_a5486ed8_20171003_171136_before_8.py,PythonFiles\lupyne\a5486ed8\eedfb22d127db6c2aa2ba98ecdd79371c0c3d1f0\eedfb22d127db6c2aa2ba98ecdd79371c0c3d1f0_lupyne_a5486ed8_20171003_171136_after_8.py
3f445d87e49ab6b1f0f28fdcc24ffb6be2489a07,lupyne,a5486ed8,2017-10-04 00:18:39,+0000,__init__.py,MODIFY,1,1,PythonFiles\lupyne\a5486ed8\3f445d87e49ab6b1f0f28fdcc24ffb6be2489a07\3f445d87e49ab6b1f0f28fdcc24ffb6be2489a07_lupyne_a5486ed8_20171003_171839_before_2.py,PythonFiles\lupyne\a5486ed8\3f445d87e49ab6b1f0f28fdcc24ffb6be2489a07\3f445d87e49ab6b1f0f28fdcc24ffb6be2489a07_lupyne_a5486ed8_20171003_171839_after_2.py
3f445d87e49ab6b1f0f28fdcc24ffb6be2489a07,lupyne,a5486ed8,2017-10-04 00:18:39,+0000,indexers.py,MODIFY,1,18,PythonFiles\lupyne\a5486ed8\3f445d87e49ab6b1f0f28fdcc24ffb6be2489a07\3f445d87e49ab6b1f0f28fdcc24ffb6be2489a07_lupyne_a5486ed8_20171003_171839_before_3.py,PythonFiles\lupyne\a5486ed8\3f445d87e49ab6b1f0f28fdcc24ffb6be2489a07\3f445d87e49ab6b1f0f28fdcc24ffb6be2489a07_lupyne_a5486ed8_20171003_171839_after_3.py
3f445d87e49ab6b1f0f28fdcc24ffb6be2489a07,lupyne,a5486ed8,2017-10-04 00:18:39,+0000,queries.py,MODIFY,1,71,PythonFiles\lupyne\a5486ed8\3f445d87e49ab6b1f0f28fdcc24ffb6be2489a07\3f445d87e49ab6b1f0f28fdcc24ffb6be2489a07_lupyne_a5486ed8_20171003_171839_before_4.py,PythonFiles\lupyne\a5486ed8\3f445d87e49ab6b1f0f28fdcc24ffb6be2489a07\3f445d87e49ab6b1f0f28fdcc24ffb6be2489a07_lupyne_a5486ed8_20171003_171839_after_4.py
3f445d87e49ab6b1f0f28fdcc24ffb6be2489a07,lupyne,a5486ed8,2017-10-04 00:18:39,+0000,test_engine.py,MODIFY,0,20,PythonFiles\lupyne\a5486ed8\3f445d87e49ab6b1f0f28fdcc24ffb6be2489a07\3f445d87e49ab6b1f0f28fdcc24ffb6be2489a07_lupyne_a5486ed8_20171003_171839_before_5.py,PythonFiles\lupyne\a5486ed8\3f445d87e49ab6b1f0f28fdcc24ffb6be2489a07\3f445d87e49ab6b1f0f28fdcc24ffb6be2489a07_lupyne_a5486ed8_20171003_171839_after_5.py
7b4019a66c695a8155d8935e8625a5db5543fe3e,lupyne,a5486ed8,2017-10-04 00:25:55,+0000,grouping.py,MODIFY,2,2,PythonFiles\lupyne\a5486ed8\7b4019a66c695a8155d8935e8625a5db5543fe3e\7b4019a66c695a8155d8935e8625a5db5543fe3e_lupyne_a5486ed8_20171003_172555_before_1.py,PythonFiles\lupyne\a5486ed8\7b4019a66c695a8155d8935e8625a5db5543fe3e\7b4019a66c695a8155d8935e8625a5db5543fe3e_lupyne_a5486ed8_20171003_172555_after_1.py
7b4019a66c695a8155d8935e8625a5db5543fe3e,lupyne,a5486ed8,2017-10-04 00:25:55,+0000,indexers.py,MODIFY,7,12,PythonFiles\lupyne\a5486ed8\7b4019a66c695a8155d8935e8625a5db5543fe3e\7b4019a66c695a8155d8935e8625a5db5543fe3e_lupyne_a5486ed8_20171003_172555_before_2.py,PythonFiles\lupyne\a5486ed8\7b4019a66c695a8155d8935e8625a5db5543fe3e\7b4019a66c695a8155d8935e8625a5db5543fe3e_lupyne_a5486ed8_20171003_172555_after_2.py
7b4019a66c695a8155d8935e8625a5db5543fe3e,lupyne,a5486ed8,2017-10-04 00:25:55,+0000,queries.py,MODIFY,1,14,PythonFiles\lupyne\a5486ed8\7b4019a66c695a8155d8935e8625a5db5543fe3e\7b4019a66c695a8155d8935e8625a5db5543fe3e_lupyne_a5486ed8_20171003_172555_before_3.py,PythonFiles\lupyne\a5486ed8\7b4019a66c695a8155d8935e8625a5db5543fe3e\7b4019a66c695a8155d8935e8625a5db5543fe3e_lupyne_a5486ed8_20171003_172555_after_3.py
7b4019a66c695a8155d8935e8625a5db5543fe3e,lupyne,a5486ed8,2017-10-04 00:25:55,+0000,test_engine.py,MODIFY,1,2,PythonFiles\lupyne\a5486ed8\7b4019a66c695a8155d8935e8625a5db5543fe3e\7b4019a66c695a8155d8935e8625a5db5543fe3e_lupyne_a5486ed8_20171003_172555_before_4.py,PythonFiles\lupyne\a5486ed8\7b4019a66c695a8155d8935e8625a5db5543fe3e\7b4019a66c695a8155d8935e8625a5db5543fe3e_lupyne_a5486ed8_20171003_172555_after_4.py
d75d3028cf6ca8b953dea868d30062b3dd21f6ed,lupyne,a5486ed8,2017-10-04 00:44:51,+0000,documents.py,MODIFY,0,6,PythonFiles\lupyne\a5486ed8\d75d3028cf6ca8b953dea868d30062b3dd21f6ed\d75d3028cf6ca8b953dea868d30062b3dd21f6ed_lupyne_a5486ed8_20171003_174451_before_1.py,PythonFiles\lupyne\a5486ed8\d75d3028cf6ca8b953dea868d30062b3dd21f6ed\d75d3028cf6ca8b953dea868d30062b3dd21f6ed_lupyne_a5486ed8_20171003_174451_after_1.py
d75d3028cf6ca8b953dea868d30062b3dd21f6ed,lupyne,a5486ed8,2017-10-04 00:44:51,+0000,queries.py,MODIFY,0,3,PythonFiles\lupyne\a5486ed8\d75d3028cf6ca8b953dea868d30062b3dd21f6ed\d75d3028cf6ca8b953dea868d30062b3dd21f6ed_lupyne_a5486ed8_20171003_174451_before_2.py,PythonFiles\lupyne\a5486ed8\d75d3028cf6ca8b953dea868d30062b3dd21f6ed\d75d3028cf6ca8b953dea868d30062b3dd21f6ed_lupyne_a5486ed8_20171003_174451_after_2.py
d75d3028cf6ca8b953dea868d30062b3dd21f6ed,lupyne,a5486ed8,2017-10-04 00:44:51,+0000,test_engine.py,MODIFY,0,4,PythonFiles\lupyne\a5486ed8\d75d3028cf6ca8b953dea868d30062b3dd21f6ed\d75d3028cf6ca8b953dea868d30062b3dd21f6ed_lupyne_a5486ed8_20171003_174451_before_3.py,PythonFiles\lupyne\a5486ed8\d75d3028cf6ca8b953dea868d30062b3dd21f6ed\d75d3028cf6ca8b953dea868d30062b3dd21f6ed_lupyne_a5486ed8_20171003_174451_after_3.py
d75d3028cf6ca8b953dea868d30062b3dd21f6ed,lupyne,a5486ed8,2017-10-04 00:44:51,+0000,test_server.py,MODIFY,1,1,PythonFiles\lupyne\a5486ed8\d75d3028cf6ca8b953dea868d30062b3dd21f6ed\d75d3028cf6ca8b953dea868d30062b3dd21f6ed_lupyne_a5486ed8_20171003_174451_before_4.py,PythonFiles\lupyne\a5486ed8\d75d3028cf6ca8b953dea868d30062b3dd21f6ed\d75d3028cf6ca8b953dea868d30062b3dd21f6ed_lupyne_a5486ed8_20171003_174451_after_4.py
424164d6cbb2fbbd90a2bc3d208a05d37f152f20,lupyne,a5486ed8,2017-10-04 02:07:52,+0000,queries.py,MODIFY,0,13,PythonFiles\lupyne\a5486ed8\424164d6cbb2fbbd90a2bc3d208a05d37f152f20\424164d6cbb2fbbd90a2bc3d208a05d37f152f20_lupyne_a5486ed8_20171003_190752_before_1.py,PythonFiles\lupyne\a5486ed8\424164d6cbb2fbbd90a2bc3d208a05d37f152f20\424164d6cbb2fbbd90a2bc3d208a05d37f152f20_lupyne_a5486ed8_20171003_190752_after_1.py
424164d6cbb2fbbd90a2bc3d208a05d37f152f20,lupyne,a5486ed8,2017-10-04 02:07:52,+0000,test_engine.py,MODIFY,0,13,PythonFiles\lupyne\a5486ed8\424164d6cbb2fbbd90a2bc3d208a05d37f152f20\424164d6cbb2fbbd90a2bc3d208a05d37f152f20_lupyne_a5486ed8_20171003_190752_before_2.py,PythonFiles\lupyne\a5486ed8\424164d6cbb2fbbd90a2bc3d208a05d37f152f20\424164d6cbb2fbbd90a2bc3d208a05d37f152f20_lupyne_a5486ed8_20171003_190752_after_2.py
6a8f90a306df14c5dbc35e87d1f42177f0ef9833,lupyne,a5486ed8,2017-10-04 02:46:14,+0000,queries.py,MODIFY,2,11,PythonFiles\lupyne\a5486ed8\6a8f90a306df14c5dbc35e87d1f42177f0ef9833\6a8f90a306df14c5dbc35e87d1f42177f0ef9833_lupyne_a5486ed8_20171003_194614_before_1.py,PythonFiles\lupyne\a5486ed8\6a8f90a306df14c5dbc35e87d1f42177f0ef9833\6a8f90a306df14c5dbc35e87d1f42177f0ef9833_lupyne_a5486ed8_20171003_194614_after_1.py
6a8f90a306df14c5dbc35e87d1f42177f0ef9833,lupyne,a5486ed8,2017-10-04 02:46:14,+0000,utils.py,MODIFY,2,1,PythonFiles\lupyne\a5486ed8\6a8f90a306df14c5dbc35e87d1f42177f0ef9833\6a8f90a306df14c5dbc35e87d1f42177f0ef9833_lupyne_a5486ed8_20171003_194614_before_2.py,PythonFiles\lupyne\a5486ed8\6a8f90a306df14c5dbc35e87d1f42177f0ef9833\6a8f90a306df14c5dbc35e87d1f42177f0ef9833_lupyne_a5486ed8_20171003_194614_after_2.py
6a8f90a306df14c5dbc35e87d1f42177f0ef9833,lupyne,a5486ed8,2017-10-04 02:46:14,+0000,test_engine.py,MODIFY,0,4,PythonFiles\lupyne\a5486ed8\6a8f90a306df14c5dbc35e87d1f42177f0ef9833\6a8f90a306df14c5dbc35e87d1f42177f0ef9833_lupyne_a5486ed8_20171003_194614_before_3.py,PythonFiles\lupyne\a5486ed8\6a8f90a306df14c5dbc35e87d1f42177f0ef9833\6a8f90a306df14c5dbc35e87d1f42177f0ef9833_lupyne_a5486ed8_20171003_194614_after_3.py
7952211666fbf0370166ecbca8cdf894a4a89a1f,lupyne,a5486ed8,2017-10-04 03:31:09,+0000,grouping.py,MODIFY,2,2,PythonFiles\lupyne\a5486ed8\7952211666fbf0370166ecbca8cdf894a4a89a1f\7952211666fbf0370166ecbca8cdf894a4a89a1f_lupyne_a5486ed8_20171003_203109_before_2.py,PythonFiles\lupyne\a5486ed8\7952211666fbf0370166ecbca8cdf894a4a89a1f\7952211666fbf0370166ecbca8cdf894a4a89a1f_lupyne_a5486ed8_20171003_203109_after_2.py
7952211666fbf0370166ecbca8cdf894a4a89a1f,lupyne,a5486ed8,2017-10-04 03:31:09,+0000,searching.py,MODIFY,1,1,PythonFiles\lupyne\a5486ed8\7952211666fbf0370166ecbca8cdf894a4a89a1f\7952211666fbf0370166ecbca8cdf894a4a89a1f_lupyne_a5486ed8_20171003_203109_before_3.py,PythonFiles\lupyne\a5486ed8\7952211666fbf0370166ecbca8cdf894a4a89a1f\7952211666fbf0370166ecbca8cdf894a4a89a1f_lupyne_a5486ed8_20171003_203109_after_3.py
7952211666fbf0370166ecbca8cdf894a4a89a1f,lupyne,a5486ed8,2017-10-04 03:31:09,+0000,queries.py,MODIFY,14,29,PythonFiles\lupyne\a5486ed8\7952211666fbf0370166ecbca8cdf894a4a89a1f\7952211666fbf0370166ecbca8cdf894a4a89a1f_lupyne_a5486ed8_20171003_203109_before_4.py,PythonFiles\lupyne\a5486ed8\7952211666fbf0370166ecbca8cdf894a4a89a1f\7952211666fbf0370166ecbca8cdf894a4a89a1f_lupyne_a5486ed8_20171003_203109_after_4.py
7952211666fbf0370166ecbca8cdf894a4a89a1f,lupyne,a5486ed8,2017-10-04 03:31:09,+0000,test_engine.py,MODIFY,6,9,PythonFiles\lupyne\a5486ed8\7952211666fbf0370166ecbca8cdf894a4a89a1f\7952211666fbf0370166ecbca8cdf894a4a89a1f_lupyne_a5486ed8_20171003_203109_before_5.py,PythonFiles\lupyne\a5486ed8\7952211666fbf0370166ecbca8cdf894a4a89a1f\7952211666fbf0370166ecbca8cdf894a4a89a1f_lupyne_a5486ed8_20171003_203109_after_5.py
56eb086f134e41720c0e11196b358682e2fae089,lupyne,a5486ed8,2017-10-04 05:13:52,+0000,indexers.py,MODIFY,4,4,PythonFiles\lupyne\a5486ed8\56eb086f134e41720c0e11196b358682e2fae089\56eb086f134e41720c0e11196b358682e2fae089_lupyne_a5486ed8_20171003_221352_before_1.py,PythonFiles\lupyne\a5486ed8\56eb086f134e41720c0e11196b358682e2fae089\56eb086f134e41720c0e11196b358682e2fae089_lupyne_a5486ed8_20171003_221352_after_1.py
56eb086f134e41720c0e11196b358682e2fae089,lupyne,a5486ed8,2017-10-04 05:13:52,+0000,indexers.py,MODIFY,6,9,PythonFiles\lupyne\a5486ed8\56eb086f134e41720c0e11196b358682e2fae089\56eb086f134e41720c0e11196b358682e2fae089_lupyne_a5486ed8_20171003_221352_before_2.py,PythonFiles\lupyne\a5486ed8\56eb086f134e41720c0e11196b358682e2fae089\56eb086f134e41720c0e11196b358682e2fae089_lupyne_a5486ed8_20171003_221352_after_2.py
56eb086f134e41720c0e11196b358682e2fae089,lupyne,a5486ed8,2017-10-04 05:13:52,+0000,test_engine.py,MODIFY,5,6,PythonFiles\lupyne\a5486ed8\56eb086f134e41720c0e11196b358682e2fae089\56eb086f134e41720c0e11196b358682e2fae089_lupyne_a5486ed8_20171003_221352_before_3.py,PythonFiles\lupyne\a5486ed8\56eb086f134e41720c0e11196b358682e2fae089\56eb086f134e41720c0e11196b358682e2fae089_lupyne_a5486ed8_20171003_221352_after_3.py
41d4677801c9ba34a3b74d26b1ea606bb6a55b7e,lupyne,a5486ed8,2017-10-05 00:11:25,+0000,documents.py,MODIFY,2,2,PythonFiles\lupyne\a5486ed8\41d4677801c9ba34a3b74d26b1ea606bb6a55b7e\41d4677801c9ba34a3b74d26b1ea606bb6a55b7e_lupyne_a5486ed8_20171004_171125_before_1.py,PythonFiles\lupyne\a5486ed8\41d4677801c9ba34a3b74d26b1ea606bb6a55b7e\41d4677801c9ba34a3b74d26b1ea606bb6a55b7e_lupyne_a5486ed8_20171004_171125_after_1.py
41d4677801c9ba34a3b74d26b1ea606bb6a55b7e,lupyne,a5486ed8,2017-10-05 00:11:25,+0000,indexers.py,MODIFY,2,2,PythonFiles\lupyne\a5486ed8\41d4677801c9ba34a3b74d26b1ea606bb6a55b7e\41d4677801c9ba34a3b74d26b1ea606bb6a55b7e_lupyne_a5486ed8_20171004_171125_before_2.py,PythonFiles\lupyne\a5486ed8\41d4677801c9ba34a3b74d26b1ea606bb6a55b7e\41d4677801c9ba34a3b74d26b1ea606bb6a55b7e_lupyne_a5486ed8_20171004_171125_after_2.py
41d4677801c9ba34a3b74d26b1ea606bb6a55b7e,lupyne,a5486ed8,2017-10-05 00:11:25,+0000,server.py,MODIFY,4,12,PythonFiles\lupyne\a5486ed8\41d4677801c9ba34a3b74d26b1ea606bb6a55b7e\41d4677801c9ba34a3b74d26b1ea606bb6a55b7e_lupyne_a5486ed8_20171004_171125_before_3.py,PythonFiles\lupyne\a5486ed8\41d4677801c9ba34a3b74d26b1ea606bb6a55b7e\41d4677801c9ba34a3b74d26b1ea606bb6a55b7e_lupyne_a5486ed8_20171004_171125_after_3.py
41d4677801c9ba34a3b74d26b1ea606bb6a55b7e,lupyne,a5486ed8,2017-10-05 00:11:25,+0000,test_server.py,MODIFY,1,3,PythonFiles\lupyne\a5486ed8\41d4677801c9ba34a3b74d26b1ea606bb6a55b7e\41d4677801c9ba34a3b74d26b1ea606bb6a55b7e_lupyne_a5486ed8_20171004_171125_before_4.py,PythonFiles\lupyne\a5486ed8\41d4677801c9ba34a3b74d26b1ea606bb6a55b7e\41d4677801c9ba34a3b74d26b1ea606bb6a55b7e_lupyne_a5486ed8_20171004_171125_after_4.py
4ae548da968d9dea36bf80f18f237f0aad627ded,lupyne,a5486ed8,2017-10-07 00:16:37,+0000,grouping.py,MODIFY,5,5,PythonFiles\lupyne\a5486ed8\4ae548da968d9dea36bf80f18f237f0aad627ded\4ae548da968d9dea36bf80f18f237f0aad627ded_lupyne_a5486ed8_20171006_171637_before_1.py,PythonFiles\lupyne\a5486ed8\4ae548da968d9dea36bf80f18f237f0aad627ded\4ae548da968d9dea36bf80f18f237f0aad627ded_lupyne_a5486ed8_20171006_171637_after_1.py
4ae548da968d9dea36bf80f18f237f0aad627ded,lupyne,a5486ed8,2017-10-07 00:16:37,+0000,server.py,MODIFY,1,1,PythonFiles\lupyne\a5486ed8\4ae548da968d9dea36bf80f18f237f0aad627ded\4ae548da968d9dea36bf80f18f237f0aad627ded_lupyne_a5486ed8_20171006_171637_before_2.py,PythonFiles\lupyne\a5486ed8\4ae548da968d9dea36bf80f18f237f0aad627ded\4ae548da968d9dea36bf80f18f237f0aad627ded_lupyne_a5486ed8_20171006_171637_after_2.py
4ae548da968d9dea36bf80f18f237f0aad627ded,lupyne,a5486ed8,2017-10-07 00:16:37,+0000,indexers.py,MODIFY,9,22,PythonFiles\lupyne\a5486ed8\4ae548da968d9dea36bf80f18f237f0aad627ded\4ae548da968d9dea36bf80f18f237f0aad627ded_lupyne_a5486ed8_20171006_171637_before_3.py,PythonFiles\lupyne\a5486ed8\4ae548da968d9dea36bf80f18f237f0aad627ded\4ae548da968d9dea36bf80f18f237f0aad627ded_lupyne_a5486ed8_20171006_171637_after_3.py
4ae548da968d9dea36bf80f18f237f0aad627ded,lupyne,a5486ed8,2017-10-07 00:16:37,+0000,server.py,MODIFY,2,2,PythonFiles\lupyne\a5486ed8\4ae548da968d9dea36bf80f18f237f0aad627ded\4ae548da968d9dea36bf80f18f237f0aad627ded_lupyne_a5486ed8_20171006_171637_before_4.py,PythonFiles\lupyne\a5486ed8\4ae548da968d9dea36bf80f18f237f0aad627ded\4ae548da968d9dea36bf80f18f237f0aad627ded_lupyne_a5486ed8_20171006_171637_after_4.py
4ae548da968d9dea36bf80f18f237f0aad627ded,lupyne,a5486ed8,2017-10-07 00:16:37,+0000,test_engine.py,MODIFY,7,11,PythonFiles\lupyne\a5486ed8\4ae548da968d9dea36bf80f18f237f0aad627ded\4ae548da968d9dea36bf80f18f237f0aad627ded_lupyne_a5486ed8_20171006_171637_before_5.py,PythonFiles\lupyne\a5486ed8\4ae548da968d9dea36bf80f18f237f0aad627ded\4ae548da968d9dea36bf80f18f237f0aad627ded_lupyne_a5486ed8_20171006_171637_after_5.py
18f64172468c26b31e98755744539d91eb840087,lupyne,a5486ed8,2017-10-08 23:28:41,+0000,server.py,MODIFY,5,11,PythonFiles\lupyne\a5486ed8\18f64172468c26b31e98755744539d91eb840087\18f64172468c26b31e98755744539d91eb840087_lupyne_a5486ed8_20171008_162841_before_2.py,PythonFiles\lupyne\a5486ed8\18f64172468c26b31e98755744539d91eb840087\18f64172468c26b31e98755744539d91eb840087_lupyne_a5486ed8_20171008_162841_after_2.py
18f64172468c26b31e98755744539d91eb840087,lupyne,a5486ed8,2017-10-08 23:28:41,+0000,indexers.py,MODIFY,5,16,PythonFiles\lupyne\a5486ed8\18f64172468c26b31e98755744539d91eb840087\18f64172468c26b31e98755744539d91eb840087_lupyne_a5486ed8_20171008_162841_before_3.py,PythonFiles\lupyne\a5486ed8\18f64172468c26b31e98755744539d91eb840087\18f64172468c26b31e98755744539d91eb840087_lupyne_a5486ed8_20171008_162841_after_3.py
18f64172468c26b31e98755744539d91eb840087,lupyne,a5486ed8,2017-10-08 23:28:41,+0000,queries.py,MODIFY,2,10,PythonFiles\lupyne\a5486ed8\18f64172468c26b31e98755744539d91eb840087\18f64172468c26b31e98755744539d91eb840087_lupyne_a5486ed8_20171008_162841_before_4.py,PythonFiles\lupyne\a5486ed8\18f64172468c26b31e98755744539d91eb840087\18f64172468c26b31e98755744539d91eb840087_lupyne_a5486ed8_20171008_162841_after_4.py
18f64172468c26b31e98755744539d91eb840087,lupyne,a5486ed8,2017-10-08 23:28:41,+0000,server.py,MODIFY,3,3,PythonFiles\lupyne\a5486ed8\18f64172468c26b31e98755744539d91eb840087\18f64172468c26b31e98755744539d91eb840087_lupyne_a5486ed8_20171008_162841_before_5.py,PythonFiles\lupyne\a5486ed8\18f64172468c26b31e98755744539d91eb840087\18f64172468c26b31e98755744539d91eb840087_lupyne_a5486ed8_20171008_162841_after_5.py
18f64172468c26b31e98755744539d91eb840087,lupyne,a5486ed8,2017-10-08 23:28:41,+0000,test_engine.py,MODIFY,1,17,PythonFiles\lupyne\a5486ed8\18f64172468c26b31e98755744539d91eb840087\18f64172468c26b31e98755744539d91eb840087_lupyne_a5486ed8_20171008_162841_before_6.py,PythonFiles\lupyne\a5486ed8\18f64172468c26b31e98755744539d91eb840087\18f64172468c26b31e98755744539d91eb840087_lupyne_a5486ed8_20171008_162841_after_6.py
18f64172468c26b31e98755744539d91eb840087,lupyne,a5486ed8,2017-10-08 23:28:41,+0000,test_server.py,MODIFY,2,4,PythonFiles\lupyne\a5486ed8\18f64172468c26b31e98755744539d91eb840087\18f64172468c26b31e98755744539d91eb840087_lupyne_a5486ed8_20171008_162841_before_7.py,PythonFiles\lupyne\a5486ed8\18f64172468c26b31e98755744539d91eb840087\18f64172468c26b31e98755744539d91eb840087_lupyne_a5486ed8_20171008_162841_after_7.py
95c5df92c3c6dfe14116d0b010a044ac4a08917a,lupyne,a5486ed8,2017-10-09 04:08:24,+0000,__init__.py,MODIFY,1,1,PythonFiles\lupyne\a5486ed8\95c5df92c3c6dfe14116d0b010a044ac4a08917a\95c5df92c3c6dfe14116d0b010a044ac4a08917a_lupyne_a5486ed8_20171008_210824_before_2.py,PythonFiles\lupyne\a5486ed8\95c5df92c3c6dfe14116d0b010a044ac4a08917a\95c5df92c3c6dfe14116d0b010a044ac4a08917a_lupyne_a5486ed8_20171008_210824_after_2.py
95c5df92c3c6dfe14116d0b010a044ac4a08917a,lupyne,a5486ed8,2017-10-09 04:08:24,+0000,documents.py,MODIFY,49,54,PythonFiles\lupyne\a5486ed8\95c5df92c3c6dfe14116d0b010a044ac4a08917a\95c5df92c3c6dfe14116d0b010a044ac4a08917a_lupyne_a5486ed8_20171008_210824_before_3.py,PythonFiles\lupyne\a5486ed8\95c5df92c3c6dfe14116d0b010a044ac4a08917a\95c5df92c3c6dfe14116d0b010a044ac4a08917a_lupyne_a5486ed8_20171008_210824_after_3.py
95c5df92c3c6dfe14116d0b010a044ac4a08917a,lupyne,a5486ed8,2017-10-09 04:08:24,+0000,server.py,MODIFY,2,2,PythonFiles\lupyne\a5486ed8\95c5df92c3c6dfe14116d0b010a044ac4a08917a\95c5df92c3c6dfe14116d0b010a044ac4a08917a_lupyne_a5486ed8_20171008_210824_before_4.py,PythonFiles\lupyne\a5486ed8\95c5df92c3c6dfe14116d0b010a044ac4a08917a\95c5df92c3c6dfe14116d0b010a044ac4a08917a_lupyne_a5486ed8_20171008_210824_after_4.py
95c5df92c3c6dfe14116d0b010a044ac4a08917a,lupyne,a5486ed8,2017-10-09 04:08:24,+0000,test_engine.py,MODIFY,3,5,PythonFiles\lupyne\a5486ed8\95c5df92c3c6dfe14116d0b010a044ac4a08917a\95c5df92c3c6dfe14116d0b010a044ac4a08917a_lupyne_a5486ed8_20171008_210824_before_5.py,PythonFiles\lupyne\a5486ed8\95c5df92c3c6dfe14116d0b010a044ac4a08917a\95c5df92c3c6dfe14116d0b010a044ac4a08917a_lupyne_a5486ed8_20171008_210824_after_5.py
3fcd65b5cae5bdf2af93bf7f1cf5908f1d8da7e8,lupyne,a5486ed8,2017-10-09 14:30:05,+0000,__init__.py,MODIFY,1,1,PythonFiles\lupyne\a5486ed8\3fcd65b5cae5bdf2af93bf7f1cf5908f1d8da7e8\3fcd65b5cae5bdf2af93bf7f1cf5908f1d8da7e8_lupyne_a5486ed8_20171009_073005_before_2.py,PythonFiles\lupyne\a5486ed8\3fcd65b5cae5bdf2af93bf7f1cf5908f1d8da7e8\3fcd65b5cae5bdf2af93bf7f1cf5908f1d8da7e8_lupyne_a5486ed8_20171009_073005_after_2.py
3fcd65b5cae5bdf2af93bf7f1cf5908f1d8da7e8,lupyne,a5486ed8,2017-10-09 14:30:05,+0000,documents.py,MODIFY,0,14,PythonFiles\lupyne\a5486ed8\3fcd65b5cae5bdf2af93bf7f1cf5908f1d8da7e8\3fcd65b5cae5bdf2af93bf7f1cf5908f1d8da7e8_lupyne_a5486ed8_20171009_073005_before_3.py,PythonFiles\lupyne\a5486ed8\3fcd65b5cae5bdf2af93bf7f1cf5908f1d8da7e8\3fcd65b5cae5bdf2af93bf7f1cf5908f1d8da7e8_lupyne_a5486ed8_20171009_073005_after_3.py
3fcd65b5cae5bdf2af93bf7f1cf5908f1d8da7e8,lupyne,a5486ed8,2017-10-09 14:30:05,+0000,test_engine.py,MODIFY,4,4,PythonFiles\lupyne\a5486ed8\3fcd65b5cae5bdf2af93bf7f1cf5908f1d8da7e8\3fcd65b5cae5bdf2af93bf7f1cf5908f1d8da7e8_lupyne_a5486ed8_20171009_073005_before_4.py,PythonFiles\lupyne\a5486ed8\3fcd65b5cae5bdf2af93bf7f1cf5908f1d8da7e8\3fcd65b5cae5bdf2af93bf7f1cf5908f1d8da7e8_lupyne_a5486ed8_20171009_073005_after_4.py
33ad137ee0cd1748c6adc5deb1da3256641738ae,lupyne,a5486ed8,2017-10-09 15:20:49,+0000,grouping.py,MODIFY,1,1,PythonFiles\lupyne\a5486ed8\33ad137ee0cd1748c6adc5deb1da3256641738ae\33ad137ee0cd1748c6adc5deb1da3256641738ae_lupyne_a5486ed8_20171009_082049_before_1.py,PythonFiles\lupyne\a5486ed8\33ad137ee0cd1748c6adc5deb1da3256641738ae\33ad137ee0cd1748c6adc5deb1da3256641738ae_lupyne_a5486ed8_20171009_082049_after_1.py
33ad137ee0cd1748c6adc5deb1da3256641738ae,lupyne,a5486ed8,2017-10-09 15:20:49,+0000,server.py,MODIFY,1,1,PythonFiles\lupyne\a5486ed8\33ad137ee0cd1748c6adc5deb1da3256641738ae\33ad137ee0cd1748c6adc5deb1da3256641738ae_lupyne_a5486ed8_20171009_082049_before_2.py,PythonFiles\lupyne\a5486ed8\33ad137ee0cd1748c6adc5deb1da3256641738ae\33ad137ee0cd1748c6adc5deb1da3256641738ae_lupyne_a5486ed8_20171009_082049_after_2.py
33ad137ee0cd1748c6adc5deb1da3256641738ae,lupyne,a5486ed8,2017-10-09 15:20:49,+0000,indexers.py,MODIFY,3,4,PythonFiles\lupyne\a5486ed8\33ad137ee0cd1748c6adc5deb1da3256641738ae\33ad137ee0cd1748c6adc5deb1da3256641738ae_lupyne_a5486ed8_20171009_082049_before_3.py,PythonFiles\lupyne\a5486ed8\33ad137ee0cd1748c6adc5deb1da3256641738ae\33ad137ee0cd1748c6adc5deb1da3256641738ae_lupyne_a5486ed8_20171009_082049_after_3.py
33ad137ee0cd1748c6adc5deb1da3256641738ae,lupyne,a5486ed8,2017-10-09 15:20:49,+0000,queries.py,MODIFY,0,2,PythonFiles\lupyne\a5486ed8\33ad137ee0cd1748c6adc5deb1da3256641738ae\33ad137ee0cd1748c6adc5deb1da3256641738ae_lupyne_a5486ed8_20171009_082049_before_4.py,PythonFiles\lupyne\a5486ed8\33ad137ee0cd1748c6adc5deb1da3256641738ae\33ad137ee0cd1748c6adc5deb1da3256641738ae_lupyne_a5486ed8_20171009_082049_after_4.py
33ad137ee0cd1748c6adc5deb1da3256641738ae,lupyne,a5486ed8,2017-10-09 15:20:49,+0000,test_engine.py,MODIFY,3,13,PythonFiles\lupyne\a5486ed8\33ad137ee0cd1748c6adc5deb1da3256641738ae\33ad137ee0cd1748c6adc5deb1da3256641738ae_lupyne_a5486ed8_20171009_082049_before_5.py,PythonFiles\lupyne\a5486ed8\33ad137ee0cd1748c6adc5deb1da3256641738ae\33ad137ee0cd1748c6adc5deb1da3256641738ae_lupyne_a5486ed8_20171009_082049_after_5.py
ee764370feb140a30a4e3e880b31cf1b1cb634b8,lupyne,a5486ed8,2017-10-10 00:21:22,+0000,grouping.py,MODIFY,1,1,PythonFiles\lupyne\a5486ed8\ee764370feb140a30a4e3e880b31cf1b1cb634b8\ee764370feb140a30a4e3e880b31cf1b1cb634b8_lupyne_a5486ed8_20171009_172122_before_2.py,PythonFiles\lupyne\a5486ed8\ee764370feb140a30a4e3e880b31cf1b1cb634b8\ee764370feb140a30a4e3e880b31cf1b1cb634b8_lupyne_a5486ed8_20171009_172122_after_2.py
ee764370feb140a30a4e3e880b31cf1b1cb634b8,lupyne,a5486ed8,2017-10-10 00:21:22,+0000,indexers.py,MODIFY,4,4,PythonFiles\lupyne\a5486ed8\ee764370feb140a30a4e3e880b31cf1b1cb634b8\ee764370feb140a30a4e3e880b31cf1b1cb634b8_lupyne_a5486ed8_20171009_172122_before_3.py,PythonFiles\lupyne\a5486ed8\ee764370feb140a30a4e3e880b31cf1b1cb634b8\ee764370feb140a30a4e3e880b31cf1b1cb634b8_lupyne_a5486ed8_20171009_172122_after_3.py
ee764370feb140a30a4e3e880b31cf1b1cb634b8,lupyne,a5486ed8,2017-10-10 00:21:22,+0000,searching.py,MODIFY,3,3,PythonFiles\lupyne\a5486ed8\ee764370feb140a30a4e3e880b31cf1b1cb634b8\ee764370feb140a30a4e3e880b31cf1b1cb634b8_lupyne_a5486ed8_20171009_172122_before_4.py,PythonFiles\lupyne\a5486ed8\ee764370feb140a30a4e3e880b31cf1b1cb634b8\ee764370feb140a30a4e3e880b31cf1b1cb634b8_lupyne_a5486ed8_20171009_172122_after_4.py
ee764370feb140a30a4e3e880b31cf1b1cb634b8,lupyne,a5486ed8,2017-10-10 00:21:22,+0000,server.py,MODIFY,3,3,PythonFiles\lupyne\a5486ed8\ee764370feb140a30a4e3e880b31cf1b1cb634b8\ee764370feb140a30a4e3e880b31cf1b1cb634b8_lupyne_a5486ed8_20171009_172122_before_5.py,PythonFiles\lupyne\a5486ed8\ee764370feb140a30a4e3e880b31cf1b1cb634b8\ee764370feb140a30a4e3e880b31cf1b1cb634b8_lupyne_a5486ed8_20171009_172122_after_5.py
ee764370feb140a30a4e3e880b31cf1b1cb634b8,lupyne,a5486ed8,2017-10-10 00:21:22,+0000,sorting.py,MODIFY,1,1,PythonFiles\lupyne\a5486ed8\ee764370feb140a30a4e3e880b31cf1b1cb634b8\ee764370feb140a30a4e3e880b31cf1b1cb634b8_lupyne_a5486ed8_20171009_172122_before_6.py,PythonFiles\lupyne\a5486ed8\ee764370feb140a30a4e3e880b31cf1b1cb634b8\ee764370feb140a30a4e3e880b31cf1b1cb634b8_lupyne_a5486ed8_20171009_172122_after_6.py
ee764370feb140a30a4e3e880b31cf1b1cb634b8,lupyne,a5486ed8,2017-10-10 00:21:22,+0000,documents.py,MODIFY,26,15,PythonFiles\lupyne\a5486ed8\ee764370feb140a30a4e3e880b31cf1b1cb634b8\ee764370feb140a30a4e3e880b31cf1b1cb634b8_lupyne_a5486ed8_20171009_172122_before_7.py,PythonFiles\lupyne\a5486ed8\ee764370feb140a30a4e3e880b31cf1b1cb634b8\ee764370feb140a30a4e3e880b31cf1b1cb634b8_lupyne_a5486ed8_20171009_172122_after_7.py
ee764370feb140a30a4e3e880b31cf1b1cb634b8,lupyne,a5486ed8,2017-10-10 00:21:22,+0000,spatial.py,MODIFY,2,2,PythonFiles\lupyne\a5486ed8\ee764370feb140a30a4e3e880b31cf1b1cb634b8\ee764370feb140a30a4e3e880b31cf1b1cb634b8_lupyne_a5486ed8_20171009_172122_before_8.py,PythonFiles\lupyne\a5486ed8\ee764370feb140a30a4e3e880b31cf1b1cb634b8\ee764370feb140a30a4e3e880b31cf1b1cb634b8_lupyne_a5486ed8_20171009_172122_after_8.py
ee764370feb140a30a4e3e880b31cf1b1cb634b8,lupyne,a5486ed8,2017-10-10 00:21:22,+0000,__init__.py,MODIFY,4,4,PythonFiles\lupyne\a5486ed8\ee764370feb140a30a4e3e880b31cf1b1cb634b8\ee764370feb140a30a4e3e880b31cf1b1cb634b8_lupyne_a5486ed8_20171009_172122_before_9.py,PythonFiles\lupyne\a5486ed8\ee764370feb140a30a4e3e880b31cf1b1cb634b8\ee764370feb140a30a4e3e880b31cf1b1cb634b8_lupyne_a5486ed8_20171009_172122_after_9.py
ee764370feb140a30a4e3e880b31cf1b1cb634b8,lupyne,a5486ed8,2017-10-10 00:21:22,+0000,test_engine.py,MODIFY,19,15,PythonFiles\lupyne\a5486ed8\ee764370feb140a30a4e3e880b31cf1b1cb634b8\ee764370feb140a30a4e3e880b31cf1b1cb634b8_lupyne_a5486ed8_20171009_172122_before_10.py,PythonFiles\lupyne\a5486ed8\ee764370feb140a30a4e3e880b31cf1b1cb634b8\ee764370feb140a30a4e3e880b31cf1b1cb634b8_lupyne_a5486ed8_20171009_172122_after_10.py
ee764370feb140a30a4e3e880b31cf1b1cb634b8,lupyne,a5486ed8,2017-10-10 00:21:22,+0000,test_server.py,MODIFY,2,2,PythonFiles\lupyne\a5486ed8\ee764370feb140a30a4e3e880b31cf1b1cb634b8\ee764370feb140a30a4e3e880b31cf1b1cb634b8_lupyne_a5486ed8_20171009_172122_before_11.py,PythonFiles\lupyne\a5486ed8\ee764370feb140a30a4e3e880b31cf1b1cb634b8\ee764370feb140a30a4e3e880b31cf1b1cb634b8_lupyne_a5486ed8_20171009_172122_after_11.py
f1e09b97f8492462b921e625d3348826a640cee0,lupyne,a5486ed8,2017-10-11 00:30:56,+0000,server.py,MODIFY,2,2,PythonFiles\lupyne\a5486ed8\f1e09b97f8492462b921e625d3348826a640cee0\f1e09b97f8492462b921e625d3348826a640cee0_lupyne_a5486ed8_20171010_173056_before_1.py,PythonFiles\lupyne\a5486ed8\f1e09b97f8492462b921e625d3348826a640cee0\f1e09b97f8492462b921e625d3348826a640cee0_lupyne_a5486ed8_20171010_173056_after_1.py
f1e09b97f8492462b921e625d3348826a640cee0,lupyne,a5486ed8,2017-10-11 00:30:56,+0000,conftest.py,MODIFY,57,1,PythonFiles\lupyne\a5486ed8\f1e09b97f8492462b921e625d3348826a640cee0\f1e09b97f8492462b921e625d3348826a640cee0_lupyne_a5486ed8_20171010_173056_before_2.py,PythonFiles\lupyne\a5486ed8\f1e09b97f8492462b921e625d3348826a640cee0\f1e09b97f8492462b921e625d3348826a640cee0_lupyne_a5486ed8_20171010_173056_after_2.py
f1e09b97f8492462b921e625d3348826a640cee0,lupyne,a5486ed8,2017-10-11 00:30:56,+0000,__init__.py,DELETE,0,64,PythonFiles\lupyne\a5486ed8\f1e09b97f8492462b921e625d3348826a640cee0\f1e09b97f8492462b921e625d3348826a640cee0_lupyne_a5486ed8_20171010_173056_before_3.py,
f1e09b97f8492462b921e625d3348826a640cee0,lupyne,a5486ed8,2017-10-11 00:30:56,+0000,test_engine.py,MODIFY,15,16,PythonFiles\lupyne\a5486ed8\f1e09b97f8492462b921e625d3348826a640cee0\f1e09b97f8492462b921e625d3348826a640cee0_lupyne_a5486ed8_20171010_173056_before_4.py,PythonFiles\lupyne\a5486ed8\f1e09b97f8492462b921e625d3348826a640cee0\f1e09b97f8492462b921e625d3348826a640cee0_lupyne_a5486ed8_20171010_173056_after_4.py
f1e09b97f8492462b921e625d3348826a640cee0,lupyne,a5486ed8,2017-10-11 00:30:56,+0000,test_server.py,MODIFY,3,3,PythonFiles\lupyne\a5486ed8\f1e09b97f8492462b921e625d3348826a640cee0\f1e09b97f8492462b921e625d3348826a640cee0_lupyne_a5486ed8_20171010_173056_before_5.py,PythonFiles\lupyne\a5486ed8\f1e09b97f8492462b921e625d3348826a640cee0\f1e09b97f8492462b921e625d3348826a640cee0_lupyne_a5486ed8_20171010_173056_after_5.py
0c85caf58ccd91f356d51cc871039ebae8493592,lupyne,a5486ed8,2017-10-12 02:48:52,+0000,queries.py,MODIFY,4,5,PythonFiles\lupyne\a5486ed8\0c85caf58ccd91f356d51cc871039ebae8493592\0c85caf58ccd91f356d51cc871039ebae8493592_lupyne_a5486ed8_20171011_194852_before_1.py,PythonFiles\lupyne\a5486ed8\0c85caf58ccd91f356d51cc871039ebae8493592\0c85caf58ccd91f356d51cc871039ebae8493592_lupyne_a5486ed8_20171011_194852_after_1.py
0c85caf58ccd91f356d51cc871039ebae8493592,lupyne,a5486ed8,2017-10-12 02:48:52,+0000,server.py,MODIFY,1,1,PythonFiles\lupyne\a5486ed8\0c85caf58ccd91f356d51cc871039ebae8493592\0c85caf58ccd91f356d51cc871039ebae8493592_lupyne_a5486ed8_20171011_194852_before_2.py,PythonFiles\lupyne\a5486ed8\0c85caf58ccd91f356d51cc871039ebae8493592\0c85caf58ccd91f356d51cc871039ebae8493592_lupyne_a5486ed8_20171011_194852_after_2.py
0c85caf58ccd91f356d51cc871039ebae8493592,lupyne,a5486ed8,2017-10-12 02:48:52,+0000,test_engine.py,MODIFY,78,55,PythonFiles\lupyne\a5486ed8\0c85caf58ccd91f356d51cc871039ebae8493592\0c85caf58ccd91f356d51cc871039ebae8493592_lupyne_a5486ed8_20171011_194852_before_3.py,PythonFiles\lupyne\a5486ed8\0c85caf58ccd91f356d51cc871039ebae8493592\0c85caf58ccd91f356d51cc871039ebae8493592_lupyne_a5486ed8_20171011_194852_after_3.py
1ad69e991a6a5b6d82d039709fff5124dd98d42a,lupyne,a5486ed8,2017-10-12 19:01:23,+0000,indexers.py,MODIFY,7,9,PythonFiles\lupyne\a5486ed8\1ad69e991a6a5b6d82d039709fff5124dd98d42a\1ad69e991a6a5b6d82d039709fff5124dd98d42a_lupyne_a5486ed8_20171012_120123_before_1.py,PythonFiles\lupyne\a5486ed8\1ad69e991a6a5b6d82d039709fff5124dd98d42a\1ad69e991a6a5b6d82d039709fff5124dd98d42a_lupyne_a5486ed8_20171012_120123_after_1.py
1ad69e991a6a5b6d82d039709fff5124dd98d42a,lupyne,a5486ed8,2017-10-12 19:01:23,+0000,server.py,MODIFY,2,4,PythonFiles\lupyne\a5486ed8\1ad69e991a6a5b6d82d039709fff5124dd98d42a\1ad69e991a6a5b6d82d039709fff5124dd98d42a_lupyne_a5486ed8_20171012_120123_before_2.py,PythonFiles\lupyne\a5486ed8\1ad69e991a6a5b6d82d039709fff5124dd98d42a\1ad69e991a6a5b6d82d039709fff5124dd98d42a_lupyne_a5486ed8_20171012_120123_after_2.py
1ad69e991a6a5b6d82d039709fff5124dd98d42a,lupyne,a5486ed8,2017-10-12 19:01:23,+0000,test_engine.py,MODIFY,2,6,PythonFiles\lupyne\a5486ed8\1ad69e991a6a5b6d82d039709fff5124dd98d42a\1ad69e991a6a5b6d82d039709fff5124dd98d42a_lupyne_a5486ed8_20171012_120123_before_3.py,PythonFiles\lupyne\a5486ed8\1ad69e991a6a5b6d82d039709fff5124dd98d42a\1ad69e991a6a5b6d82d039709fff5124dd98d42a_lupyne_a5486ed8_20171012_120123_after_3.py
1ad69e991a6a5b6d82d039709fff5124dd98d42a,lupyne,a5486ed8,2017-10-12 19:01:23,+0000,test_server.py,MODIFY,1,1,PythonFiles\lupyne\a5486ed8\1ad69e991a6a5b6d82d039709fff5124dd98d42a\1ad69e991a6a5b6d82d039709fff5124dd98d42a_lupyne_a5486ed8_20171012_120123_before_4.py,PythonFiles\lupyne\a5486ed8\1ad69e991a6a5b6d82d039709fff5124dd98d42a\1ad69e991a6a5b6d82d039709fff5124dd98d42a_lupyne_a5486ed8_20171012_120123_after_4.py
a72ce3ac4c2ec6e17a732f26080813d83791f4b4,lupyne,a5486ed8,2017-10-13 02:24:50,+0000,documents.py,MODIFY,4,3,PythonFiles\lupyne\a5486ed8\a72ce3ac4c2ec6e17a732f26080813d83791f4b4\a72ce3ac4c2ec6e17a732f26080813d83791f4b4_lupyne_a5486ed8_20171012_192450_before_1.py,PythonFiles\lupyne\a5486ed8\a72ce3ac4c2ec6e17a732f26080813d83791f4b4\a72ce3ac4c2ec6e17a732f26080813d83791f4b4_lupyne_a5486ed8_20171012_192450_after_1.py
a72ce3ac4c2ec6e17a732f26080813d83791f4b4,lupyne,a5486ed8,2017-10-13 02:24:50,+0000,indexers.py,MODIFY,25,1,PythonFiles\lupyne\a5486ed8\a72ce3ac4c2ec6e17a732f26080813d83791f4b4\a72ce3ac4c2ec6e17a732f26080813d83791f4b4_lupyne_a5486ed8_20171012_192450_before_2.py,PythonFiles\lupyne\a5486ed8\a72ce3ac4c2ec6e17a732f26080813d83791f4b4\a72ce3ac4c2ec6e17a732f26080813d83791f4b4_lupyne_a5486ed8_20171012_192450_after_2.py
a72ce3ac4c2ec6e17a732f26080813d83791f4b4,lupyne,a5486ed8,2017-10-13 02:24:50,+0000,queries.py,MODIFY,27,23,PythonFiles\lupyne\a5486ed8\a72ce3ac4c2ec6e17a732f26080813d83791f4b4\a72ce3ac4c2ec6e17a732f26080813d83791f4b4_lupyne_a5486ed8_20171012_192450_before_3.py,PythonFiles\lupyne\a5486ed8\a72ce3ac4c2ec6e17a732f26080813d83791f4b4\a72ce3ac4c2ec6e17a732f26080813d83791f4b4_lupyne_a5486ed8_20171012_192450_after_3.py
a72ce3ac4c2ec6e17a732f26080813d83791f4b4,lupyne,a5486ed8,2017-10-13 02:24:50,+0000,test_engine.py,MODIFY,41,9,PythonFiles\lupyne\a5486ed8\a72ce3ac4c2ec6e17a732f26080813d83791f4b4\a72ce3ac4c2ec6e17a732f26080813d83791f4b4_lupyne_a5486ed8_20171012_192450_before_4.py,PythonFiles\lupyne\a5486ed8\a72ce3ac4c2ec6e17a732f26080813d83791f4b4\a72ce3ac4c2ec6e17a732f26080813d83791f4b4_lupyne_a5486ed8_20171012_192450_after_4.py
79f5c19ab473a5529a46543a1e8efc8deb3c2728,lupyne,a5486ed8,2017-10-14 00:14:40,+0000,server.py,MODIFY,1,1,PythonFiles\lupyne\a5486ed8\79f5c19ab473a5529a46543a1e8efc8deb3c2728\79f5c19ab473a5529a46543a1e8efc8deb3c2728_lupyne_a5486ed8_20171013_171440_before_1.py,PythonFiles\lupyne\a5486ed8\79f5c19ab473a5529a46543a1e8efc8deb3c2728\79f5c19ab473a5529a46543a1e8efc8deb3c2728_lupyne_a5486ed8_20171013_171440_after_1.py
79f5c19ab473a5529a46543a1e8efc8deb3c2728,lupyne,a5486ed8,2017-10-14 00:14:40,+0000,documents.py,MODIFY,15,10,PythonFiles\lupyne\a5486ed8\79f5c19ab473a5529a46543a1e8efc8deb3c2728\79f5c19ab473a5529a46543a1e8efc8deb3c2728_lupyne_a5486ed8_20171013_171440_before_2.py,PythonFiles\lupyne\a5486ed8\79f5c19ab473a5529a46543a1e8efc8deb3c2728\79f5c19ab473a5529a46543a1e8efc8deb3c2728_lupyne_a5486ed8_20171013_171440_after_2.py
79f5c19ab473a5529a46543a1e8efc8deb3c2728,lupyne,a5486ed8,2017-10-14 00:14:40,+0000,indexers.py,MODIFY,3,3,PythonFiles\lupyne\a5486ed8\79f5c19ab473a5529a46543a1e8efc8deb3c2728\79f5c19ab473a5529a46543a1e8efc8deb3c2728_lupyne_a5486ed8_20171013_171440_before_3.py,PythonFiles\lupyne\a5486ed8\79f5c19ab473a5529a46543a1e8efc8deb3c2728\79f5c19ab473a5529a46543a1e8efc8deb3c2728_lupyne_a5486ed8_20171013_171440_after_3.py
79f5c19ab473a5529a46543a1e8efc8deb3c2728,lupyne,a5486ed8,2017-10-14 00:14:40,+0000,queries.py,MODIFY,0,2,PythonFiles\lupyne\a5486ed8\79f5c19ab473a5529a46543a1e8efc8deb3c2728\79f5c19ab473a5529a46543a1e8efc8deb3c2728_lupyne_a5486ed8_20171013_171440_before_4.py,PythonFiles\lupyne\a5486ed8\79f5c19ab473a5529a46543a1e8efc8deb3c2728\79f5c19ab473a5529a46543a1e8efc8deb3c2728_lupyne_a5486ed8_20171013_171440_after_4.py
79f5c19ab473a5529a46543a1e8efc8deb3c2728,lupyne,a5486ed8,2017-10-14 00:14:40,+0000,server.py,MODIFY,24,17,PythonFiles\lupyne\a5486ed8\79f5c19ab473a5529a46543a1e8efc8deb3c2728\79f5c19ab473a5529a46543a1e8efc8deb3c2728_lupyne_a5486ed8_20171013_171440_before_5.py,PythonFiles\lupyne\a5486ed8\79f5c19ab473a5529a46543a1e8efc8deb3c2728\79f5c19ab473a5529a46543a1e8efc8deb3c2728_lupyne_a5486ed8_20171013_171440_after_5.py
79f5c19ab473a5529a46543a1e8efc8deb3c2728,lupyne,a5486ed8,2017-10-14 00:14:40,+0000,conftest.py,MODIFY,9,5,PythonFiles\lupyne\a5486ed8\79f5c19ab473a5529a46543a1e8efc8deb3c2728\79f5c19ab473a5529a46543a1e8efc8deb3c2728_lupyne_a5486ed8_20171013_171440_before_6.py,PythonFiles\lupyne\a5486ed8\79f5c19ab473a5529a46543a1e8efc8deb3c2728\79f5c19ab473a5529a46543a1e8efc8deb3c2728_lupyne_a5486ed8_20171013_171440_after_6.py
79f5c19ab473a5529a46543a1e8efc8deb3c2728,lupyne,a5486ed8,2017-10-14 00:14:40,+0000,test_engine.py,MODIFY,6,3,PythonFiles\lupyne\a5486ed8\79f5c19ab473a5529a46543a1e8efc8deb3c2728\79f5c19ab473a5529a46543a1e8efc8deb3c2728_lupyne_a5486ed8_20171013_171440_before_7.py,PythonFiles\lupyne\a5486ed8\79f5c19ab473a5529a46543a1e8efc8deb3c2728\79f5c19ab473a5529a46543a1e8efc8deb3c2728_lupyne_a5486ed8_20171013_171440_after_7.py
79f5c19ab473a5529a46543a1e8efc8deb3c2728,lupyne,a5486ed8,2017-10-14 00:14:40,+0000,test_server.py,MODIFY,31,24,PythonFiles\lupyne\a5486ed8\79f5c19ab473a5529a46543a1e8efc8deb3c2728\79f5c19ab473a5529a46543a1e8efc8deb3c2728_lupyne_a5486ed8_20171013_171440_before_8.py,PythonFiles\lupyne\a5486ed8\79f5c19ab473a5529a46543a1e8efc8deb3c2728\79f5c19ab473a5529a46543a1e8efc8deb3c2728_lupyne_a5486ed8_20171013_171440_after_8.py
50f9ac3be8ca8b27846b123e64ee2ffc3d15147c,lupyne,a5486ed8,2017-10-14 00:34:49,+0000,grouping.py,MODIFY,2,2,PythonFiles\lupyne\a5486ed8\50f9ac3be8ca8b27846b123e64ee2ffc3d15147c\50f9ac3be8ca8b27846b123e64ee2ffc3d15147c_lupyne_a5486ed8_20171013_173449_before_2.py,PythonFiles\lupyne\a5486ed8\50f9ac3be8ca8b27846b123e64ee2ffc3d15147c\50f9ac3be8ca8b27846b123e64ee2ffc3d15147c_lupyne_a5486ed8_20171013_173449_after_2.py
50f9ac3be8ca8b27846b123e64ee2ffc3d15147c,lupyne,a5486ed8,2017-10-14 00:34:49,+0000,sorting.py,MODIFY,9,9,PythonFiles\lupyne\a5486ed8\50f9ac3be8ca8b27846b123e64ee2ffc3d15147c\50f9ac3be8ca8b27846b123e64ee2ffc3d15147c_lupyne_a5486ed8_20171013_173449_before_3.py,PythonFiles\lupyne\a5486ed8\50f9ac3be8ca8b27846b123e64ee2ffc3d15147c\50f9ac3be8ca8b27846b123e64ee2ffc3d15147c_lupyne_a5486ed8_20171013_173449_after_3.py
50f9ac3be8ca8b27846b123e64ee2ffc3d15147c,lupyne,a5486ed8,2017-10-14 00:34:49,+0000,indexers.py,MODIFY,8,19,PythonFiles\lupyne\a5486ed8\50f9ac3be8ca8b27846b123e64ee2ffc3d15147c\50f9ac3be8ca8b27846b123e64ee2ffc3d15147c_lupyne_a5486ed8_20171013_173449_before_4.py,PythonFiles\lupyne\a5486ed8\50f9ac3be8ca8b27846b123e64ee2ffc3d15147c\50f9ac3be8ca8b27846b123e64ee2ffc3d15147c_lupyne_a5486ed8_20171013_173449_after_4.py
50f9ac3be8ca8b27846b123e64ee2ffc3d15147c,lupyne,a5486ed8,2017-10-14 00:34:49,+0000,queries.py,MODIFY,0,15,PythonFiles\lupyne\a5486ed8\50f9ac3be8ca8b27846b123e64ee2ffc3d15147c\50f9ac3be8ca8b27846b123e64ee2ffc3d15147c_lupyne_a5486ed8_20171013_173449_before_5.py,PythonFiles\lupyne\a5486ed8\50f9ac3be8ca8b27846b123e64ee2ffc3d15147c\50f9ac3be8ca8b27846b123e64ee2ffc3d15147c_lupyne_a5486ed8_20171013_173449_after_5.py
50f9ac3be8ca8b27846b123e64ee2ffc3d15147c,lupyne,a5486ed8,2017-10-14 00:34:49,+0000,spatial.py,MODIFY,1,2,PythonFiles\lupyne\a5486ed8\50f9ac3be8ca8b27846b123e64ee2ffc3d15147c\50f9ac3be8ca8b27846b123e64ee2ffc3d15147c_lupyne_a5486ed8_20171013_173449_before_6.py,PythonFiles\lupyne\a5486ed8\50f9ac3be8ca8b27846b123e64ee2ffc3d15147c\50f9ac3be8ca8b27846b123e64ee2ffc3d15147c_lupyne_a5486ed8_20171013_173449_after_6.py
50f9ac3be8ca8b27846b123e64ee2ffc3d15147c,lupyne,a5486ed8,2017-10-14 00:34:49,+0000,test_engine.py,MODIFY,1,13,PythonFiles\lupyne\a5486ed8\50f9ac3be8ca8b27846b123e64ee2ffc3d15147c\50f9ac3be8ca8b27846b123e64ee2ffc3d15147c_lupyne_a5486ed8_20171013_173449_before_7.py,PythonFiles\lupyne\a5486ed8\50f9ac3be8ca8b27846b123e64ee2ffc3d15147c\50f9ac3be8ca8b27846b123e64ee2ffc3d15147c_lupyne_a5486ed8_20171013_173449_after_7.py
c97ef6582d27481938bec0aea2bddd239bf5c6c1,lupyne,a5486ed8,2017-10-14 03:11:23,+0000,server.py,MODIFY,1,1,PythonFiles\lupyne\a5486ed8\c97ef6582d27481938bec0aea2bddd239bf5c6c1\c97ef6582d27481938bec0aea2bddd239bf5c6c1_lupyne_a5486ed8_20171013_201123_before_2.py,PythonFiles\lupyne\a5486ed8\c97ef6582d27481938bec0aea2bddd239bf5c6c1\c97ef6582d27481938bec0aea2bddd239bf5c6c1_lupyne_a5486ed8_20171013_201123_after_2.py
c97ef6582d27481938bec0aea2bddd239bf5c6c1,lupyne,a5486ed8,2017-10-14 03:11:23,+0000,__init__.py,MODIFY,1,1,PythonFiles\lupyne\a5486ed8\c97ef6582d27481938bec0aea2bddd239bf5c6c1\c97ef6582d27481938bec0aea2bddd239bf5c6c1_lupyne_a5486ed8_20171013_201123_before_3.py,PythonFiles\lupyne\a5486ed8\c97ef6582d27481938bec0aea2bddd239bf5c6c1\c97ef6582d27481938bec0aea2bddd239bf5c6c1_lupyne_a5486ed8_20171013_201123_after_3.py
c97ef6582d27481938bec0aea2bddd239bf5c6c1,lupyne,a5486ed8,2017-10-14 03:11:23,+0000,documents.py,MODIFY,6,3,PythonFiles\lupyne\a5486ed8\c97ef6582d27481938bec0aea2bddd239bf5c6c1\c97ef6582d27481938bec0aea2bddd239bf5c6c1_lupyne_a5486ed8_20171013_201123_before_4.py,PythonFiles\lupyne\a5486ed8\c97ef6582d27481938bec0aea2bddd239bf5c6c1\c97ef6582d27481938bec0aea2bddd239bf5c6c1_lupyne_a5486ed8_20171013_201123_after_4.py
c97ef6582d27481938bec0aea2bddd239bf5c6c1,lupyne,a5486ed8,2017-10-14 03:11:23,+0000,indexers.py,MODIFY,2,2,PythonFiles\lupyne\a5486ed8\c97ef6582d27481938bec0aea2bddd239bf5c6c1\c97ef6582d27481938bec0aea2bddd239bf5c6c1_lupyne_a5486ed8_20171013_201123_before_5.py,PythonFiles\lupyne\a5486ed8\c97ef6582d27481938bec0aea2bddd239bf5c6c1\c97ef6582d27481938bec0aea2bddd239bf5c6c1_lupyne_a5486ed8_20171013_201123_after_5.py
c97ef6582d27481938bec0aea2bddd239bf5c6c1,lupyne,a5486ed8,2017-10-14 03:11:23,+0000,queries.py,MODIFY,0,12,PythonFiles\lupyne\a5486ed8\c97ef6582d27481938bec0aea2bddd239bf5c6c1\c97ef6582d27481938bec0aea2bddd239bf5c6c1_lupyne_a5486ed8_20171013_201123_before_6.py,PythonFiles\lupyne\a5486ed8\c97ef6582d27481938bec0aea2bddd239bf5c6c1\c97ef6582d27481938bec0aea2bddd239bf5c6c1_lupyne_a5486ed8_20171013_201123_after_6.py
c97ef6582d27481938bec0aea2bddd239bf5c6c1,lupyne,a5486ed8,2017-10-14 03:11:23,+0000,test_engine.py,MODIFY,6,20,PythonFiles\lupyne\a5486ed8\c97ef6582d27481938bec0aea2bddd239bf5c6c1\c97ef6582d27481938bec0aea2bddd239bf5c6c1_lupyne_a5486ed8_20171013_201123_before_7.py,PythonFiles\lupyne\a5486ed8\c97ef6582d27481938bec0aea2bddd239bf5c6c1\c97ef6582d27481938bec0aea2bddd239bf5c6c1_lupyne_a5486ed8_20171013_201123_after_7.py
c97ef6582d27481938bec0aea2bddd239bf5c6c1,lupyne,a5486ed8,2017-10-14 03:11:23,+0000,test_server.py,MODIFY,3,5,PythonFiles\lupyne\a5486ed8\c97ef6582d27481938bec0aea2bddd239bf5c6c1\c97ef6582d27481938bec0aea2bddd239bf5c6c1_lupyne_a5486ed8_20171013_201123_before_8.py,PythonFiles\lupyne\a5486ed8\c97ef6582d27481938bec0aea2bddd239bf5c6c1\c97ef6582d27481938bec0aea2bddd239bf5c6c1_lupyne_a5486ed8_20171013_201123_after_8.py
c11cab28e370f1950da7436dfbe72cbca970fb7c,lupyne,a5486ed8,2017-10-14 17:29:57,+0000,indexers.py,MODIFY,2,2,PythonFiles\lupyne\a5486ed8\c11cab28e370f1950da7436dfbe72cbca970fb7c\c11cab28e370f1950da7436dfbe72cbca970fb7c_lupyne_a5486ed8_20171014_102957_before_4.py,PythonFiles\lupyne\a5486ed8\c11cab28e370f1950da7436dfbe72cbca970fb7c\c11cab28e370f1950da7436dfbe72cbca970fb7c_lupyne_a5486ed8_20171014_102957_after_4.py
c11cab28e370f1950da7436dfbe72cbca970fb7c,lupyne,a5486ed8,2017-10-14 17:29:57,+0000,queries.py,MODIFY,0,55,PythonFiles\lupyne\a5486ed8\c11cab28e370f1950da7436dfbe72cbca970fb7c\c11cab28e370f1950da7436dfbe72cbca970fb7c_lupyne_a5486ed8_20171014_102957_before_5.py,PythonFiles\lupyne\a5486ed8\c11cab28e370f1950da7436dfbe72cbca970fb7c\c11cab28e370f1950da7436dfbe72cbca970fb7c_lupyne_a5486ed8_20171014_102957_after_5.py
c11cab28e370f1950da7436dfbe72cbca970fb7c,lupyne,a5486ed8,2017-10-14 17:29:57,+0000,server.py,MODIFY,4,13,PythonFiles\lupyne\a5486ed8\c11cab28e370f1950da7436dfbe72cbca970fb7c\c11cab28e370f1950da7436dfbe72cbca970fb7c_lupyne_a5486ed8_20171014_102957_before_6.py,PythonFiles\lupyne\a5486ed8\c11cab28e370f1950da7436dfbe72cbca970fb7c\c11cab28e370f1950da7436dfbe72cbca970fb7c_lupyne_a5486ed8_20171014_102957_after_6.py
c11cab28e370f1950da7436dfbe72cbca970fb7c,lupyne,a5486ed8,2017-10-14 17:29:57,+0000,utils.py,MODIFY,50,0,PythonFiles\lupyne\a5486ed8\c11cab28e370f1950da7436dfbe72cbca970fb7c\c11cab28e370f1950da7436dfbe72cbca970fb7c_lupyne_a5486ed8_20171014_102957_before_7.py,PythonFiles\lupyne\a5486ed8\c11cab28e370f1950da7436dfbe72cbca970fb7c\c11cab28e370f1950da7436dfbe72cbca970fb7c_lupyne_a5486ed8_20171014_102957_after_7.py
c11cab28e370f1950da7436dfbe72cbca970fb7c,lupyne,a5486ed8,2017-10-14 17:29:57,+0000,test_engine.py,MODIFY,1,3,PythonFiles\lupyne\a5486ed8\c11cab28e370f1950da7436dfbe72cbca970fb7c\c11cab28e370f1950da7436dfbe72cbca970fb7c_lupyne_a5486ed8_20171014_102957_before_8.py,PythonFiles\lupyne\a5486ed8\c11cab28e370f1950da7436dfbe72cbca970fb7c\c11cab28e370f1950da7436dfbe72cbca970fb7c_lupyne_a5486ed8_20171014_102957_after_8.py
c11cab28e370f1950da7436dfbe72cbca970fb7c,lupyne,a5486ed8,2017-10-14 17:29:57,+0000,test_server.py,MODIFY,0,4,PythonFiles\lupyne\a5486ed8\c11cab28e370f1950da7436dfbe72cbca970fb7c\c11cab28e370f1950da7436dfbe72cbca970fb7c_lupyne_a5486ed8_20171014_102957_before_9.py,PythonFiles\lupyne\a5486ed8\c11cab28e370f1950da7436dfbe72cbca970fb7c\c11cab28e370f1950da7436dfbe72cbca970fb7c_lupyne_a5486ed8_20171014_102957_after_9.py
5c7f377d3943a78efcf54f854bb85e7ed4edddc5,lupyne,a5486ed8,2017-10-15 00:01:32,+0000,indexers.py,MODIFY,1,1,PythonFiles\lupyne\a5486ed8\5c7f377d3943a78efcf54f854bb85e7ed4edddc5\5c7f377d3943a78efcf54f854bb85e7ed4edddc5_lupyne_a5486ed8_20171014_170132_before_1.py,PythonFiles\lupyne\a5486ed8\5c7f377d3943a78efcf54f854bb85e7ed4edddc5\5c7f377d3943a78efcf54f854bb85e7ed4edddc5_lupyne_a5486ed8_20171014_170132_after_1.py
5c7f377d3943a78efcf54f854bb85e7ed4edddc5,lupyne,a5486ed8,2017-10-15 00:01:32,+0000,indexers.py,MODIFY,22,15,PythonFiles\lupyne\a5486ed8\5c7f377d3943a78efcf54f854bb85e7ed4edddc5\5c7f377d3943a78efcf54f854bb85e7ed4edddc5_lupyne_a5486ed8_20171014_170132_before_2.py,PythonFiles\lupyne\a5486ed8\5c7f377d3943a78efcf54f854bb85e7ed4edddc5\5c7f377d3943a78efcf54f854bb85e7ed4edddc5_lupyne_a5486ed8_20171014_170132_after_2.py
5c7f377d3943a78efcf54f854bb85e7ed4edddc5,lupyne,a5486ed8,2017-10-15 00:01:32,+0000,test_engine.py,MODIFY,6,8,PythonFiles\lupyne\a5486ed8\5c7f377d3943a78efcf54f854bb85e7ed4edddc5\5c7f377d3943a78efcf54f854bb85e7ed4edddc5_lupyne_a5486ed8_20171014_170132_before_3.py,PythonFiles\lupyne\a5486ed8\5c7f377d3943a78efcf54f854bb85e7ed4edddc5\5c7f377d3943a78efcf54f854bb85e7ed4edddc5_lupyne_a5486ed8_20171014_170132_after_3.py
07e28bad7231062ad3cca6a0b15af1cfd9f99e2b,lupyne,a5486ed8,2017-10-15 20:57:14,+0000,grouping.py,MODIFY,1,1,PythonFiles\lupyne\a5486ed8\07e28bad7231062ad3cca6a0b15af1cfd9f99e2b\07e28bad7231062ad3cca6a0b15af1cfd9f99e2b_lupyne_a5486ed8_20171015_135714_before_1.py,PythonFiles\lupyne\a5486ed8\07e28bad7231062ad3cca6a0b15af1cfd9f99e2b\07e28bad7231062ad3cca6a0b15af1cfd9f99e2b_lupyne_a5486ed8_20171015_135714_after_1.py
07e28bad7231062ad3cca6a0b15af1cfd9f99e2b,lupyne,a5486ed8,2017-10-15 20:57:14,+0000,indexers.py,MODIFY,3,3,PythonFiles\lupyne\a5486ed8\07e28bad7231062ad3cca6a0b15af1cfd9f99e2b\07e28bad7231062ad3cca6a0b15af1cfd9f99e2b_lupyne_a5486ed8_20171015_135714_before_2.py,PythonFiles\lupyne\a5486ed8\07e28bad7231062ad3cca6a0b15af1cfd9f99e2b\07e28bad7231062ad3cca6a0b15af1cfd9f99e2b_lupyne_a5486ed8_20171015_135714_after_2.py
07e28bad7231062ad3cca6a0b15af1cfd9f99e2b,lupyne,a5486ed8,2017-10-15 20:57:14,+0000,queries.py,MODIFY,8,6,PythonFiles\lupyne\a5486ed8\07e28bad7231062ad3cca6a0b15af1cfd9f99e2b\07e28bad7231062ad3cca6a0b15af1cfd9f99e2b_lupyne_a5486ed8_20171015_135714_before_3.py,PythonFiles\lupyne\a5486ed8\07e28bad7231062ad3cca6a0b15af1cfd9f99e2b\07e28bad7231062ad3cca6a0b15af1cfd9f99e2b_lupyne_a5486ed8_20171015_135714_after_3.py
07e28bad7231062ad3cca6a0b15af1cfd9f99e2b,lupyne,a5486ed8,2017-10-15 20:57:14,+0000,server.py,MODIFY,1,1,PythonFiles\lupyne\a5486ed8\07e28bad7231062ad3cca6a0b15af1cfd9f99e2b\07e28bad7231062ad3cca6a0b15af1cfd9f99e2b_lupyne_a5486ed8_20171015_135714_before_4.py,PythonFiles\lupyne\a5486ed8\07e28bad7231062ad3cca6a0b15af1cfd9f99e2b\07e28bad7231062ad3cca6a0b15af1cfd9f99e2b_lupyne_a5486ed8_20171015_135714_after_4.py
07e28bad7231062ad3cca6a0b15af1cfd9f99e2b,lupyne,a5486ed8,2017-10-15 20:57:14,+0000,sorting.py,MODIFY,4,40,PythonFiles\lupyne\a5486ed8\07e28bad7231062ad3cca6a0b15af1cfd9f99e2b\07e28bad7231062ad3cca6a0b15af1cfd9f99e2b_lupyne_a5486ed8_20171015_135714_before_5.py,PythonFiles\lupyne\a5486ed8\07e28bad7231062ad3cca6a0b15af1cfd9f99e2b\07e28bad7231062ad3cca6a0b15af1cfd9f99e2b_lupyne_a5486ed8_20171015_135714_after_5.py
07e28bad7231062ad3cca6a0b15af1cfd9f99e2b,lupyne,a5486ed8,2017-10-15 20:57:14,+0000,documents.py,MODIFY,29,22,PythonFiles\lupyne\a5486ed8\07e28bad7231062ad3cca6a0b15af1cfd9f99e2b\07e28bad7231062ad3cca6a0b15af1cfd9f99e2b_lupyne_a5486ed8_20171015_135714_before_6.py,PythonFiles\lupyne\a5486ed8\07e28bad7231062ad3cca6a0b15af1cfd9f99e2b\07e28bad7231062ad3cca6a0b15af1cfd9f99e2b_lupyne_a5486ed8_20171015_135714_after_6.py
07e28bad7231062ad3cca6a0b15af1cfd9f99e2b,lupyne,a5486ed8,2017-10-15 20:57:14,+0000,indexers.py,MODIFY,56,56,PythonFiles\lupyne\a5486ed8\07e28bad7231062ad3cca6a0b15af1cfd9f99e2b\07e28bad7231062ad3cca6a0b15af1cfd9f99e2b_lupyne_a5486ed8_20171015_135714_before_7.py,PythonFiles\lupyne\a5486ed8\07e28bad7231062ad3cca6a0b15af1cfd9f99e2b\07e28bad7231062ad3cca6a0b15af1cfd9f99e2b_lupyne_a5486ed8_20171015_135714_after_7.py
07e28bad7231062ad3cca6a0b15af1cfd9f99e2b,lupyne,a5486ed8,2017-10-15 20:57:14,+0000,queries.py,MODIFY,23,27,PythonFiles\lupyne\a5486ed8\07e28bad7231062ad3cca6a0b15af1cfd9f99e2b\07e28bad7231062ad3cca6a0b15af1cfd9f99e2b_lupyne_a5486ed8_20171015_135714_before_8.py,PythonFiles\lupyne\a5486ed8\07e28bad7231062ad3cca6a0b15af1cfd9f99e2b\07e28bad7231062ad3cca6a0b15af1cfd9f99e2b_lupyne_a5486ed8_20171015_135714_after_8.py
07e28bad7231062ad3cca6a0b15af1cfd9f99e2b,lupyne,a5486ed8,2017-10-15 20:57:14,+0000,server.py,MODIFY,4,4,PythonFiles\lupyne\a5486ed8\07e28bad7231062ad3cca6a0b15af1cfd9f99e2b\07e28bad7231062ad3cca6a0b15af1cfd9f99e2b_lupyne_a5486ed8_20171015_135714_before_9.py,PythonFiles\lupyne\a5486ed8\07e28bad7231062ad3cca6a0b15af1cfd9f99e2b\07e28bad7231062ad3cca6a0b15af1cfd9f99e2b_lupyne_a5486ed8_20171015_135714_after_9.py
07e28bad7231062ad3cca6a0b15af1cfd9f99e2b,lupyne,a5486ed8,2017-10-15 20:57:14,+0000,conftest.py,MODIFY,2,2,PythonFiles\lupyne\a5486ed8\07e28bad7231062ad3cca6a0b15af1cfd9f99e2b\07e28bad7231062ad3cca6a0b15af1cfd9f99e2b_lupyne_a5486ed8_20171015_135714_before_11.py,PythonFiles\lupyne\a5486ed8\07e28bad7231062ad3cca6a0b15af1cfd9f99e2b\07e28bad7231062ad3cca6a0b15af1cfd9f99e2b_lupyne_a5486ed8_20171015_135714_after_11.py
07e28bad7231062ad3cca6a0b15af1cfd9f99e2b,lupyne,a5486ed8,2017-10-15 20:57:14,+0000,test_engine.py,MODIFY,26,44,PythonFiles\lupyne\a5486ed8\07e28bad7231062ad3cca6a0b15af1cfd9f99e2b\07e28bad7231062ad3cca6a0b15af1cfd9f99e2b_lupyne_a5486ed8_20171015_135714_before_12.py,PythonFiles\lupyne\a5486ed8\07e28bad7231062ad3cca6a0b15af1cfd9f99e2b\07e28bad7231062ad3cca6a0b15af1cfd9f99e2b_lupyne_a5486ed8_20171015_135714_after_12.py
07e28bad7231062ad3cca6a0b15af1cfd9f99e2b,lupyne,a5486ed8,2017-10-15 20:57:14,+0000,test_server.py,MODIFY,6,7,PythonFiles\lupyne\a5486ed8\07e28bad7231062ad3cca6a0b15af1cfd9f99e2b\07e28bad7231062ad3cca6a0b15af1cfd9f99e2b_lupyne_a5486ed8_20171015_135714_before_13.py,PythonFiles\lupyne\a5486ed8\07e28bad7231062ad3cca6a0b15af1cfd9f99e2b\07e28bad7231062ad3cca6a0b15af1cfd9f99e2b_lupyne_a5486ed8_20171015_135714_after_13.py
0926e723d1ded2232b6d794d1e200524d28d5518,lupyne,a5486ed8,2017-10-17 00:16:33,+0000,conf.py,MODIFY,1,1,PythonFiles\lupyne\a5486ed8\0926e723d1ded2232b6d794d1e200524d28d5518\0926e723d1ded2232b6d794d1e200524d28d5518_lupyne_a5486ed8_20171016_171633_before_3.py,PythonFiles\lupyne\a5486ed8\0926e723d1ded2232b6d794d1e200524d28d5518\0926e723d1ded2232b6d794d1e200524d28d5518_lupyne_a5486ed8_20171016_171633_after_3.py
0926e723d1ded2232b6d794d1e200524d28d5518,lupyne,a5486ed8,2017-10-17 00:16:33,+0000,__init__.py,MODIFY,1,1,PythonFiles\lupyne\a5486ed8\0926e723d1ded2232b6d794d1e200524d28d5518\0926e723d1ded2232b6d794d1e200524d28d5518_lupyne_a5486ed8_20171016_171633_before_4.py,PythonFiles\lupyne\a5486ed8\0926e723d1ded2232b6d794d1e200524d28d5518\0926e723d1ded2232b6d794d1e200524d28d5518_lupyne_a5486ed8_20171016_171633_after_4.py
61942162a59a13ade7d1887fd76620e82aeac535,lupyne,a5486ed8,2017-10-17 00:23:37,+0000,spatial.py,MODIFY,4,3,PythonFiles\lupyne\a5486ed8\61942162a59a13ade7d1887fd76620e82aeac535\61942162a59a13ade7d1887fd76620e82aeac535_lupyne_a5486ed8_20171016_172337_before_3.py,PythonFiles\lupyne\a5486ed8\61942162a59a13ade7d1887fd76620e82aeac535\61942162a59a13ade7d1887fd76620e82aeac535_lupyne_a5486ed8_20171016_172337_after_3.py
61942162a59a13ade7d1887fd76620e82aeac535,lupyne,a5486ed8,2017-10-17 00:23:37,+0000,documents.py,MODIFY,8,8,PythonFiles\lupyne\a5486ed8\61942162a59a13ade7d1887fd76620e82aeac535\61942162a59a13ade7d1887fd76620e82aeac535_lupyne_a5486ed8_20171016_172337_before_4.py,PythonFiles\lupyne\a5486ed8\61942162a59a13ade7d1887fd76620e82aeac535\61942162a59a13ade7d1887fd76620e82aeac535_lupyne_a5486ed8_20171016_172337_after_4.py
61942162a59a13ade7d1887fd76620e82aeac535,lupyne,a5486ed8,2017-10-17 00:23:37,+0000,indexers.py,MODIFY,16,14,PythonFiles\lupyne\a5486ed8\61942162a59a13ade7d1887fd76620e82aeac535\61942162a59a13ade7d1887fd76620e82aeac535_lupyne_a5486ed8_20171016_172337_before_5.py,PythonFiles\lupyne\a5486ed8\61942162a59a13ade7d1887fd76620e82aeac535\61942162a59a13ade7d1887fd76620e82aeac535_lupyne_a5486ed8_20171016_172337_after_5.py
61942162a59a13ade7d1887fd76620e82aeac535,lupyne,a5486ed8,2017-10-17 00:23:37,+0000,queries.py,MODIFY,10,9,PythonFiles\lupyne\a5486ed8\61942162a59a13ade7d1887fd76620e82aeac535\61942162a59a13ade7d1887fd76620e82aeac535_lupyne_a5486ed8_20171016_172337_before_6.py,PythonFiles\lupyne\a5486ed8\61942162a59a13ade7d1887fd76620e82aeac535\61942162a59a13ade7d1887fd76620e82aeac535_lupyne_a5486ed8_20171016_172337_after_6.py
61942162a59a13ade7d1887fd76620e82aeac535,lupyne,a5486ed8,2017-10-17 00:23:37,+0000,spatial.py,MODIFY,2,2,PythonFiles\lupyne\a5486ed8\61942162a59a13ade7d1887fd76620e82aeac535\61942162a59a13ade7d1887fd76620e82aeac535_lupyne_a5486ed8_20171016_172337_before_7.py,PythonFiles\lupyne\a5486ed8\61942162a59a13ade7d1887fd76620e82aeac535\61942162a59a13ade7d1887fd76620e82aeac535_lupyne_a5486ed8_20171016_172337_after_7.py
61942162a59a13ade7d1887fd76620e82aeac535,lupyne,a5486ed8,2017-10-17 00:23:37,+0000,server.py,MODIFY,42,42,PythonFiles\lupyne\a5486ed8\61942162a59a13ade7d1887fd76620e82aeac535\61942162a59a13ade7d1887fd76620e82aeac535_lupyne_a5486ed8_20171016_172337_before_8.py,PythonFiles\lupyne\a5486ed8\61942162a59a13ade7d1887fd76620e82aeac535\61942162a59a13ade7d1887fd76620e82aeac535_lupyne_a5486ed8_20171016_172337_after_8.py
61942162a59a13ade7d1887fd76620e82aeac535,lupyne,a5486ed8,2017-10-17 00:23:37,+0000,utils.py,MODIFY,6,5,PythonFiles\lupyne\a5486ed8\61942162a59a13ade7d1887fd76620e82aeac535\61942162a59a13ade7d1887fd76620e82aeac535_lupyne_a5486ed8_20171016_172337_before_9.py,PythonFiles\lupyne\a5486ed8\61942162a59a13ade7d1887fd76620e82aeac535\61942162a59a13ade7d1887fd76620e82aeac535_lupyne_a5486ed8_20171016_172337_after_9.py
61942162a59a13ade7d1887fd76620e82aeac535,lupyne,a5486ed8,2017-10-17 00:23:37,+0000,setup.py,MODIFY,1,0,PythonFiles\lupyne\a5486ed8\61942162a59a13ade7d1887fd76620e82aeac535\61942162a59a13ade7d1887fd76620e82aeac535_lupyne_a5486ed8_20171016_172337_before_10.py,PythonFiles\lupyne\a5486ed8\61942162a59a13ade7d1887fd76620e82aeac535\61942162a59a13ade7d1887fd76620e82aeac535_lupyne_a5486ed8_20171016_172337_after_10.py
61942162a59a13ade7d1887fd76620e82aeac535,lupyne,a5486ed8,2017-10-17 00:23:37,+0000,test_engine.py,MODIFY,9,10,PythonFiles\lupyne\a5486ed8\61942162a59a13ade7d1887fd76620e82aeac535\61942162a59a13ade7d1887fd76620e82aeac535_lupyne_a5486ed8_20171016_172337_before_12.py,PythonFiles\lupyne\a5486ed8\61942162a59a13ade7d1887fd76620e82aeac535\61942162a59a13ade7d1887fd76620e82aeac535_lupyne_a5486ed8_20171016_172337_after_12.py
61942162a59a13ade7d1887fd76620e82aeac535,lupyne,a5486ed8,2017-10-17 00:23:37,+0000,test_server.py,MODIFY,21,22,PythonFiles\lupyne\a5486ed8\61942162a59a13ade7d1887fd76620e82aeac535\61942162a59a13ade7d1887fd76620e82aeac535_lupyne_a5486ed8_20171016_172337_before_13.py,PythonFiles\lupyne\a5486ed8\61942162a59a13ade7d1887fd76620e82aeac535\61942162a59a13ade7d1887fd76620e82aeac535_lupyne_a5486ed8_20171016_172337_after_13.py
48d926957bf1e5214e8d276087f19e0842566dd0,lupyne,a5486ed8,2017-10-18 03:10:52,+0000,server.py,MODIFY,36,32,PythonFiles\lupyne\a5486ed8\48d926957bf1e5214e8d276087f19e0842566dd0\48d926957bf1e5214e8d276087f19e0842566dd0_lupyne_a5486ed8_20171017_201052_before_2.py,PythonFiles\lupyne\a5486ed8\48d926957bf1e5214e8d276087f19e0842566dd0\48d926957bf1e5214e8d276087f19e0842566dd0_lupyne_a5486ed8_20171017_201052_after_2.py
48d926957bf1e5214e8d276087f19e0842566dd0,lupyne,a5486ed8,2017-10-18 03:10:52,+0000,test_server.py,MODIFY,3,3,PythonFiles\lupyne\a5486ed8\48d926957bf1e5214e8d276087f19e0842566dd0\48d926957bf1e5214e8d276087f19e0842566dd0_lupyne_a5486ed8_20171017_201052_before_3.py,PythonFiles\lupyne\a5486ed8\48d926957bf1e5214e8d276087f19e0842566dd0\48d926957bf1e5214e8d276087f19e0842566dd0_lupyne_a5486ed8_20171017_201052_after_3.py
1991eee3349678b33b1e47213c7e64f24ac7855d,lupyne,a5486ed8,2017-10-18 04:34:04,+0000,__main__.py,MODIFY,0,2,PythonFiles\lupyne\a5486ed8\1991eee3349678b33b1e47213c7e64f24ac7855d\1991eee3349678b33b1e47213c7e64f24ac7855d_lupyne_a5486ed8_20171017_213404_before_2.py,PythonFiles\lupyne\a5486ed8\1991eee3349678b33b1e47213c7e64f24ac7855d\1991eee3349678b33b1e47213c7e64f24ac7855d_lupyne_a5486ed8_20171017_213404_after_2.py
1991eee3349678b33b1e47213c7e64f24ac7855d,lupyne,a5486ed8,2017-10-18 04:34:04,+0000,grouping.py,MODIFY,1,1,PythonFiles\lupyne\a5486ed8\1991eee3349678b33b1e47213c7e64f24ac7855d\1991eee3349678b33b1e47213c7e64f24ac7855d_lupyne_a5486ed8_20171017_213404_before_3.py,PythonFiles\lupyne\a5486ed8\1991eee3349678b33b1e47213c7e64f24ac7855d\1991eee3349678b33b1e47213c7e64f24ac7855d_lupyne_a5486ed8_20171017_213404_after_3.py
1991eee3349678b33b1e47213c7e64f24ac7855d,lupyne,a5486ed8,2017-10-18 04:34:04,+0000,indexers.py,MODIFY,1,1,PythonFiles\lupyne\a5486ed8\1991eee3349678b33b1e47213c7e64f24ac7855d\1991eee3349678b33b1e47213c7e64f24ac7855d_lupyne_a5486ed8_20171017_213404_before_4.py,PythonFiles\lupyne\a5486ed8\1991eee3349678b33b1e47213c7e64f24ac7855d\1991eee3349678b33b1e47213c7e64f24ac7855d_lupyne_a5486ed8_20171017_213404_after_4.py
1991eee3349678b33b1e47213c7e64f24ac7855d,lupyne,a5486ed8,2017-10-18 04:34:04,+0000,queries.py,MODIFY,1,1,PythonFiles\lupyne\a5486ed8\1991eee3349678b33b1e47213c7e64f24ac7855d\1991eee3349678b33b1e47213c7e64f24ac7855d_lupyne_a5486ed8_20171017_213404_before_5.py,PythonFiles\lupyne\a5486ed8\1991eee3349678b33b1e47213c7e64f24ac7855d\1991eee3349678b33b1e47213c7e64f24ac7855d_lupyne_a5486ed8_20171017_213404_after_5.py
1991eee3349678b33b1e47213c7e64f24ac7855d,lupyne,a5486ed8,2017-10-18 04:34:04,+0000,searching.py,MODIFY,1,1,PythonFiles\lupyne\a5486ed8\1991eee3349678b33b1e47213c7e64f24ac7855d\1991eee3349678b33b1e47213c7e64f24ac7855d_lupyne_a5486ed8_20171017_213404_before_6.py,PythonFiles\lupyne\a5486ed8\1991eee3349678b33b1e47213c7e64f24ac7855d\1991eee3349678b33b1e47213c7e64f24ac7855d_lupyne_a5486ed8_20171017_213404_after_6.py
1991eee3349678b33b1e47213c7e64f24ac7855d,lupyne,a5486ed8,2017-10-18 04:34:04,+0000,server.py,MODIFY,1,1,PythonFiles\lupyne\a5486ed8\1991eee3349678b33b1e47213c7e64f24ac7855d\1991eee3349678b33b1e47213c7e64f24ac7855d_lupyne_a5486ed8_20171017_213404_before_7.py,PythonFiles\lupyne\a5486ed8\1991eee3349678b33b1e47213c7e64f24ac7855d\1991eee3349678b33b1e47213c7e64f24ac7855d_lupyne_a5486ed8_20171017_213404_after_7.py
1991eee3349678b33b1e47213c7e64f24ac7855d,lupyne,a5486ed8,2017-10-18 04:34:04,+0000,sorting.py,MODIFY,1,1,PythonFiles\lupyne\a5486ed8\1991eee3349678b33b1e47213c7e64f24ac7855d\1991eee3349678b33b1e47213c7e64f24ac7855d_lupyne_a5486ed8_20171017_213404_before_8.py,PythonFiles\lupyne\a5486ed8\1991eee3349678b33b1e47213c7e64f24ac7855d\1991eee3349678b33b1e47213c7e64f24ac7855d_lupyne_a5486ed8_20171017_213404_after_8.py
1991eee3349678b33b1e47213c7e64f24ac7855d,lupyne,a5486ed8,2017-10-18 04:34:04,+0000,documents.py,MODIFY,1,1,PythonFiles\lupyne\a5486ed8\1991eee3349678b33b1e47213c7e64f24ac7855d\1991eee3349678b33b1e47213c7e64f24ac7855d_lupyne_a5486ed8_20171017_213404_before_9.py,PythonFiles\lupyne\a5486ed8\1991eee3349678b33b1e47213c7e64f24ac7855d\1991eee3349678b33b1e47213c7e64f24ac7855d_lupyne_a5486ed8_20171017_213404_after_9.py
1991eee3349678b33b1e47213c7e64f24ac7855d,lupyne,a5486ed8,2017-10-18 04:34:04,+0000,server.py,MODIFY,1,3,PythonFiles\lupyne\a5486ed8\1991eee3349678b33b1e47213c7e64f24ac7855d\1991eee3349678b33b1e47213c7e64f24ac7855d_lupyne_a5486ed8_20171017_213404_before_10.py,PythonFiles\lupyne\a5486ed8\1991eee3349678b33b1e47213c7e64f24ac7855d\1991eee3349678b33b1e47213c7e64f24ac7855d_lupyne_a5486ed8_20171017_213404_after_10.py
1991eee3349678b33b1e47213c7e64f24ac7855d,lupyne,a5486ed8,2017-10-18 04:34:04,+0000,conftest.py,MODIFY,1,1,PythonFiles\lupyne\a5486ed8\1991eee3349678b33b1e47213c7e64f24ac7855d\1991eee3349678b33b1e47213c7e64f24ac7855d_lupyne_a5486ed8_20171017_213404_before_11.py,PythonFiles\lupyne\a5486ed8\1991eee3349678b33b1e47213c7e64f24ac7855d\1991eee3349678b33b1e47213c7e64f24ac7855d_lupyne_a5486ed8_20171017_213404_after_11.py
1991eee3349678b33b1e47213c7e64f24ac7855d,lupyne,a5486ed8,2017-10-18 04:34:04,+0000,test_engine.py,MODIFY,4,0,PythonFiles\lupyne\a5486ed8\1991eee3349678b33b1e47213c7e64f24ac7855d\1991eee3349678b33b1e47213c7e64f24ac7855d_lupyne_a5486ed8_20171017_213404_before_12.py,PythonFiles\lupyne\a5486ed8\1991eee3349678b33b1e47213c7e64f24ac7855d\1991eee3349678b33b1e47213c7e64f24ac7855d_lupyne_a5486ed8_20171017_213404_after_12.py
d52981434ae1f1b6c1588ebf868eed7997148295,lupyne,a5486ed8,2017-10-18 04:51:19,+0000,setup.py,MODIFY,2,0,PythonFiles\lupyne\a5486ed8\d52981434ae1f1b6c1588ebf868eed7997148295\d52981434ae1f1b6c1588ebf868eed7997148295_lupyne_a5486ed8_20171017_215119_before_2.py,PythonFiles\lupyne\a5486ed8\d52981434ae1f1b6c1588ebf868eed7997148295\d52981434ae1f1b6c1588ebf868eed7997148295_lupyne_a5486ed8_20171017_215119_after_2.py
d9f47c88b7c3aa7975d4c6660a168508d0e58067,lupyne,a5486ed8,2017-10-19 03:00:59,+0000,queries.py,MODIFY,17,19,PythonFiles\lupyne\a5486ed8\d9f47c88b7c3aa7975d4c6660a168508d0e58067\d9f47c88b7c3aa7975d4c6660a168508d0e58067_lupyne_a5486ed8_20171018_200059_before_1.py,PythonFiles\lupyne\a5486ed8\d9f47c88b7c3aa7975d4c6660a168508d0e58067\d9f47c88b7c3aa7975d4c6660a168508d0e58067_lupyne_a5486ed8_20171018_200059_after_1.py
d9f47c88b7c3aa7975d4c6660a168508d0e58067,lupyne,a5486ed8,2017-10-19 03:00:59,+0000,test_engine.py,MODIFY,4,4,PythonFiles\lupyne\a5486ed8\d9f47c88b7c3aa7975d4c6660a168508d0e58067\d9f47c88b7c3aa7975d4c6660a168508d0e58067_lupyne_a5486ed8_20171018_200059_before_2.py,PythonFiles\lupyne\a5486ed8\d9f47c88b7c3aa7975d4c6660a168508d0e58067\d9f47c88b7c3aa7975d4c6660a168508d0e58067_lupyne_a5486ed8_20171018_200059_after_2.py
79f09977a4898bc9c22416f40145109b699d83ac,lupyne,a5486ed8,2017-10-20 23:42:11,+0000,queries.py,MODIFY,12,1,PythonFiles\lupyne\a5486ed8\79f09977a4898bc9c22416f40145109b699d83ac\79f09977a4898bc9c22416f40145109b699d83ac_lupyne_a5486ed8_20171020_164211_before_1.py,PythonFiles\lupyne\a5486ed8\79f09977a4898bc9c22416f40145109b699d83ac\79f09977a4898bc9c22416f40145109b699d83ac_lupyne_a5486ed8_20171020_164211_after_1.py
79f09977a4898bc9c22416f40145109b699d83ac,lupyne,a5486ed8,2017-10-20 23:42:11,+0000,test_engine.py,MODIFY,2,0,PythonFiles\lupyne\a5486ed8\79f09977a4898bc9c22416f40145109b699d83ac\79f09977a4898bc9c22416f40145109b699d83ac_lupyne_a5486ed8_20171020_164211_before_2.py,PythonFiles\lupyne\a5486ed8\79f09977a4898bc9c22416f40145109b699d83ac\79f09977a4898bc9c22416f40145109b699d83ac_lupyne_a5486ed8_20171020_164211_after_2.py
408d492d95948bac82c543e92a4a09b5e09b1ee4,lupyne,a5486ed8,2017-10-21 00:10:39,+0000,documents.py,MODIFY,6,6,PythonFiles\lupyne\a5486ed8\408d492d95948bac82c543e92a4a09b5e09b1ee4\408d492d95948bac82c543e92a4a09b5e09b1ee4_lupyne_a5486ed8_20171020_171039_before_1.py,PythonFiles\lupyne\a5486ed8\408d492d95948bac82c543e92a4a09b5e09b1ee4\408d492d95948bac82c543e92a4a09b5e09b1ee4_lupyne_a5486ed8_20171020_171039_after_1.py
408d492d95948bac82c543e92a4a09b5e09b1ee4,lupyne,a5486ed8,2017-10-21 00:10:39,+0000,test_engine.py,MODIFY,3,3,PythonFiles\lupyne\a5486ed8\408d492d95948bac82c543e92a4a09b5e09b1ee4\408d492d95948bac82c543e92a4a09b5e09b1ee4_lupyne_a5486ed8_20171020_171039_before_2.py,PythonFiles\lupyne\a5486ed8\408d492d95948bac82c543e92a4a09b5e09b1ee4\408d492d95948bac82c543e92a4a09b5e09b1ee4_lupyne_a5486ed8_20171020_171039_after_2.py
89f477bbfb895399b68339676c44e7aac46e2ff3,lupyne,a5486ed8,2017-10-21 00:13:16,+0000,documents.py,MODIFY,2,4,PythonFiles\lupyne\a5486ed8\89f477bbfb895399b68339676c44e7aac46e2ff3\89f477bbfb895399b68339676c44e7aac46e2ff3_lupyne_a5486ed8_20171020_171316_before_1.py,PythonFiles\lupyne\a5486ed8\89f477bbfb895399b68339676c44e7aac46e2ff3\89f477bbfb895399b68339676c44e7aac46e2ff3_lupyne_a5486ed8_20171020_171316_after_1.py
89f477bbfb895399b68339676c44e7aac46e2ff3,lupyne,a5486ed8,2017-10-21 00:13:16,+0000,server.py,MODIFY,4,4,PythonFiles\lupyne\a5486ed8\89f477bbfb895399b68339676c44e7aac46e2ff3\89f477bbfb895399b68339676c44e7aac46e2ff3_lupyne_a5486ed8_20171020_171316_before_2.py,PythonFiles\lupyne\a5486ed8\89f477bbfb895399b68339676c44e7aac46e2ff3\89f477bbfb895399b68339676c44e7aac46e2ff3_lupyne_a5486ed8_20171020_171316_after_2.py
89f477bbfb895399b68339676c44e7aac46e2ff3,lupyne,a5486ed8,2017-10-21 00:13:16,+0000,test_engine.py,MODIFY,4,4,PythonFiles\lupyne\a5486ed8\89f477bbfb895399b68339676c44e7aac46e2ff3\89f477bbfb895399b68339676c44e7aac46e2ff3_lupyne_a5486ed8_20171020_171316_before_3.py,PythonFiles\lupyne\a5486ed8\89f477bbfb895399b68339676c44e7aac46e2ff3\89f477bbfb895399b68339676c44e7aac46e2ff3_lupyne_a5486ed8_20171020_171316_after_3.py
89f477bbfb895399b68339676c44e7aac46e2ff3,lupyne,a5486ed8,2017-10-21 00:13:16,+0000,test_server.py,MODIFY,0,2,PythonFiles\lupyne\a5486ed8\89f477bbfb895399b68339676c44e7aac46e2ff3\89f477bbfb895399b68339676c44e7aac46e2ff3_lupyne_a5486ed8_20171020_171316_before_4.py,PythonFiles\lupyne\a5486ed8\89f477bbfb895399b68339676c44e7aac46e2ff3\89f477bbfb895399b68339676c44e7aac46e2ff3_lupyne_a5486ed8_20171020_171316_after_4.py
dbf199825c7b020235d970f484905c1a8f46f3bb,lupyne,a5486ed8,2017-10-21 00:15:50,+0000,indexers.py,MODIFY,4,5,PythonFiles\lupyne\a5486ed8\dbf199825c7b020235d970f484905c1a8f46f3bb\dbf199825c7b020235d970f484905c1a8f46f3bb_lupyne_a5486ed8_20171020_171550_before_1.py,PythonFiles\lupyne\a5486ed8\dbf199825c7b020235d970f484905c1a8f46f3bb\dbf199825c7b020235d970f484905c1a8f46f3bb_lupyne_a5486ed8_20171020_171550_after_1.py
155c5b12dc22ecad80582d24b9504de7e68e339f,lupyne,a5486ed8,2017-10-22 21:25:32,+0000,searching.py,MODIFY,2,4,PythonFiles\lupyne\a5486ed8\155c5b12dc22ecad80582d24b9504de7e68e339f\155c5b12dc22ecad80582d24b9504de7e68e339f_lupyne_a5486ed8_20171022_142532_before_1.py,PythonFiles\lupyne\a5486ed8\155c5b12dc22ecad80582d24b9504de7e68e339f\155c5b12dc22ecad80582d24b9504de7e68e339f_lupyne_a5486ed8_20171022_142532_after_1.py
155c5b12dc22ecad80582d24b9504de7e68e339f,lupyne,a5486ed8,2017-10-22 21:25:32,+0000,documents.py,MODIFY,36,25,PythonFiles\lupyne\a5486ed8\155c5b12dc22ecad80582d24b9504de7e68e339f\155c5b12dc22ecad80582d24b9504de7e68e339f_lupyne_a5486ed8_20171022_142532_before_2.py,PythonFiles\lupyne\a5486ed8\155c5b12dc22ecad80582d24b9504de7e68e339f\155c5b12dc22ecad80582d24b9504de7e68e339f_lupyne_a5486ed8_20171022_142532_after_2.py
155c5b12dc22ecad80582d24b9504de7e68e339f,lupyne,a5486ed8,2017-10-22 21:25:32,+0000,indexers.py,MODIFY,1,18,PythonFiles\lupyne\a5486ed8\155c5b12dc22ecad80582d24b9504de7e68e339f\155c5b12dc22ecad80582d24b9504de7e68e339f_lupyne_a5486ed8_20171022_142532_before_3.py,PythonFiles\lupyne\a5486ed8\155c5b12dc22ecad80582d24b9504de7e68e339f\155c5b12dc22ecad80582d24b9504de7e68e339f_lupyne_a5486ed8_20171022_142532_after_3.py
155c5b12dc22ecad80582d24b9504de7e68e339f,lupyne,a5486ed8,2017-10-22 21:25:32,+0000,spatial.py,MODIFY,1,1,PythonFiles\lupyne\a5486ed8\155c5b12dc22ecad80582d24b9504de7e68e339f\155c5b12dc22ecad80582d24b9504de7e68e339f_lupyne_a5486ed8_20171022_142532_before_4.py,PythonFiles\lupyne\a5486ed8\155c5b12dc22ecad80582d24b9504de7e68e339f\155c5b12dc22ecad80582d24b9504de7e68e339f_lupyne_a5486ed8_20171022_142532_after_4.py
155c5b12dc22ecad80582d24b9504de7e68e339f,lupyne,a5486ed8,2017-10-22 21:25:32,+0000,server.py,MODIFY,2,7,PythonFiles\lupyne\a5486ed8\155c5b12dc22ecad80582d24b9504de7e68e339f\155c5b12dc22ecad80582d24b9504de7e68e339f_lupyne_a5486ed8_20171022_142532_before_5.py,PythonFiles\lupyne\a5486ed8\155c5b12dc22ecad80582d24b9504de7e68e339f\155c5b12dc22ecad80582d24b9504de7e68e339f_lupyne_a5486ed8_20171022_142532_after_5.py
155c5b12dc22ecad80582d24b9504de7e68e339f,lupyne,a5486ed8,2017-10-22 21:25:32,+0000,test_engine.py,MODIFY,12,16,PythonFiles\lupyne\a5486ed8\155c5b12dc22ecad80582d24b9504de7e68e339f\155c5b12dc22ecad80582d24b9504de7e68e339f_lupyne_a5486ed8_20171022_142532_before_6.py,PythonFiles\lupyne\a5486ed8\155c5b12dc22ecad80582d24b9504de7e68e339f\155c5b12dc22ecad80582d24b9504de7e68e339f_lupyne_a5486ed8_20171022_142532_after_6.py
155c5b12dc22ecad80582d24b9504de7e68e339f,lupyne,a5486ed8,2017-10-22 21:25:32,+0000,test_server.py,MODIFY,2,4,PythonFiles\lupyne\a5486ed8\155c5b12dc22ecad80582d24b9504de7e68e339f\155c5b12dc22ecad80582d24b9504de7e68e339f_lupyne_a5486ed8_20171022_142532_before_7.py,PythonFiles\lupyne\a5486ed8\155c5b12dc22ecad80582d24b9504de7e68e339f\155c5b12dc22ecad80582d24b9504de7e68e339f_lupyne_a5486ed8_20171022_142532_after_7.py
11c011d0cc4db54db4890bf293780a2195f569d0,lupyne,a5486ed8,2017-10-22 21:57:19,+0000,queries.py,MODIFY,13,2,PythonFiles\lupyne\a5486ed8\11c011d0cc4db54db4890bf293780a2195f569d0\11c011d0cc4db54db4890bf293780a2195f569d0_lupyne_a5486ed8_20171022_145719_before_1.py,PythonFiles\lupyne\a5486ed8\11c011d0cc4db54db4890bf293780a2195f569d0\11c011d0cc4db54db4890bf293780a2195f569d0_lupyne_a5486ed8_20171022_145719_after_1.py
11c011d0cc4db54db4890bf293780a2195f569d0,lupyne,a5486ed8,2017-10-22 21:57:19,+0000,test_engine.py,MODIFY,3,0,PythonFiles\lupyne\a5486ed8\11c011d0cc4db54db4890bf293780a2195f569d0\11c011d0cc4db54db4890bf293780a2195f569d0_lupyne_a5486ed8_20171022_145719_before_2.py,PythonFiles\lupyne\a5486ed8\11c011d0cc4db54db4890bf293780a2195f569d0\11c011d0cc4db54db4890bf293780a2195f569d0_lupyne_a5486ed8_20171022_145719_after_2.py
3b2553a4cd1f7693282e570e609d663d22601a13,lupyne,a5486ed8,2017-10-22 23:00:33,+0000,__init__.py,MODIFY,2,1,PythonFiles\lupyne\a5486ed8\3b2553a4cd1f7693282e570e609d663d22601a13\3b2553a4cd1f7693282e570e609d663d22601a13_lupyne_a5486ed8_20171022_160033_before_2.py,PythonFiles\lupyne\a5486ed8\3b2553a4cd1f7693282e570e609d663d22601a13\3b2553a4cd1f7693282e570e609d663d22601a13_lupyne_a5486ed8_20171022_160033_after_2.py
3b2553a4cd1f7693282e570e609d663d22601a13,lupyne,a5486ed8,2017-10-22 23:00:33,+0000,analyzers.py,ADD,162,0,,PythonFiles\lupyne\a5486ed8\3b2553a4cd1f7693282e570e609d663d22601a13\3b2553a4cd1f7693282e570e609d663d22601a13_lupyne_a5486ed8_20171022_160033_after_3.py
3b2553a4cd1f7693282e570e609d663d22601a13,lupyne,a5486ed8,2017-10-22 23:00:33,+0000,indexers.py,MODIFY,5,147,PythonFiles\lupyne\a5486ed8\3b2553a4cd1f7693282e570e609d663d22601a13\3b2553a4cd1f7693282e570e609d663d22601a13_lupyne_a5486ed8_20171022_160033_before_4.py,PythonFiles\lupyne\a5486ed8\3b2553a4cd1f7693282e570e609d663d22601a13\3b2553a4cd1f7693282e570e609d663d22601a13_lupyne_a5486ed8_20171022_160033_after_4.py
3b2553a4cd1f7693282e570e609d663d22601a13,lupyne,a5486ed8,2017-10-22 23:00:33,+0000,test_engine.py,MODIFY,29,18,PythonFiles\lupyne\a5486ed8\3b2553a4cd1f7693282e570e609d663d22601a13\3b2553a4cd1f7693282e570e609d663d22601a13_lupyne_a5486ed8_20171022_160033_before_5.py,PythonFiles\lupyne\a5486ed8\3b2553a4cd1f7693282e570e609d663d22601a13\3b2553a4cd1f7693282e570e609d663d22601a13_lupyne_a5486ed8_20171022_160033_after_5.py
642a2a77dfdd04efc0a03718a4bc1ab16c4e9d57,lupyne,a5486ed8,2017-10-23 00:01:05,+0000,test_engine.py,MODIFY,41,48,PythonFiles\lupyne\a5486ed8\642a2a77dfdd04efc0a03718a4bc1ab16c4e9d57\642a2a77dfdd04efc0a03718a4bc1ab16c4e9d57_lupyne_a5486ed8_20171022_170105_before_1.py,PythonFiles\lupyne\a5486ed8\642a2a77dfdd04efc0a03718a4bc1ab16c4e9d57\642a2a77dfdd04efc0a03718a4bc1ab16c4e9d57_lupyne_a5486ed8_20171022_170105_after_1.py
9ce59bf2b53f37ce4063afc806d2fe95844ea217,lupyne,a5486ed8,2017-10-23 03:05:33,+0000,indexers.py,MODIFY,2,3,PythonFiles\lupyne\a5486ed8\9ce59bf2b53f37ce4063afc806d2fe95844ea217\9ce59bf2b53f37ce4063afc806d2fe95844ea217_lupyne_a5486ed8_20171022_200533_before_1.py,PythonFiles\lupyne\a5486ed8\9ce59bf2b53f37ce4063afc806d2fe95844ea217\9ce59bf2b53f37ce4063afc806d2fe95844ea217_lupyne_a5486ed8_20171022_200533_after_1.py
9ce59bf2b53f37ce4063afc806d2fe95844ea217,lupyne,a5486ed8,2017-10-23 03:05:33,+0000,queries.py,MODIFY,11,30,PythonFiles\lupyne\a5486ed8\9ce59bf2b53f37ce4063afc806d2fe95844ea217\9ce59bf2b53f37ce4063afc806d2fe95844ea217_lupyne_a5486ed8_20171022_200533_before_2.py,PythonFiles\lupyne\a5486ed8\9ce59bf2b53f37ce4063afc806d2fe95844ea217\9ce59bf2b53f37ce4063afc806d2fe95844ea217_lupyne_a5486ed8_20171022_200533_after_2.py
9ce59bf2b53f37ce4063afc806d2fe95844ea217,lupyne,a5486ed8,2017-10-23 03:05:33,+0000,test_engine.py,MODIFY,1,2,PythonFiles\lupyne\a5486ed8\9ce59bf2b53f37ce4063afc806d2fe95844ea217\9ce59bf2b53f37ce4063afc806d2fe95844ea217_lupyne_a5486ed8_20171022_200533_before_3.py,PythonFiles\lupyne\a5486ed8\9ce59bf2b53f37ce4063afc806d2fe95844ea217\9ce59bf2b53f37ce4063afc806d2fe95844ea217_lupyne_a5486ed8_20171022_200533_after_3.py
14a8cdb6b4de598184bbecfc563dd0d95013cfb7,lupyne,a5486ed8,2017-10-26 02:03:31,+0000,grouping.py,MODIFY,2,1,PythonFiles\lupyne\a5486ed8\14a8cdb6b4de598184bbecfc563dd0d95013cfb7\14a8cdb6b4de598184bbecfc563dd0d95013cfb7_lupyne_a5486ed8_20171025_190331_before_1.py,PythonFiles\lupyne\a5486ed8\14a8cdb6b4de598184bbecfc563dd0d95013cfb7\14a8cdb6b4de598184bbecfc563dd0d95013cfb7_lupyne_a5486ed8_20171025_190331_after_1.py
14a8cdb6b4de598184bbecfc563dd0d95013cfb7,lupyne,a5486ed8,2017-10-26 02:03:31,+0000,sorting.py,MODIFY,2,2,PythonFiles\lupyne\a5486ed8\14a8cdb6b4de598184bbecfc563dd0d95013cfb7\14a8cdb6b4de598184bbecfc563dd0d95013cfb7_lupyne_a5486ed8_20171025_190331_before_2.py,PythonFiles\lupyne\a5486ed8\14a8cdb6b4de598184bbecfc563dd0d95013cfb7\14a8cdb6b4de598184bbecfc563dd0d95013cfb7_lupyne_a5486ed8_20171025_190331_after_2.py
14a8cdb6b4de598184bbecfc563dd0d95013cfb7,lupyne,a5486ed8,2017-10-26 02:03:31,+0000,documents.py,MODIFY,4,0,PythonFiles\lupyne\a5486ed8\14a8cdb6b4de598184bbecfc563dd0d95013cfb7\14a8cdb6b4de598184bbecfc563dd0d95013cfb7_lupyne_a5486ed8_20171025_190331_before_3.py,PythonFiles\lupyne\a5486ed8\14a8cdb6b4de598184bbecfc563dd0d95013cfb7\14a8cdb6b4de598184bbecfc563dd0d95013cfb7_lupyne_a5486ed8_20171025_190331_after_3.py
14a8cdb6b4de598184bbecfc563dd0d95013cfb7,lupyne,a5486ed8,2017-10-26 02:03:31,+0000,indexers.py,MODIFY,2,2,PythonFiles\lupyne\a5486ed8\14a8cdb6b4de598184bbecfc563dd0d95013cfb7\14a8cdb6b4de598184bbecfc563dd0d95013cfb7_lupyne_a5486ed8_20171025_190331_before_4.py,PythonFiles\lupyne\a5486ed8\14a8cdb6b4de598184bbecfc563dd0d95013cfb7\14a8cdb6b4de598184bbecfc563dd0d95013cfb7_lupyne_a5486ed8_20171025_190331_after_4.py
14a8cdb6b4de598184bbecfc563dd0d95013cfb7,lupyne,a5486ed8,2017-10-26 02:03:31,+0000,queries.py,MODIFY,4,0,PythonFiles\lupyne\a5486ed8\14a8cdb6b4de598184bbecfc563dd0d95013cfb7\14a8cdb6b4de598184bbecfc563dd0d95013cfb7_lupyne_a5486ed8_20171025_190331_before_5.py,PythonFiles\lupyne\a5486ed8\14a8cdb6b4de598184bbecfc563dd0d95013cfb7\14a8cdb6b4de598184bbecfc563dd0d95013cfb7_lupyne_a5486ed8_20171025_190331_after_5.py
14a8cdb6b4de598184bbecfc563dd0d95013cfb7,lupyne,a5486ed8,2017-10-26 02:03:31,+0000,server.py,MODIFY,1,1,PythonFiles\lupyne\a5486ed8\14a8cdb6b4de598184bbecfc563dd0d95013cfb7\14a8cdb6b4de598184bbecfc563dd0d95013cfb7_lupyne_a5486ed8_20171025_190331_before_6.py,PythonFiles\lupyne\a5486ed8\14a8cdb6b4de598184bbecfc563dd0d95013cfb7\14a8cdb6b4de598184bbecfc563dd0d95013cfb7_lupyne_a5486ed8_20171025_190331_after_6.py
14a8cdb6b4de598184bbecfc563dd0d95013cfb7,lupyne,a5486ed8,2017-10-26 02:03:31,+0000,test_engine.py,MODIFY,1,0,PythonFiles\lupyne\a5486ed8\14a8cdb6b4de598184bbecfc563dd0d95013cfb7\14a8cdb6b4de598184bbecfc563dd0d95013cfb7_lupyne_a5486ed8_20171025_190331_before_7.py,PythonFiles\lupyne\a5486ed8\14a8cdb6b4de598184bbecfc563dd0d95013cfb7\14a8cdb6b4de598184bbecfc563dd0d95013cfb7_lupyne_a5486ed8_20171025_190331_after_7.py
96e886d37dc4a3c475de09354bad3a1426cd457f,lupyne,a5486ed8,2017-11-08 02:55:48,+0000,server.py,MODIFY,3,1,PythonFiles\lupyne\a5486ed8\96e886d37dc4a3c475de09354bad3a1426cd457f\96e886d37dc4a3c475de09354bad3a1426cd457f_lupyne_a5486ed8_20171107_185548_before_1.py,PythonFiles\lupyne\a5486ed8\96e886d37dc4a3c475de09354bad3a1426cd457f\96e886d37dc4a3c475de09354bad3a1426cd457f_lupyne_a5486ed8_20171107_185548_after_1.py
ff08799430b4acdc5b1ab784cf4fe445e0580ea9,lupyne,a5486ed8,2017-11-08 03:36:32,+0000,__init__.py,MODIFY,1,1,PythonFiles\lupyne\a5486ed8\ff08799430b4acdc5b1ab784cf4fe445e0580ea9\ff08799430b4acdc5b1ab784cf4fe445e0580ea9_lupyne_a5486ed8_20171107_193632_before_2.py,PythonFiles\lupyne\a5486ed8\ff08799430b4acdc5b1ab784cf4fe445e0580ea9\ff08799430b4acdc5b1ab784cf4fe445e0580ea9_lupyne_a5486ed8_20171107_193632_after_2.py
ff08799430b4acdc5b1ab784cf4fe445e0580ea9,lupyne,a5486ed8,2017-11-08 03:36:32,+0000,spatial.py,MODIFY,0,31,PythonFiles\lupyne\a5486ed8\ff08799430b4acdc5b1ab784cf4fe445e0580ea9\ff08799430b4acdc5b1ab784cf4fe445e0580ea9_lupyne_a5486ed8_20171107_193632_before_3.py,PythonFiles\lupyne\a5486ed8\ff08799430b4acdc5b1ab784cf4fe445e0580ea9\ff08799430b4acdc5b1ab784cf4fe445e0580ea9_lupyne_a5486ed8_20171107_193632_after_3.py
ff08799430b4acdc5b1ab784cf4fe445e0580ea9,lupyne,a5486ed8,2017-11-08 03:36:32,+0000,test_engine.py,MODIFY,1,11,PythonFiles\lupyne\a5486ed8\ff08799430b4acdc5b1ab784cf4fe445e0580ea9\ff08799430b4acdc5b1ab784cf4fe445e0580ea9_lupyne_a5486ed8_20171107_193632_before_4.py,PythonFiles\lupyne\a5486ed8\ff08799430b4acdc5b1ab784cf4fe445e0580ea9\ff08799430b4acdc5b1ab784cf4fe445e0580ea9_lupyne_a5486ed8_20171107_193632_after_4.py
122a7fe1019ee721216eaab9ccfb2d2eff720331,lupyne,a5486ed8,2017-12-21 03:10:26,+0000,setup.py,MODIFY,3,0,PythonFiles\lupyne\a5486ed8\122a7fe1019ee721216eaab9ccfb2d2eff720331\122a7fe1019ee721216eaab9ccfb2d2eff720331_lupyne_a5486ed8_20171220_191026_before_4.py,PythonFiles\lupyne\a5486ed8\122a7fe1019ee721216eaab9ccfb2d2eff720331\122a7fe1019ee721216eaab9ccfb2d2eff720331_lupyne_a5486ed8_20171220_191026_after_4.py
ffc51b96be3853c943ce2fc8667a78cc276da626,lupyne,a5486ed8,2017-12-23 01:10:58,+0000,analyzers.py,MODIFY,12,0,PythonFiles\lupyne\a5486ed8\ffc51b96be3853c943ce2fc8667a78cc276da626\ffc51b96be3853c943ce2fc8667a78cc276da626_lupyne_a5486ed8_20171222_171058_before_2.py,PythonFiles\lupyne\a5486ed8\ffc51b96be3853c943ce2fc8667a78cc276da626\ffc51b96be3853c943ce2fc8667a78cc276da626_lupyne_a5486ed8_20171222_171058_after_2.py
ffc51b96be3853c943ce2fc8667a78cc276da626,lupyne,a5486ed8,2017-12-23 01:10:58,+0000,documents.py,MODIFY,14,2,PythonFiles\lupyne\a5486ed8\ffc51b96be3853c943ce2fc8667a78cc276da626\ffc51b96be3853c943ce2fc8667a78cc276da626_lupyne_a5486ed8_20171222_171058_before_3.py,PythonFiles\lupyne\a5486ed8\ffc51b96be3853c943ce2fc8667a78cc276da626\ffc51b96be3853c943ce2fc8667a78cc276da626_lupyne_a5486ed8_20171222_171058_after_3.py
ffc51b96be3853c943ce2fc8667a78cc276da626,lupyne,a5486ed8,2017-12-23 01:10:58,+0000,indexers.py,MODIFY,9,10,PythonFiles\lupyne\a5486ed8\ffc51b96be3853c943ce2fc8667a78cc276da626\ffc51b96be3853c943ce2fc8667a78cc276da626_lupyne_a5486ed8_20171222_171058_before_4.py,PythonFiles\lupyne\a5486ed8\ffc51b96be3853c943ce2fc8667a78cc276da626\ffc51b96be3853c943ce2fc8667a78cc276da626_lupyne_a5486ed8_20171222_171058_after_4.py
ffc51b96be3853c943ce2fc8667a78cc276da626,lupyne,a5486ed8,2017-12-23 01:10:58,+0000,queries.py,MODIFY,3,66,PythonFiles\lupyne\a5486ed8\ffc51b96be3853c943ce2fc8667a78cc276da626\ffc51b96be3853c943ce2fc8667a78cc276da626_lupyne_a5486ed8_20171222_171058_before_5.py,PythonFiles\lupyne\a5486ed8\ffc51b96be3853c943ce2fc8667a78cc276da626\ffc51b96be3853c943ce2fc8667a78cc276da626_lupyne_a5486ed8_20171222_171058_after_5.py
ffc51b96be3853c943ce2fc8667a78cc276da626,lupyne,a5486ed8,2017-12-23 01:10:58,+0000,server.py,MODIFY,7,11,PythonFiles\lupyne\a5486ed8\ffc51b96be3853c943ce2fc8667a78cc276da626\ffc51b96be3853c943ce2fc8667a78cc276da626_lupyne_a5486ed8_20171222_171058_before_6.py,PythonFiles\lupyne\a5486ed8\ffc51b96be3853c943ce2fc8667a78cc276da626\ffc51b96be3853c943ce2fc8667a78cc276da626_lupyne_a5486ed8_20171222_171058_after_6.py
ffc51b96be3853c943ce2fc8667a78cc276da626,lupyne,a5486ed8,2017-12-23 01:10:58,+0000,test_engine.py,MODIFY,7,27,PythonFiles\lupyne\a5486ed8\ffc51b96be3853c943ce2fc8667a78cc276da626\ffc51b96be3853c943ce2fc8667a78cc276da626_lupyne_a5486ed8_20171222_171058_before_7.py,PythonFiles\lupyne\a5486ed8\ffc51b96be3853c943ce2fc8667a78cc276da626\ffc51b96be3853c943ce2fc8667a78cc276da626_lupyne_a5486ed8_20171222_171058_after_7.py
ffc51b96be3853c943ce2fc8667a78cc276da626,lupyne,a5486ed8,2017-12-23 01:10:58,+0000,test_server.py,MODIFY,2,15,PythonFiles\lupyne\a5486ed8\ffc51b96be3853c943ce2fc8667a78cc276da626\ffc51b96be3853c943ce2fc8667a78cc276da626_lupyne_a5486ed8_20171222_171058_before_8.py,PythonFiles\lupyne\a5486ed8\ffc51b96be3853c943ce2fc8667a78cc276da626\ffc51b96be3853c943ce2fc8667a78cc276da626_lupyne_a5486ed8_20171222_171058_after_8.py
28beec95ba097968f6baf64eaddf3c7df9d0524f,lupyne,a5486ed8,2017-12-27 22:54:49,+0000,indexers.py,MODIFY,16,12,PythonFiles\lupyne\a5486ed8\28beec95ba097968f6baf64eaddf3c7df9d0524f\28beec95ba097968f6baf64eaddf3c7df9d0524f_lupyne_a5486ed8_20171227_145449_before_1.py,PythonFiles\lupyne\a5486ed8\28beec95ba097968f6baf64eaddf3c7df9d0524f\28beec95ba097968f6baf64eaddf3c7df9d0524f_lupyne_a5486ed8_20171227_145449_after_1.py
28beec95ba097968f6baf64eaddf3c7df9d0524f,lupyne,a5486ed8,2017-12-27 22:54:49,+0000,queries.py,MODIFY,5,6,PythonFiles\lupyne\a5486ed8\28beec95ba097968f6baf64eaddf3c7df9d0524f\28beec95ba097968f6baf64eaddf3c7df9d0524f_lupyne_a5486ed8_20171227_145449_before_2.py,PythonFiles\lupyne\a5486ed8\28beec95ba097968f6baf64eaddf3c7df9d0524f\28beec95ba097968f6baf64eaddf3c7df9d0524f_lupyne_a5486ed8_20171227_145449_after_2.py
28beec95ba097968f6baf64eaddf3c7df9d0524f,lupyne,a5486ed8,2017-12-27 22:54:49,+0000,server.py,MODIFY,2,2,PythonFiles\lupyne\a5486ed8\28beec95ba097968f6baf64eaddf3c7df9d0524f\28beec95ba097968f6baf64eaddf3c7df9d0524f_lupyne_a5486ed8_20171227_145449_before_3.py,PythonFiles\lupyne\a5486ed8\28beec95ba097968f6baf64eaddf3c7df9d0524f\28beec95ba097968f6baf64eaddf3c7df9d0524f_lupyne_a5486ed8_20171227_145449_after_3.py
28beec95ba097968f6baf64eaddf3c7df9d0524f,lupyne,a5486ed8,2017-12-27 22:54:49,+0000,utils.py,MODIFY,3,28,PythonFiles\lupyne\a5486ed8\28beec95ba097968f6baf64eaddf3c7df9d0524f\28beec95ba097968f6baf64eaddf3c7df9d0524f_lupyne_a5486ed8_20171227_145449_before_4.py,PythonFiles\lupyne\a5486ed8\28beec95ba097968f6baf64eaddf3c7df9d0524f\28beec95ba097968f6baf64eaddf3c7df9d0524f_lupyne_a5486ed8_20171227_145449_after_4.py
28beec95ba097968f6baf64eaddf3c7df9d0524f,lupyne,a5486ed8,2017-12-27 22:54:49,+0000,test_engine.py,MODIFY,17,10,PythonFiles\lupyne\a5486ed8\28beec95ba097968f6baf64eaddf3c7df9d0524f\28beec95ba097968f6baf64eaddf3c7df9d0524f_lupyne_a5486ed8_20171227_145449_before_5.py,PythonFiles\lupyne\a5486ed8\28beec95ba097968f6baf64eaddf3c7df9d0524f\28beec95ba097968f6baf64eaddf3c7df9d0524f_lupyne_a5486ed8_20171227_145449_after_5.py
28beec95ba097968f6baf64eaddf3c7df9d0524f,lupyne,a5486ed8,2017-12-27 22:54:49,+0000,test_server.py,MODIFY,2,3,PythonFiles\lupyne\a5486ed8\28beec95ba097968f6baf64eaddf3c7df9d0524f\28beec95ba097968f6baf64eaddf3c7df9d0524f_lupyne_a5486ed8_20171227_145449_before_6.py,PythonFiles\lupyne\a5486ed8\28beec95ba097968f6baf64eaddf3c7df9d0524f\28beec95ba097968f6baf64eaddf3c7df9d0524f_lupyne_a5486ed8_20171227_145449_after_6.py
591a7cc04877da63d55192548b7209f288111710,lupyne,a5486ed8,2017-12-28 00:22:08,+0000,searching.py,MODIFY,6,8,PythonFiles\lupyne\a5486ed8\591a7cc04877da63d55192548b7209f288111710\591a7cc04877da63d55192548b7209f288111710_lupyne_a5486ed8_20171227_162208_before_4.py,PythonFiles\lupyne\a5486ed8\591a7cc04877da63d55192548b7209f288111710\591a7cc04877da63d55192548b7209f288111710_lupyne_a5486ed8_20171227_162208_after_4.py
591a7cc04877da63d55192548b7209f288111710,lupyne,a5486ed8,2017-12-28 00:22:08,+0000,spatial.py,DELETE,0,76,PythonFiles\lupyne\a5486ed8\591a7cc04877da63d55192548b7209f288111710\591a7cc04877da63d55192548b7209f288111710_lupyne_a5486ed8_20171227_162208_before_5.py,
591a7cc04877da63d55192548b7209f288111710,lupyne,a5486ed8,2017-12-28 00:22:08,+0000,__init__.py,MODIFY,1,2,PythonFiles\lupyne\a5486ed8\591a7cc04877da63d55192548b7209f288111710\591a7cc04877da63d55192548b7209f288111710_lupyne_a5486ed8_20171227_162208_before_6.py,PythonFiles\lupyne\a5486ed8\591a7cc04877da63d55192548b7209f288111710\591a7cc04877da63d55192548b7209f288111710_lupyne_a5486ed8_20171227_162208_after_6.py
591a7cc04877da63d55192548b7209f288111710,lupyne,a5486ed8,2017-12-28 00:22:08,+0000,documents.py,MODIFY,23,0,PythonFiles\lupyne\a5486ed8\591a7cc04877da63d55192548b7209f288111710\591a7cc04877da63d55192548b7209f288111710_lupyne_a5486ed8_20171227_162208_before_7.py,PythonFiles\lupyne\a5486ed8\591a7cc04877da63d55192548b7209f288111710\591a7cc04877da63d55192548b7209f288111710_lupyne_a5486ed8_20171227_162208_after_7.py
591a7cc04877da63d55192548b7209f288111710,lupyne,a5486ed8,2017-12-28 00:22:08,+0000,indexers.py,MODIFY,0,6,PythonFiles\lupyne\a5486ed8\591a7cc04877da63d55192548b7209f288111710\591a7cc04877da63d55192548b7209f288111710_lupyne_a5486ed8_20171227_162208_before_8.py,PythonFiles\lupyne\a5486ed8\591a7cc04877da63d55192548b7209f288111710\591a7cc04877da63d55192548b7209f288111710_lupyne_a5486ed8_20171227_162208_after_8.py
591a7cc04877da63d55192548b7209f288111710,lupyne,a5486ed8,2017-12-28 00:22:08,+0000,spatial.py,DELETE,0,137,PythonFiles\lupyne\a5486ed8\591a7cc04877da63d55192548b7209f288111710\591a7cc04877da63d55192548b7209f288111710_lupyne_a5486ed8_20171227_162208_before_9.py,
591a7cc04877da63d55192548b7209f288111710,lupyne,a5486ed8,2017-12-28 00:22:08,+0000,test_engine.py,MODIFY,17,27,PythonFiles\lupyne\a5486ed8\591a7cc04877da63d55192548b7209f288111710\591a7cc04877da63d55192548b7209f288111710_lupyne_a5486ed8_20171227_162208_before_10.py,PythonFiles\lupyne\a5486ed8\591a7cc04877da63d55192548b7209f288111710\591a7cc04877da63d55192548b7209f288111710_lupyne_a5486ed8_20171227_162208_after_10.py
5e94bbcfd109310ca5f91893647b0ce0db74c08f,lupyne,a5486ed8,2017-12-28 18:30:39,+0000,server.py,MODIFY,2,2,PythonFiles\lupyne\a5486ed8\5e94bbcfd109310ca5f91893647b0ce0db74c08f\5e94bbcfd109310ca5f91893647b0ce0db74c08f_lupyne_a5486ed8_20171228_103039_before_4.py,PythonFiles\lupyne\a5486ed8\5e94bbcfd109310ca5f91893647b0ce0db74c08f\5e94bbcfd109310ca5f91893647b0ce0db74c08f_lupyne_a5486ed8_20171228_103039_after_4.py
5e94bbcfd109310ca5f91893647b0ce0db74c08f,lupyne,a5486ed8,2017-12-28 18:30:39,+0000,server.py,MODIFY,47,52,PythonFiles\lupyne\a5486ed8\5e94bbcfd109310ca5f91893647b0ce0db74c08f\5e94bbcfd109310ca5f91893647b0ce0db74c08f_lupyne_a5486ed8_20171228_103039_before_5.py,PythonFiles\lupyne\a5486ed8\5e94bbcfd109310ca5f91893647b0ce0db74c08f\5e94bbcfd109310ca5f91893647b0ce0db74c08f_lupyne_a5486ed8_20171228_103039_after_5.py
5e94bbcfd109310ca5f91893647b0ce0db74c08f,lupyne,a5486ed8,2017-12-28 18:30:39,+0000,utils.py,MODIFY,0,14,PythonFiles\lupyne\a5486ed8\5e94bbcfd109310ca5f91893647b0ce0db74c08f\5e94bbcfd109310ca5f91893647b0ce0db74c08f_lupyne_a5486ed8_20171228_103039_before_6.py,PythonFiles\lupyne\a5486ed8\5e94bbcfd109310ca5f91893647b0ce0db74c08f\5e94bbcfd109310ca5f91893647b0ce0db74c08f_lupyne_a5486ed8_20171228_103039_after_6.py
5e94bbcfd109310ca5f91893647b0ce0db74c08f,lupyne,a5486ed8,2017-12-28 18:30:39,+0000,test_engine.py,MODIFY,4,4,PythonFiles\lupyne\a5486ed8\5e94bbcfd109310ca5f91893647b0ce0db74c08f\5e94bbcfd109310ca5f91893647b0ce0db74c08f_lupyne_a5486ed8_20171228_103039_before_8.py,PythonFiles\lupyne\a5486ed8\5e94bbcfd109310ca5f91893647b0ce0db74c08f\5e94bbcfd109310ca5f91893647b0ce0db74c08f_lupyne_a5486ed8_20171228_103039_after_8.py
5e94bbcfd109310ca5f91893647b0ce0db74c08f,lupyne,a5486ed8,2017-12-28 18:30:39,+0000,test_server.py,MODIFY,20,21,PythonFiles\lupyne\a5486ed8\5e94bbcfd109310ca5f91893647b0ce0db74c08f\5e94bbcfd109310ca5f91893647b0ce0db74c08f_lupyne_a5486ed8_20171228_103039_before_9.py,PythonFiles\lupyne\a5486ed8\5e94bbcfd109310ca5f91893647b0ce0db74c08f\5e94bbcfd109310ca5f91893647b0ce0db74c08f_lupyne_a5486ed8_20171228_103039_after_9.py
4f2ac31c6006851ad7bf074328811cf91dee65da,lupyne,a5486ed8,2017-12-28 20:39:46,+0000,indexers.py,MODIFY,6,8,PythonFiles\lupyne\a5486ed8\4f2ac31c6006851ad7bf074328811cf91dee65da\4f2ac31c6006851ad7bf074328811cf91dee65da_lupyne_a5486ed8_20171228_123946_before_2.py,PythonFiles\lupyne\a5486ed8\4f2ac31c6006851ad7bf074328811cf91dee65da\4f2ac31c6006851ad7bf074328811cf91dee65da_lupyne_a5486ed8_20171228_123946_after_2.py
4f2ac31c6006851ad7bf074328811cf91dee65da,lupyne,a5486ed8,2017-12-28 20:39:46,+0000,queries.py,MODIFY,49,18,PythonFiles\lupyne\a5486ed8\4f2ac31c6006851ad7bf074328811cf91dee65da\4f2ac31c6006851ad7bf074328811cf91dee65da_lupyne_a5486ed8_20171228_123946_before_3.py,PythonFiles\lupyne\a5486ed8\4f2ac31c6006851ad7bf074328811cf91dee65da\4f2ac31c6006851ad7bf074328811cf91dee65da_lupyne_a5486ed8_20171228_123946_after_3.py
4f2ac31c6006851ad7bf074328811cf91dee65da,lupyne,a5486ed8,2017-12-28 20:39:46,+0000,test_engine.py,MODIFY,3,7,PythonFiles\lupyne\a5486ed8\4f2ac31c6006851ad7bf074328811cf91dee65da\4f2ac31c6006851ad7bf074328811cf91dee65da_lupyne_a5486ed8_20171228_123946_before_4.py,PythonFiles\lupyne\a5486ed8\4f2ac31c6006851ad7bf074328811cf91dee65da\4f2ac31c6006851ad7bf074328811cf91dee65da_lupyne_a5486ed8_20171228_123946_after_4.py
4f2ac31c6006851ad7bf074328811cf91dee65da,lupyne,a5486ed8,2017-12-28 20:39:46,+0000,test_server.py,MODIFY,1,2,PythonFiles\lupyne\a5486ed8\4f2ac31c6006851ad7bf074328811cf91dee65da\4f2ac31c6006851ad7bf074328811cf91dee65da_lupyne_a5486ed8_20171228_123946_before_5.py,PythonFiles\lupyne\a5486ed8\4f2ac31c6006851ad7bf074328811cf91dee65da\4f2ac31c6006851ad7bf074328811cf91dee65da_lupyne_a5486ed8_20171228_123946_after_5.py
de0c8855dedd4df877804347916f1918b2dd5963,lupyne,a5486ed8,2017-12-29 00:56:11,+0000,indexers.py,MODIFY,1,1,PythonFiles\lupyne\a5486ed8\de0c8855dedd4df877804347916f1918b2dd5963\de0c8855dedd4df877804347916f1918b2dd5963_lupyne_a5486ed8_20171228_165611_before_4.py,PythonFiles\lupyne\a5486ed8\de0c8855dedd4df877804347916f1918b2dd5963\de0c8855dedd4df877804347916f1918b2dd5963_lupyne_a5486ed8_20171228_165611_after_4.py
de0c8855dedd4df877804347916f1918b2dd5963,lupyne,a5486ed8,2017-12-29 00:56:11,+0000,server.py,MODIFY,3,0,PythonFiles\lupyne\a5486ed8\de0c8855dedd4df877804347916f1918b2dd5963\de0c8855dedd4df877804347916f1918b2dd5963_lupyne_a5486ed8_20171228_165611_before_5.py,PythonFiles\lupyne\a5486ed8\de0c8855dedd4df877804347916f1918b2dd5963\de0c8855dedd4df877804347916f1918b2dd5963_lupyne_a5486ed8_20171228_165611_after_5.py
cb942040d39cd9a70556e81cc18c2b5efec1aa40,lupyne,a5486ed8,2017-12-29 04:38:11,+0000,searching.py,MODIFY,3,3,PythonFiles\lupyne\a5486ed8\cb942040d39cd9a70556e81cc18c2b5efec1aa40\cb942040d39cd9a70556e81cc18c2b5efec1aa40_lupyne_a5486ed8_20171228_203811_before_3.py,PythonFiles\lupyne\a5486ed8\cb942040d39cd9a70556e81cc18c2b5efec1aa40\cb942040d39cd9a70556e81cc18c2b5efec1aa40_lupyne_a5486ed8_20171228_203811_after_3.py
cb942040d39cd9a70556e81cc18c2b5efec1aa40,lupyne,a5486ed8,2017-12-29 04:38:11,+0000,__init__.py,MODIFY,1,1,PythonFiles\lupyne\a5486ed8\cb942040d39cd9a70556e81cc18c2b5efec1aa40\cb942040d39cd9a70556e81cc18c2b5efec1aa40_lupyne_a5486ed8_20171228_203811_before_4.py,PythonFiles\lupyne\a5486ed8\cb942040d39cd9a70556e81cc18c2b5efec1aa40\cb942040d39cd9a70556e81cc18c2b5efec1aa40_lupyne_a5486ed8_20171228_203811_after_4.py
cb942040d39cd9a70556e81cc18c2b5efec1aa40,lupyne,a5486ed8,2017-12-29 04:38:11,+0000,documents.py,MODIFY,11,41,PythonFiles\lupyne\a5486ed8\cb942040d39cd9a70556e81cc18c2b5efec1aa40\cb942040d39cd9a70556e81cc18c2b5efec1aa40_lupyne_a5486ed8_20171228_203811_before_5.py,PythonFiles\lupyne\a5486ed8\cb942040d39cd9a70556e81cc18c2b5efec1aa40\cb942040d39cd9a70556e81cc18c2b5efec1aa40_lupyne_a5486ed8_20171228_203811_after_5.py
cb942040d39cd9a70556e81cc18c2b5efec1aa40,lupyne,a5486ed8,2017-12-29 04:38:11,+0000,queries.py,MODIFY,41,3,PythonFiles\lupyne\a5486ed8\cb942040d39cd9a70556e81cc18c2b5efec1aa40\cb942040d39cd9a70556e81cc18c2b5efec1aa40_lupyne_a5486ed8_20171228_203811_before_6.py,PythonFiles\lupyne\a5486ed8\cb942040d39cd9a70556e81cc18c2b5efec1aa40\cb942040d39cd9a70556e81cc18c2b5efec1aa40_lupyne_a5486ed8_20171228_203811_after_6.py
cb942040d39cd9a70556e81cc18c2b5efec1aa40,lupyne,a5486ed8,2017-12-29 04:38:11,+0000,test_engine.py,MODIFY,19,14,PythonFiles\lupyne\a5486ed8\cb942040d39cd9a70556e81cc18c2b5efec1aa40\cb942040d39cd9a70556e81cc18c2b5efec1aa40_lupyne_a5486ed8_20171228_203811_before_7.py,PythonFiles\lupyne\a5486ed8\cb942040d39cd9a70556e81cc18c2b5efec1aa40\cb942040d39cd9a70556e81cc18c2b5efec1aa40_lupyne_a5486ed8_20171228_203811_after_7.py
cb942040d39cd9a70556e81cc18c2b5efec1aa40,lupyne,a5486ed8,2017-12-29 04:38:11,+0000,test_server.py,MODIFY,1,1,PythonFiles\lupyne\a5486ed8\cb942040d39cd9a70556e81cc18c2b5efec1aa40\cb942040d39cd9a70556e81cc18c2b5efec1aa40_lupyne_a5486ed8_20171228_203811_before_8.py,PythonFiles\lupyne\a5486ed8\cb942040d39cd9a70556e81cc18c2b5efec1aa40\cb942040d39cd9a70556e81cc18c2b5efec1aa40_lupyne_a5486ed8_20171228_203811_after_8.py
50901f075092fc9c62f5417ebb8486ec92118adf,lupyne,a5486ed8,2017-12-29 18:41:30,+0000,analyzers.py,MODIFY,1,5,PythonFiles\lupyne\a5486ed8\50901f075092fc9c62f5417ebb8486ec92118adf\50901f075092fc9c62f5417ebb8486ec92118adf_lupyne_a5486ed8_20171229_104130_before_4.py,PythonFiles\lupyne\a5486ed8\50901f075092fc9c62f5417ebb8486ec92118adf\50901f075092fc9c62f5417ebb8486ec92118adf_lupyne_a5486ed8_20171229_104130_after_4.py
50901f075092fc9c62f5417ebb8486ec92118adf,lupyne,a5486ed8,2017-12-29 18:41:30,+0000,documents.py,MODIFY,2,16,PythonFiles\lupyne\a5486ed8\50901f075092fc9c62f5417ebb8486ec92118adf\50901f075092fc9c62f5417ebb8486ec92118adf_lupyne_a5486ed8_20171229_104130_before_5.py,PythonFiles\lupyne\a5486ed8\50901f075092fc9c62f5417ebb8486ec92118adf\50901f075092fc9c62f5417ebb8486ec92118adf_lupyne_a5486ed8_20171229_104130_after_5.py
50901f075092fc9c62f5417ebb8486ec92118adf,lupyne,a5486ed8,2017-12-29 18:41:30,+0000,indexers.py,MODIFY,2,11,PythonFiles\lupyne\a5486ed8\50901f075092fc9c62f5417ebb8486ec92118adf\50901f075092fc9c62f5417ebb8486ec92118adf_lupyne_a5486ed8_20171229_104130_before_6.py,PythonFiles\lupyne\a5486ed8\50901f075092fc9c62f5417ebb8486ec92118adf\50901f075092fc9c62f5417ebb8486ec92118adf_lupyne_a5486ed8_20171229_104130_after_6.py
50901f075092fc9c62f5417ebb8486ec92118adf,lupyne,a5486ed8,2017-12-29 18:41:30,+0000,queries.py,MODIFY,2,19,PythonFiles\lupyne\a5486ed8\50901f075092fc9c62f5417ebb8486ec92118adf\50901f075092fc9c62f5417ebb8486ec92118adf_lupyne_a5486ed8_20171229_104130_before_7.py,PythonFiles\lupyne\a5486ed8\50901f075092fc9c62f5417ebb8486ec92118adf\50901f075092fc9c62f5417ebb8486ec92118adf_lupyne_a5486ed8_20171229_104130_after_7.py
50901f075092fc9c62f5417ebb8486ec92118adf,lupyne,a5486ed8,2017-12-29 18:41:30,+0000,utils.py,RENAME,27,6,PythonFiles\lupyne\a5486ed8\50901f075092fc9c62f5417ebb8486ec92118adf\50901f075092fc9c62f5417ebb8486ec92118adf_lupyne_a5486ed8_20171229_104130_before_8.py,PythonFiles\lupyne\a5486ed8\50901f075092fc9c62f5417ebb8486ec92118adf\50901f075092fc9c62f5417ebb8486ec92118adf_lupyne_a5486ed8_20171229_104130_after_8.py
50901f075092fc9c62f5417ebb8486ec92118adf,lupyne,a5486ed8,2017-12-29 18:41:30,+0000,test_engine.py,MODIFY,1,1,PythonFiles\lupyne\a5486ed8\50901f075092fc9c62f5417ebb8486ec92118adf\50901f075092fc9c62f5417ebb8486ec92118adf_lupyne_a5486ed8_20171229_104130_before_9.py,PythonFiles\lupyne\a5486ed8\50901f075092fc9c62f5417ebb8486ec92118adf\50901f075092fc9c62f5417ebb8486ec92118adf_lupyne_a5486ed8_20171229_104130_after_9.py
cd11e02a65b8beca51fa66fe9f19fd74be074126,lupyne,a5486ed8,2017-12-29 19:05:48,+0000,__init__.py,MODIFY,1,1,PythonFiles\lupyne\a5486ed8\cd11e02a65b8beca51fa66fe9f19fd74be074126\cd11e02a65b8beca51fa66fe9f19fd74be074126_lupyne_a5486ed8_20171229_110548_before_2.py,PythonFiles\lupyne\a5486ed8\cd11e02a65b8beca51fa66fe9f19fd74be074126\cd11e02a65b8beca51fa66fe9f19fd74be074126_lupyne_a5486ed8_20171229_110548_after_2.py
cb0356d6c2c0017be472ad7056dee12cd907d334,lupyne,a5486ed8,2018-03-23 21:34:45,+0000,conf.py,MODIFY,3,3,PythonFiles\lupyne\a5486ed8\cb0356d6c2c0017be472ad7056dee12cd907d334\cb0356d6c2c0017be472ad7056dee12cd907d334_lupyne_a5486ed8_20180323_143445_before_3.py,PythonFiles\lupyne\a5486ed8\cb0356d6c2c0017be472ad7056dee12cd907d334\cb0356d6c2c0017be472ad7056dee12cd907d334_lupyne_a5486ed8_20180323_143445_after_3.py
cb0356d6c2c0017be472ad7056dee12cd907d334,lupyne,a5486ed8,2018-03-23 21:34:45,+0000,analyzers.py,MODIFY,2,2,PythonFiles\lupyne\a5486ed8\cb0356d6c2c0017be472ad7056dee12cd907d334\cb0356d6c2c0017be472ad7056dee12cd907d334_lupyne_a5486ed8_20180323_143445_before_4.py,PythonFiles\lupyne\a5486ed8\cb0356d6c2c0017be472ad7056dee12cd907d334\cb0356d6c2c0017be472ad7056dee12cd907d334_lupyne_a5486ed8_20180323_143445_after_4.py
05a7fd7f173623565bf8f79d716db4ab7cc4e721,lupyne,a5486ed8,2018-08-29 03:11:05,+0000,test_engine.py,MODIFY,2,1,PythonFiles\lupyne\a5486ed8\05a7fd7f173623565bf8f79d716db4ab7cc4e721\05a7fd7f173623565bf8f79d716db4ab7cc4e721_lupyne_a5486ed8_20180828_201105_before_3.py,PythonFiles\lupyne\a5486ed8\05a7fd7f173623565bf8f79d716db4ab7cc4e721\05a7fd7f173623565bf8f79d716db4ab7cc4e721_lupyne_a5486ed8_20180828_201105_after_3.py
2255f7c83714cfb03246abfd0ba29fa017393799,lupyne,a5486ed8,2018-08-29 03:49:43,+0000,setup.py,MODIFY,3,2,PythonFiles\lupyne\a5486ed8\2255f7c83714cfb03246abfd0ba29fa017393799\2255f7c83714cfb03246abfd0ba29fa017393799_lupyne_a5486ed8_20180828_204943_before_4.py,PythonFiles\lupyne\a5486ed8\2255f7c83714cfb03246abfd0ba29fa017393799\2255f7c83714cfb03246abfd0ba29fa017393799_lupyne_a5486ed8_20180828_204943_after_4.py
01d7c597823880d142e5ce1f87b4eac28eea59eb,lupyne,a5486ed8,2018-09-05 02:57:18,+0000,__init__.py,MODIFY,1,1,PythonFiles\lupyne\a5486ed8\01d7c597823880d142e5ce1f87b4eac28eea59eb\01d7c597823880d142e5ce1f87b4eac28eea59eb_lupyne_a5486ed8_20180904_195718_before_2.py,PythonFiles\lupyne\a5486ed8\01d7c597823880d142e5ce1f87b4eac28eea59eb\01d7c597823880d142e5ce1f87b4eac28eea59eb_lupyne_a5486ed8_20180904_195718_after_2.py
01d7c597823880d142e5ce1f87b4eac28eea59eb,lupyne,a5486ed8,2018-09-05 02:57:18,+0000,indexers.py,MODIFY,2,3,PythonFiles\lupyne\a5486ed8\01d7c597823880d142e5ce1f87b4eac28eea59eb\01d7c597823880d142e5ce1f87b4eac28eea59eb_lupyne_a5486ed8_20180904_195718_before_3.py,PythonFiles\lupyne\a5486ed8\01d7c597823880d142e5ce1f87b4eac28eea59eb\01d7c597823880d142e5ce1f87b4eac28eea59eb_lupyne_a5486ed8_20180904_195718_after_3.py
01d7c597823880d142e5ce1f87b4eac28eea59eb,lupyne,a5486ed8,2018-09-05 02:57:18,+0000,queries.py,MODIFY,18,41,PythonFiles\lupyne\a5486ed8\01d7c597823880d142e5ce1f87b4eac28eea59eb\01d7c597823880d142e5ce1f87b4eac28eea59eb_lupyne_a5486ed8_20180904_195718_before_4.py,PythonFiles\lupyne\a5486ed8\01d7c597823880d142e5ce1f87b4eac28eea59eb\01d7c597823880d142e5ce1f87b4eac28eea59eb_lupyne_a5486ed8_20180904_195718_after_4.py
01d7c597823880d142e5ce1f87b4eac28eea59eb,lupyne,a5486ed8,2018-09-05 02:57:18,+0000,utils.py,MODIFY,0,1,PythonFiles\lupyne\a5486ed8\01d7c597823880d142e5ce1f87b4eac28eea59eb\01d7c597823880d142e5ce1f87b4eac28eea59eb_lupyne_a5486ed8_20180904_195718_before_5.py,PythonFiles\lupyne\a5486ed8\01d7c597823880d142e5ce1f87b4eac28eea59eb\01d7c597823880d142e5ce1f87b4eac28eea59eb_lupyne_a5486ed8_20180904_195718_after_5.py
01d7c597823880d142e5ce1f87b4eac28eea59eb,lupyne,a5486ed8,2018-09-05 02:57:18,+0000,test_engine.py,MODIFY,7,0,PythonFiles\lupyne\a5486ed8\01d7c597823880d142e5ce1f87b4eac28eea59eb\01d7c597823880d142e5ce1f87b4eac28eea59eb_lupyne_a5486ed8_20180904_195718_before_6.py,PythonFiles\lupyne\a5486ed8\01d7c597823880d142e5ce1f87b4eac28eea59eb\01d7c597823880d142e5ce1f87b4eac28eea59eb_lupyne_a5486ed8_20180904_195718_after_6.py
6317e7d15c2ae1eff9232c81819debe1faf77949,lupyne,a5486ed8,2018-09-07 01:11:55,+0000,__init__.py,MODIFY,1,1,PythonFiles\lupyne\a5486ed8\6317e7d15c2ae1eff9232c81819debe1faf77949\6317e7d15c2ae1eff9232c81819debe1faf77949_lupyne_a5486ed8_20180906_181155_before_2.py,PythonFiles\lupyne\a5486ed8\6317e7d15c2ae1eff9232c81819debe1faf77949\6317e7d15c2ae1eff9232c81819debe1faf77949_lupyne_a5486ed8_20180906_181155_after_2.py
e56b7fa3b0c47cd061ba69c338b9791e38980750,lupyne,a5486ed8,2018-11-28 03:00:05,+0000,__init__.py,MODIFY,5,5,PythonFiles\lupyne\a5486ed8\e56b7fa3b0c47cd061ba69c338b9791e38980750\e56b7fa3b0c47cd061ba69c338b9791e38980750_lupyne_a5486ed8_20181127_190005_before_2.py,PythonFiles\lupyne\a5486ed8\e56b7fa3b0c47cd061ba69c338b9791e38980750\e56b7fa3b0c47cd061ba69c338b9791e38980750_lupyne_a5486ed8_20181127_190005_after_2.py
e56b7fa3b0c47cd061ba69c338b9791e38980750,lupyne,a5486ed8,2018-11-28 03:00:05,+0000,setup.py,MODIFY,4,1,PythonFiles\lupyne\a5486ed8\e56b7fa3b0c47cd061ba69c338b9791e38980750\e56b7fa3b0c47cd061ba69c338b9791e38980750_lupyne_a5486ed8_20181127_190005_before_4.py,PythonFiles\lupyne\a5486ed8\e56b7fa3b0c47cd061ba69c338b9791e38980750\e56b7fa3b0c47cd061ba69c338b9791e38980750_lupyne_a5486ed8_20181127_190005_after_4.py
5e70a74e42dfac5df51899afb3189f779040443d,lupyne,a5486ed8,2019-01-03 03:53:22,+0000,conf.py,MODIFY,1,1,PythonFiles\lupyne\a5486ed8\5e70a74e42dfac5df51899afb3189f779040443d\5e70a74e42dfac5df51899afb3189f779040443d_lupyne_a5486ed8_20190102_195322_before_3.py,PythonFiles\lupyne\a5486ed8\5e70a74e42dfac5df51899afb3189f779040443d\5e70a74e42dfac5df51899afb3189f779040443d_lupyne_a5486ed8_20190102_195322_after_3.py
e3d8b3df7d97fb67dfa3bb5d65ac997bb1f06574,lupyne,a5486ed8,2019-01-05 23:06:47,+0000,documents.py,MODIFY,2,1,PythonFiles\lupyne\a5486ed8\e3d8b3df7d97fb67dfa3bb5d65ac997bb1f06574\e3d8b3df7d97fb67dfa3bb5d65ac997bb1f06574_lupyne_a5486ed8_20190105_150647_before_1.py,PythonFiles\lupyne\a5486ed8\e3d8b3df7d97fb67dfa3bb5d65ac997bb1f06574\e3d8b3df7d97fb67dfa3bb5d65ac997bb1f06574_lupyne_a5486ed8_20190105_150647_after_1.py
e3d8b3df7d97fb67dfa3bb5d65ac997bb1f06574,lupyne,a5486ed8,2019-01-05 23:06:47,+0000,indexers.py,MODIFY,1,1,PythonFiles\lupyne\a5486ed8\e3d8b3df7d97fb67dfa3bb5d65ac997bb1f06574\e3d8b3df7d97fb67dfa3bb5d65ac997bb1f06574_lupyne_a5486ed8_20190105_150647_before_2.py,PythonFiles\lupyne\a5486ed8\e3d8b3df7d97fb67dfa3bb5d65ac997bb1f06574\e3d8b3df7d97fb67dfa3bb5d65ac997bb1f06574_lupyne_a5486ed8_20190105_150647_after_2.py
0c3923e02f6acb800f00cbb4a78b4ca4a9d461bd,lupyne,a5486ed8,2019-01-14 20:12:15,+0000,server.py,MODIFY,1,1,PythonFiles\lupyne\a5486ed8\0c3923e02f6acb800f00cbb4a78b4ca4a9d461bd\0c3923e02f6acb800f00cbb4a78b4ca4a9d461bd_lupyne_a5486ed8_20190114_121215_before_2.py,PythonFiles\lupyne\a5486ed8\0c3923e02f6acb800f00cbb4a78b4ca4a9d461bd\0c3923e02f6acb800f00cbb4a78b4ca4a9d461bd_lupyne_a5486ed8_20190114_121215_after_2.py
0c3923e02f6acb800f00cbb4a78b4ca4a9d461bd,lupyne,a5486ed8,2019-01-14 20:12:15,+0000,__init__.py,MODIFY,1,1,PythonFiles\lupyne\a5486ed8\0c3923e02f6acb800f00cbb4a78b4ca4a9d461bd\0c3923e02f6acb800f00cbb4a78b4ca4a9d461bd_lupyne_a5486ed8_20190114_121215_before_3.py,PythonFiles\lupyne\a5486ed8\0c3923e02f6acb800f00cbb4a78b4ca4a9d461bd\0c3923e02f6acb800f00cbb4a78b4ca4a9d461bd_lupyne_a5486ed8_20190114_121215_after_3.py
6e877bdb7c4d08d7571fc320a3a234744e1d9a81,lupyne,a5486ed8,2019-06-16 04:51:04,+0000,__init__.py,MODIFY,1,1,PythonFiles\lupyne\a5486ed8\6e877bdb7c4d08d7571fc320a3a234744e1d9a81\6e877bdb7c4d08d7571fc320a3a234744e1d9a81_lupyne_a5486ed8_20190615_215104_before_2.py,PythonFiles\lupyne\a5486ed8\6e877bdb7c4d08d7571fc320a3a234744e1d9a81\6e877bdb7c4d08d7571fc320a3a234744e1d9a81_lupyne_a5486ed8_20190615_215104_after_2.py
6e877bdb7c4d08d7571fc320a3a234744e1d9a81,lupyne,a5486ed8,2019-06-16 04:51:04,+0000,analyzers.py,MODIFY,5,2,PythonFiles\lupyne\a5486ed8\6e877bdb7c4d08d7571fc320a3a234744e1d9a81\6e877bdb7c4d08d7571fc320a3a234744e1d9a81_lupyne_a5486ed8_20190615_215104_before_3.py,PythonFiles\lupyne\a5486ed8\6e877bdb7c4d08d7571fc320a3a234744e1d9a81\6e877bdb7c4d08d7571fc320a3a234744e1d9a81_lupyne_a5486ed8_20190615_215104_after_3.py
6e877bdb7c4d08d7571fc320a3a234744e1d9a81,lupyne,a5486ed8,2019-06-16 04:51:04,+0000,indexers.py,MODIFY,3,1,PythonFiles\lupyne\a5486ed8\6e877bdb7c4d08d7571fc320a3a234744e1d9a81\6e877bdb7c4d08d7571fc320a3a234744e1d9a81_lupyne_a5486ed8_20190615_215104_before_4.py,PythonFiles\lupyne\a5486ed8\6e877bdb7c4d08d7571fc320a3a234744e1d9a81\6e877bdb7c4d08d7571fc320a3a234744e1d9a81_lupyne_a5486ed8_20190615_215104_after_4.py
6e877bdb7c4d08d7571fc320a3a234744e1d9a81,lupyne,a5486ed8,2019-06-16 04:51:04,+0000,utils.py,MODIFY,5,2,PythonFiles\lupyne\a5486ed8\6e877bdb7c4d08d7571fc320a3a234744e1d9a81\6e877bdb7c4d08d7571fc320a3a234744e1d9a81_lupyne_a5486ed8_20190615_215104_before_5.py,PythonFiles\lupyne\a5486ed8\6e877bdb7c4d08d7571fc320a3a234744e1d9a81\6e877bdb7c4d08d7571fc320a3a234744e1d9a81_lupyne_a5486ed8_20190615_215104_after_5.py
6e877bdb7c4d08d7571fc320a3a234744e1d9a81,lupyne,a5486ed8,2019-06-16 04:51:04,+0000,server.py,MODIFY,1,1,PythonFiles\lupyne\a5486ed8\6e877bdb7c4d08d7571fc320a3a234744e1d9a81\6e877bdb7c4d08d7571fc320a3a234744e1d9a81_lupyne_a5486ed8_20190615_215104_before_6.py,PythonFiles\lupyne\a5486ed8\6e877bdb7c4d08d7571fc320a3a234744e1d9a81\6e877bdb7c4d08d7571fc320a3a234744e1d9a81_lupyne_a5486ed8_20190615_215104_after_6.py
6e877bdb7c4d08d7571fc320a3a234744e1d9a81,lupyne,a5486ed8,2019-06-16 04:51:04,+0000,setup.py,MODIFY,1,1,PythonFiles\lupyne\a5486ed8\6e877bdb7c4d08d7571fc320a3a234744e1d9a81\6e877bdb7c4d08d7571fc320a3a234744e1d9a81_lupyne_a5486ed8_20190615_215104_before_7.py,PythonFiles\lupyne\a5486ed8\6e877bdb7c4d08d7571fc320a3a234744e1d9a81\6e877bdb7c4d08d7571fc320a3a234744e1d9a81_lupyne_a5486ed8_20190615_215104_after_7.py
6e877bdb7c4d08d7571fc320a3a234744e1d9a81,lupyne,a5486ed8,2019-06-16 04:51:04,+0000,test_engine.py,MODIFY,2,2,PythonFiles\lupyne\a5486ed8\6e877bdb7c4d08d7571fc320a3a234744e1d9a81\6e877bdb7c4d08d7571fc320a3a234744e1d9a81_lupyne_a5486ed8_20190615_215104_before_8.py,PythonFiles\lupyne\a5486ed8\6e877bdb7c4d08d7571fc320a3a234744e1d9a81\6e877bdb7c4d08d7571fc320a3a234744e1d9a81_lupyne_a5486ed8_20190615_215104_after_8.py
9d6ef1b575fa3e9d8506261f4e1d7fa8214d4b6a,lupyne,a5486ed8,2019-06-16 18:23:38,+0000,documents.py,MODIFY,16,13,PythonFiles\lupyne\a5486ed8\9d6ef1b575fa3e9d8506261f4e1d7fa8214d4b6a\9d6ef1b575fa3e9d8506261f4e1d7fa8214d4b6a_lupyne_a5486ed8_20190616_112338_before_1.py,PythonFiles\lupyne\a5486ed8\9d6ef1b575fa3e9d8506261f4e1d7fa8214d4b6a\9d6ef1b575fa3e9d8506261f4e1d7fa8214d4b6a_lupyne_a5486ed8_20190616_112338_after_1.py
9d6ef1b575fa3e9d8506261f4e1d7fa8214d4b6a,lupyne,a5486ed8,2019-06-16 18:23:38,+0000,indexers.py,MODIFY,8,9,PythonFiles\lupyne\a5486ed8\9d6ef1b575fa3e9d8506261f4e1d7fa8214d4b6a\9d6ef1b575fa3e9d8506261f4e1d7fa8214d4b6a_lupyne_a5486ed8_20190616_112338_before_2.py,PythonFiles\lupyne\a5486ed8\9d6ef1b575fa3e9d8506261f4e1d7fa8214d4b6a\9d6ef1b575fa3e9d8506261f4e1d7fa8214d4b6a_lupyne_a5486ed8_20190616_112338_after_2.py
9d6ef1b575fa3e9d8506261f4e1d7fa8214d4b6a,lupyne,a5486ed8,2019-06-16 18:23:38,+0000,server.py,MODIFY,10,11,PythonFiles\lupyne\a5486ed8\9d6ef1b575fa3e9d8506261f4e1d7fa8214d4b6a\9d6ef1b575fa3e9d8506261f4e1d7fa8214d4b6a_lupyne_a5486ed8_20190616_112338_before_3.py,PythonFiles\lupyne\a5486ed8\9d6ef1b575fa3e9d8506261f4e1d7fa8214d4b6a\9d6ef1b575fa3e9d8506261f4e1d7fa8214d4b6a_lupyne_a5486ed8_20190616_112338_after_3.py
9d6ef1b575fa3e9d8506261f4e1d7fa8214d4b6a,lupyne,a5486ed8,2019-06-16 18:23:38,+0000,test_engine.py,MODIFY,3,3,PythonFiles\lupyne\a5486ed8\9d6ef1b575fa3e9d8506261f4e1d7fa8214d4b6a\9d6ef1b575fa3e9d8506261f4e1d7fa8214d4b6a_lupyne_a5486ed8_20190616_112338_before_4.py,PythonFiles\lupyne\a5486ed8\9d6ef1b575fa3e9d8506261f4e1d7fa8214d4b6a\9d6ef1b575fa3e9d8506261f4e1d7fa8214d4b6a_lupyne_a5486ed8_20190616_112338_after_4.py
9d6ef1b575fa3e9d8506261f4e1d7fa8214d4b6a,lupyne,a5486ed8,2019-06-16 18:23:38,+0000,test_server.py,MODIFY,5,8,PythonFiles\lupyne\a5486ed8\9d6ef1b575fa3e9d8506261f4e1d7fa8214d4b6a\9d6ef1b575fa3e9d8506261f4e1d7fa8214d4b6a_lupyne_a5486ed8_20190616_112338_before_5.py,PythonFiles\lupyne\a5486ed8\9d6ef1b575fa3e9d8506261f4e1d7fa8214d4b6a\9d6ef1b575fa3e9d8506261f4e1d7fa8214d4b6a_lupyne_a5486ed8_20190616_112338_after_5.py
fcf60c9243619bdeb6f3ab2bfa061967303ce3ec,lupyne,a5486ed8,2019-06-23 16:19:37,+0000,analyzers.py,MODIFY,1,3,PythonFiles\lupyne\a5486ed8\fcf60c9243619bdeb6f3ab2bfa061967303ce3ec\fcf60c9243619bdeb6f3ab2bfa061967303ce3ec_lupyne_a5486ed8_20190623_091937_before_2.py,PythonFiles\lupyne\a5486ed8\fcf60c9243619bdeb6f3ab2bfa061967303ce3ec\fcf60c9243619bdeb6f3ab2bfa061967303ce3ec_lupyne_a5486ed8_20190623_091937_after_2.py
fcf60c9243619bdeb6f3ab2bfa061967303ce3ec,lupyne,a5486ed8,2019-06-23 16:19:37,+0000,documents.py,MODIFY,6,3,PythonFiles\lupyne\a5486ed8\fcf60c9243619bdeb6f3ab2bfa061967303ce3ec\fcf60c9243619bdeb6f3ab2bfa061967303ce3ec_lupyne_a5486ed8_20190623_091937_before_3.py,PythonFiles\lupyne\a5486ed8\fcf60c9243619bdeb6f3ab2bfa061967303ce3ec\fcf60c9243619bdeb6f3ab2bfa061967303ce3ec_lupyne_a5486ed8_20190623_091937_after_3.py
fcf60c9243619bdeb6f3ab2bfa061967303ce3ec,lupyne,a5486ed8,2019-06-23 16:19:37,+0000,indexers.py,MODIFY,28,13,PythonFiles\lupyne\a5486ed8\fcf60c9243619bdeb6f3ab2bfa061967303ce3ec\fcf60c9243619bdeb6f3ab2bfa061967303ce3ec_lupyne_a5486ed8_20190623_091937_before_4.py,PythonFiles\lupyne\a5486ed8\fcf60c9243619bdeb6f3ab2bfa061967303ce3ec\fcf60c9243619bdeb6f3ab2bfa061967303ce3ec_lupyne_a5486ed8_20190623_091937_after_4.py
fcf60c9243619bdeb6f3ab2bfa061967303ce3ec,lupyne,a5486ed8,2019-06-23 16:19:37,+0000,server.py,MODIFY,6,5,PythonFiles\lupyne\a5486ed8\fcf60c9243619bdeb6f3ab2bfa061967303ce3ec\fcf60c9243619bdeb6f3ab2bfa061967303ce3ec_lupyne_a5486ed8_20190623_091937_before_5.py,PythonFiles\lupyne\a5486ed8\fcf60c9243619bdeb6f3ab2bfa061967303ce3ec\fcf60c9243619bdeb6f3ab2bfa061967303ce3ec_lupyne_a5486ed8_20190623_091937_after_5.py
fcf60c9243619bdeb6f3ab2bfa061967303ce3ec,lupyne,a5486ed8,2019-06-23 16:19:37,+0000,test_engine.py,MODIFY,7,6,PythonFiles\lupyne\a5486ed8\fcf60c9243619bdeb6f3ab2bfa061967303ce3ec\fcf60c9243619bdeb6f3ab2bfa061967303ce3ec_lupyne_a5486ed8_20190623_091937_before_6.py,PythonFiles\lupyne\a5486ed8\fcf60c9243619bdeb6f3ab2bfa061967303ce3ec\fcf60c9243619bdeb6f3ab2bfa061967303ce3ec_lupyne_a5486ed8_20190623_091937_after_6.py
fcf60c9243619bdeb6f3ab2bfa061967303ce3ec,lupyne,a5486ed8,2019-06-23 16:19:37,+0000,test_server.py,MODIFY,7,7,PythonFiles\lupyne\a5486ed8\fcf60c9243619bdeb6f3ab2bfa061967303ce3ec\fcf60c9243619bdeb6f3ab2bfa061967303ce3ec_lupyne_a5486ed8_20190623_091937_before_7.py,PythonFiles\lupyne\a5486ed8\fcf60c9243619bdeb6f3ab2bfa061967303ce3ec\fcf60c9243619bdeb6f3ab2bfa061967303ce3ec_lupyne_a5486ed8_20190623_091937_after_7.py
ad465e1996c61e502b61372a98b78164bbfe1ade,lupyne,a5486ed8,2019-06-23 16:52:55,+0000,grouping.py,MODIFY,2,4,PythonFiles\lupyne\a5486ed8\ad465e1996c61e502b61372a98b78164bbfe1ade\ad465e1996c61e502b61372a98b78164bbfe1ade_lupyne_a5486ed8_20190623_095255_before_3.py,PythonFiles\lupyne\a5486ed8\ad465e1996c61e502b61372a98b78164bbfe1ade\ad465e1996c61e502b61372a98b78164bbfe1ade_lupyne_a5486ed8_20190623_095255_after_3.py
ad465e1996c61e502b61372a98b78164bbfe1ade,lupyne,a5486ed8,2019-06-23 16:52:55,+0000,indexers.py,MODIFY,7,6,PythonFiles\lupyne\a5486ed8\ad465e1996c61e502b61372a98b78164bbfe1ade\ad465e1996c61e502b61372a98b78164bbfe1ade_lupyne_a5486ed8_20190623_095255_before_4.py,PythonFiles\lupyne\a5486ed8\ad465e1996c61e502b61372a98b78164bbfe1ade\ad465e1996c61e502b61372a98b78164bbfe1ade_lupyne_a5486ed8_20190623_095255_after_4.py
ad465e1996c61e502b61372a98b78164bbfe1ade,lupyne,a5486ed8,2019-06-23 16:52:55,+0000,queries.py,MODIFY,1,0,PythonFiles\lupyne\a5486ed8\ad465e1996c61e502b61372a98b78164bbfe1ade\ad465e1996c61e502b61372a98b78164bbfe1ade_lupyne_a5486ed8_20190623_095255_before_5.py,PythonFiles\lupyne\a5486ed8\ad465e1996c61e502b61372a98b78164bbfe1ade\ad465e1996c61e502b61372a98b78164bbfe1ade_lupyne_a5486ed8_20190623_095255_after_5.py
ad465e1996c61e502b61372a98b78164bbfe1ade,lupyne,a5486ed8,2019-06-23 16:52:55,+0000,searching.py,MODIFY,1,0,PythonFiles\lupyne\a5486ed8\ad465e1996c61e502b61372a98b78164bbfe1ade\ad465e1996c61e502b61372a98b78164bbfe1ade_lupyne_a5486ed8_20190623_095255_before_6.py,PythonFiles\lupyne\a5486ed8\ad465e1996c61e502b61372a98b78164bbfe1ade\ad465e1996c61e502b61372a98b78164bbfe1ade_lupyne_a5486ed8_20190623_095255_after_6.py
ad465e1996c61e502b61372a98b78164bbfe1ade,lupyne,a5486ed8,2019-06-23 16:52:55,+0000,server.py,MODIFY,1,0,PythonFiles\lupyne\a5486ed8\ad465e1996c61e502b61372a98b78164bbfe1ade\ad465e1996c61e502b61372a98b78164bbfe1ade_lupyne_a5486ed8_20190623_095255_before_7.py,PythonFiles\lupyne\a5486ed8\ad465e1996c61e502b61372a98b78164bbfe1ade\ad465e1996c61e502b61372a98b78164bbfe1ade_lupyne_a5486ed8_20190623_095255_after_7.py
ad465e1996c61e502b61372a98b78164bbfe1ade,lupyne,a5486ed8,2019-06-23 16:52:55,+0000,sorting.py,MODIFY,1,0,PythonFiles\lupyne\a5486ed8\ad465e1996c61e502b61372a98b78164bbfe1ade\ad465e1996c61e502b61372a98b78164bbfe1ade_lupyne_a5486ed8_20190623_095255_before_8.py,PythonFiles\lupyne\a5486ed8\ad465e1996c61e502b61372a98b78164bbfe1ade\ad465e1996c61e502b61372a98b78164bbfe1ade_lupyne_a5486ed8_20190623_095255_after_8.py
ad465e1996c61e502b61372a98b78164bbfe1ade,lupyne,a5486ed8,2019-06-23 16:52:55,+0000,analyzers.py,MODIFY,5,0,PythonFiles\lupyne\a5486ed8\ad465e1996c61e502b61372a98b78164bbfe1ade\ad465e1996c61e502b61372a98b78164bbfe1ade_lupyne_a5486ed8_20190623_095255_before_9.py,PythonFiles\lupyne\a5486ed8\ad465e1996c61e502b61372a98b78164bbfe1ade\ad465e1996c61e502b61372a98b78164bbfe1ade_lupyne_a5486ed8_20190623_095255_after_9.py
ad465e1996c61e502b61372a98b78164bbfe1ade,lupyne,a5486ed8,2019-06-23 16:52:55,+0000,documents.py,MODIFY,18,6,PythonFiles\lupyne\a5486ed8\ad465e1996c61e502b61372a98b78164bbfe1ade\ad465e1996c61e502b61372a98b78164bbfe1ade_lupyne_a5486ed8_20190623_095255_before_10.py,PythonFiles\lupyne\a5486ed8\ad465e1996c61e502b61372a98b78164bbfe1ade\ad465e1996c61e502b61372a98b78164bbfe1ade_lupyne_a5486ed8_20190623_095255_after_10.py
ad465e1996c61e502b61372a98b78164bbfe1ade,lupyne,a5486ed8,2019-06-23 16:52:55,+0000,indexers.py,MODIFY,8,2,PythonFiles\lupyne\a5486ed8\ad465e1996c61e502b61372a98b78164bbfe1ade\ad465e1996c61e502b61372a98b78164bbfe1ade_lupyne_a5486ed8_20190623_095255_before_11.py,PythonFiles\lupyne\a5486ed8\ad465e1996c61e502b61372a98b78164bbfe1ade\ad465e1996c61e502b61372a98b78164bbfe1ade_lupyne_a5486ed8_20190623_095255_after_11.py
ad465e1996c61e502b61372a98b78164bbfe1ade,lupyne,a5486ed8,2019-06-23 16:52:55,+0000,queries.py,MODIFY,6,3,PythonFiles\lupyne\a5486ed8\ad465e1996c61e502b61372a98b78164bbfe1ade\ad465e1996c61e502b61372a98b78164bbfe1ade_lupyne_a5486ed8_20190623_095255_before_12.py,PythonFiles\lupyne\a5486ed8\ad465e1996c61e502b61372a98b78164bbfe1ade\ad465e1996c61e502b61372a98b78164bbfe1ade_lupyne_a5486ed8_20190623_095255_after_12.py
ad465e1996c61e502b61372a98b78164bbfe1ade,lupyne,a5486ed8,2019-06-23 16:52:55,+0000,utils.py,MODIFY,4,0,PythonFiles\lupyne\a5486ed8\ad465e1996c61e502b61372a98b78164bbfe1ade\ad465e1996c61e502b61372a98b78164bbfe1ade_lupyne_a5486ed8_20190623_095255_before_13.py,PythonFiles\lupyne\a5486ed8\ad465e1996c61e502b61372a98b78164bbfe1ade\ad465e1996c61e502b61372a98b78164bbfe1ade_lupyne_a5486ed8_20190623_095255_after_13.py
ad465e1996c61e502b61372a98b78164bbfe1ade,lupyne,a5486ed8,2019-06-23 16:52:55,+0000,server.py,MODIFY,49,9,PythonFiles\lupyne\a5486ed8\ad465e1996c61e502b61372a98b78164bbfe1ade\ad465e1996c61e502b61372a98b78164bbfe1ade_lupyne_a5486ed8_20190623_095255_before_14.py,PythonFiles\lupyne\a5486ed8\ad465e1996c61e502b61372a98b78164bbfe1ade\ad465e1996c61e502b61372a98b78164bbfe1ade_lupyne_a5486ed8_20190623_095255_after_14.py
ad465e1996c61e502b61372a98b78164bbfe1ade,lupyne,a5486ed8,2019-06-23 16:52:55,+0000,setup.py,MODIFY,1,3,PythonFiles\lupyne\a5486ed8\ad465e1996c61e502b61372a98b78164bbfe1ade\ad465e1996c61e502b61372a98b78164bbfe1ade_lupyne_a5486ed8_20190623_095255_before_17.py,PythonFiles\lupyne\a5486ed8\ad465e1996c61e502b61372a98b78164bbfe1ade\ad465e1996c61e502b61372a98b78164bbfe1ade_lupyne_a5486ed8_20190623_095255_after_17.py
ad465e1996c61e502b61372a98b78164bbfe1ade,lupyne,a5486ed8,2019-06-23 16:52:55,+0000,conftest.py,MODIFY,1,8,PythonFiles\lupyne\a5486ed8\ad465e1996c61e502b61372a98b78164bbfe1ade\ad465e1996c61e502b61372a98b78164bbfe1ade_lupyne_a5486ed8_20190623_095255_before_18.py,PythonFiles\lupyne\a5486ed8\ad465e1996c61e502b61372a98b78164bbfe1ade\ad465e1996c61e502b61372a98b78164bbfe1ade_lupyne_a5486ed8_20190623_095255_after_18.py
ad465e1996c61e502b61372a98b78164bbfe1ade,lupyne,a5486ed8,2019-06-23 16:52:55,+0000,test_engine.py,MODIFY,5,3,PythonFiles\lupyne\a5486ed8\ad465e1996c61e502b61372a98b78164bbfe1ade\ad465e1996c61e502b61372a98b78164bbfe1ade_lupyne_a5486ed8_20190623_095255_before_19.py,PythonFiles\lupyne\a5486ed8\ad465e1996c61e502b61372a98b78164bbfe1ade\ad465e1996c61e502b61372a98b78164bbfe1ade_lupyne_a5486ed8_20190623_095255_after_19.py
9494b1df94c8f9a0da3f02e5b37a046cccb083e6,lupyne,a5486ed8,2019-07-13 00:01:14,+0000,__init__.py,MODIFY,0,4,PythonFiles\lupyne\a5486ed8\9494b1df94c8f9a0da3f02e5b37a046cccb083e6\9494b1df94c8f9a0da3f02e5b37a046cccb083e6_lupyne_a5486ed8_20190712_170114_before_1.py,PythonFiles\lupyne\a5486ed8\9494b1df94c8f9a0da3f02e5b37a046cccb083e6\9494b1df94c8f9a0da3f02e5b37a046cccb083e6_lupyne_a5486ed8_20190712_170114_after_1.py
f98a29eaa3b4f5041dcfb9e21a0aa417a6486074,lupyne,a5486ed8,2019-07-14 00:23:36,+0000,conf.py,MODIFY,3,2,PythonFiles\lupyne\a5486ed8\f98a29eaa3b4f5041dcfb9e21a0aa417a6486074\f98a29eaa3b4f5041dcfb9e21a0aa417a6486074_lupyne_a5486ed8_20190713_172336_before_3.py,PythonFiles\lupyne\a5486ed8\f98a29eaa3b4f5041dcfb9e21a0aa417a6486074\f98a29eaa3b4f5041dcfb9e21a0aa417a6486074_lupyne_a5486ed8_20190713_172336_after_3.py
f98a29eaa3b4f5041dcfb9e21a0aa417a6486074,lupyne,a5486ed8,2019-07-14 00:23:36,+0000,__init__.py,DELETE,0,0,,
f98a29eaa3b4f5041dcfb9e21a0aa417a6486074,lupyne,a5486ed8,2019-07-14 00:23:36,+0000,__main__.py,DELETE,0,1,PythonFiles\lupyne\a5486ed8\f98a29eaa3b4f5041dcfb9e21a0aa417a6486074\f98a29eaa3b4f5041dcfb9e21a0aa417a6486074_lupyne_a5486ed8_20190713_172336_before_8.py,
f98a29eaa3b4f5041dcfb9e21a0aa417a6486074,lupyne,a5486ed8,2019-07-14 00:23:36,+0000,grouping.py,DELETE,0,48,PythonFiles\lupyne\a5486ed8\f98a29eaa3b4f5041dcfb9e21a0aa417a6486074\f98a29eaa3b4f5041dcfb9e21a0aa417a6486074_lupyne_a5486ed8_20190713_172336_before_9.py,
f98a29eaa3b4f5041dcfb9e21a0aa417a6486074,lupyne,a5486ed8,2019-07-14 00:23:36,+0000,indexers.py,DELETE,0,55,PythonFiles\lupyne\a5486ed8\f98a29eaa3b4f5041dcfb9e21a0aa417a6486074\f98a29eaa3b4f5041dcfb9e21a0aa417a6486074_lupyne_a5486ed8_20190713_172336_before_10.py,
f98a29eaa3b4f5041dcfb9e21a0aa417a6486074,lupyne,a5486ed8,2019-07-14 00:23:36,+0000,queries.py,DELETE,0,42,PythonFiles\lupyne\a5486ed8\f98a29eaa3b4f5041dcfb9e21a0aa417a6486074\f98a29eaa3b4f5041dcfb9e21a0aa417a6486074_lupyne_a5486ed8_20190713_172336_before_11.py,
f98a29eaa3b4f5041dcfb9e21a0aa417a6486074,lupyne,a5486ed8,2019-07-14 00:23:36,+0000,searching.py,DELETE,0,83,PythonFiles\lupyne\a5486ed8\f98a29eaa3b4f5041dcfb9e21a0aa417a6486074\f98a29eaa3b4f5041dcfb9e21a0aa417a6486074_lupyne_a5486ed8_20190713_172336_before_12.py,
f98a29eaa3b4f5041dcfb9e21a0aa417a6486074,lupyne,a5486ed8,2019-07-14 00:23:36,+0000,sorting.py,DELETE,0,48,PythonFiles\lupyne\a5486ed8\f98a29eaa3b4f5041dcfb9e21a0aa417a6486074\f98a29eaa3b4f5041dcfb9e21a0aa417a6486074_lupyne_a5486ed8_20190713_172336_before_13.py,
f98a29eaa3b4f5041dcfb9e21a0aa417a6486074,lupyne,a5486ed8,2019-07-14 00:23:36,+0000,setup.py,MODIFY,1,1,PythonFiles\lupyne\a5486ed8\f98a29eaa3b4f5041dcfb9e21a0aa417a6486074\f98a29eaa3b4f5041dcfb9e21a0aa417a6486074_lupyne_a5486ed8_20190713_172336_before_14.py,PythonFiles\lupyne\a5486ed8\f98a29eaa3b4f5041dcfb9e21a0aa417a6486074\f98a29eaa3b4f5041dcfb9e21a0aa417a6486074_lupyne_a5486ed8_20190713_172336_after_14.py
f98a29eaa3b4f5041dcfb9e21a0aa417a6486074,lupyne,a5486ed8,2019-07-14 00:23:36,+0000,server.py,RENAME,0,0,,
f98a29eaa3b4f5041dcfb9e21a0aa417a6486074,lupyne,a5486ed8,2019-07-14 00:23:36,+0000,test_server.py,MODIFY,1,1,PythonFiles\lupyne\a5486ed8\f98a29eaa3b4f5041dcfb9e21a0aa417a6486074\f98a29eaa3b4f5041dcfb9e21a0aa417a6486074_lupyne_a5486ed8_20190713_172336_before_16.py,PythonFiles\lupyne\a5486ed8\f98a29eaa3b4f5041dcfb9e21a0aa417a6486074\f98a29eaa3b4f5041dcfb9e21a0aa417a6486074_lupyne_a5486ed8_20190713_172336_after_16.py
da013280bb4f535a1a78e7ea2bf67ab5edf9da3e,lupyne,a5486ed8,2019-09-12 03:10:21,+0000,__init__.py,MODIFY,1,1,PythonFiles\lupyne\a5486ed8\da013280bb4f535a1a78e7ea2bf67ab5edf9da3e\da013280bb4f535a1a78e7ea2bf67ab5edf9da3e_lupyne_a5486ed8_20190911_201021_before_2.py,PythonFiles\lupyne\a5486ed8\da013280bb4f535a1a78e7ea2bf67ab5edf9da3e\da013280bb4f535a1a78e7ea2bf67ab5edf9da3e_lupyne_a5486ed8_20190911_201021_after_2.py
7814603d2b010558ad19651697fcf78ec79635af,lupyne,a5486ed8,2019-09-12 04:04:15,+0000,__init__.py,MODIFY,1,1,PythonFiles\lupyne\a5486ed8\7814603d2b010558ad19651697fcf78ec79635af\7814603d2b010558ad19651697fcf78ec79635af_lupyne_a5486ed8_20190911_210415_before_1.py,PythonFiles\lupyne\a5486ed8\7814603d2b010558ad19651697fcf78ec79635af\7814603d2b010558ad19651697fcf78ec79635af_lupyne_a5486ed8_20190911_210415_after_1.py
7814603d2b010558ad19651697fcf78ec79635af,lupyne,a5486ed8,2019-09-12 04:04:15,+0000,indexers.py,MODIFY,9,19,PythonFiles\lupyne\a5486ed8\7814603d2b010558ad19651697fcf78ec79635af\7814603d2b010558ad19651697fcf78ec79635af_lupyne_a5486ed8_20190911_210415_before_2.py,PythonFiles\lupyne\a5486ed8\7814603d2b010558ad19651697fcf78ec79635af\7814603d2b010558ad19651697fcf78ec79635af_lupyne_a5486ed8_20190911_210415_after_2.py
45319c0475baa5737bfd12c5b957f17e535f485f,lupyne,a5486ed8,2019-12-01 22:01:49,+0000,server.py,MODIFY,4,4,PythonFiles\lupyne\a5486ed8\45319c0475baa5737bfd12c5b957f17e535f485f\45319c0475baa5737bfd12c5b957f17e535f485f_lupyne_a5486ed8_20191201_140149_before_4.py,PythonFiles\lupyne\a5486ed8\45319c0475baa5737bfd12c5b957f17e535f485f\45319c0475baa5737bfd12c5b957f17e535f485f_lupyne_a5486ed8_20191201_140149_after_4.py
45319c0475baa5737bfd12c5b957f17e535f485f,lupyne,a5486ed8,2019-12-01 22:01:49,+0000,test_engine.py,MODIFY,12,12,PythonFiles\lupyne\a5486ed8\45319c0475baa5737bfd12c5b957f17e535f485f\45319c0475baa5737bfd12c5b957f17e535f485f_lupyne_a5486ed8_20191201_140149_before_5.py,PythonFiles\lupyne\a5486ed8\45319c0475baa5737bfd12c5b957f17e535f485f\45319c0475baa5737bfd12c5b957f17e535f485f_lupyne_a5486ed8_20191201_140149_after_5.py
45319c0475baa5737bfd12c5b957f17e535f485f,lupyne,a5486ed8,2019-12-01 22:01:49,+0000,test_server.py,MODIFY,6,7,PythonFiles\lupyne\a5486ed8\45319c0475baa5737bfd12c5b957f17e535f485f\45319c0475baa5737bfd12c5b957f17e535f485f_lupyne_a5486ed8_20191201_140149_before_6.py,PythonFiles\lupyne\a5486ed8\45319c0475baa5737bfd12c5b957f17e535f485f\45319c0475baa5737bfd12c5b957f17e535f485f_lupyne_a5486ed8_20191201_140149_after_6.py
a6690241ac2cba980af1e04bbed88b43f26fe193,lupyne,a5486ed8,2019-12-02 02:16:57,+0000,documents.py,MODIFY,8,5,PythonFiles\lupyne\a5486ed8\a6690241ac2cba980af1e04bbed88b43f26fe193\a6690241ac2cba980af1e04bbed88b43f26fe193_lupyne_a5486ed8_20191201_181657_before_2.py,PythonFiles\lupyne\a5486ed8\a6690241ac2cba980af1e04bbed88b43f26fe193\a6690241ac2cba980af1e04bbed88b43f26fe193_lupyne_a5486ed8_20191201_181657_after_2.py
a6690241ac2cba980af1e04bbed88b43f26fe193,lupyne,a5486ed8,2019-12-02 02:16:57,+0000,server.py,MODIFY,2,1,PythonFiles\lupyne\a5486ed8\a6690241ac2cba980af1e04bbed88b43f26fe193\a6690241ac2cba980af1e04bbed88b43f26fe193_lupyne_a5486ed8_20191201_181657_before_3.py,PythonFiles\lupyne\a5486ed8\a6690241ac2cba980af1e04bbed88b43f26fe193\a6690241ac2cba980af1e04bbed88b43f26fe193_lupyne_a5486ed8_20191201_181657_after_3.py
a6690241ac2cba980af1e04bbed88b43f26fe193,lupyne,a5486ed8,2019-12-02 02:16:57,+0000,test_engine.py,MODIFY,3,3,PythonFiles\lupyne\a5486ed8\a6690241ac2cba980af1e04bbed88b43f26fe193\a6690241ac2cba980af1e04bbed88b43f26fe193_lupyne_a5486ed8_20191201_181657_before_4.py,PythonFiles\lupyne\a5486ed8\a6690241ac2cba980af1e04bbed88b43f26fe193\a6690241ac2cba980af1e04bbed88b43f26fe193_lupyne_a5486ed8_20191201_181657_after_4.py
a6690241ac2cba980af1e04bbed88b43f26fe193,lupyne,a5486ed8,2019-12-02 02:16:57,+0000,test_server.py,MODIFY,3,3,PythonFiles\lupyne\a5486ed8\a6690241ac2cba980af1e04bbed88b43f26fe193\a6690241ac2cba980af1e04bbed88b43f26fe193_lupyne_a5486ed8_20191201_181657_before_5.py,PythonFiles\lupyne\a5486ed8\a6690241ac2cba980af1e04bbed88b43f26fe193\a6690241ac2cba980af1e04bbed88b43f26fe193_lupyne_a5486ed8_20191201_181657_after_5.py
42e8ae911b272dac45e17bd6e4a45f5007a84ad8,lupyne,a5486ed8,2019-12-14 22:48:08,+0000,conf.py,MODIFY,1,1,PythonFiles\lupyne\a5486ed8\42e8ae911b272dac45e17bd6e4a45f5007a84ad8\42e8ae911b272dac45e17bd6e4a45f5007a84ad8_lupyne_a5486ed8_20191214_144808_before_3.py,PythonFiles\lupyne\a5486ed8\42e8ae911b272dac45e17bd6e4a45f5007a84ad8\42e8ae911b272dac45e17bd6e4a45f5007a84ad8_lupyne_a5486ed8_20191214_144808_after_3.py
42e8ae911b272dac45e17bd6e4a45f5007a84ad8,lupyne,a5486ed8,2019-12-14 22:48:08,+0000,__init__.py,MODIFY,1,1,PythonFiles\lupyne\a5486ed8\42e8ae911b272dac45e17bd6e4a45f5007a84ad8\42e8ae911b272dac45e17bd6e4a45f5007a84ad8_lupyne_a5486ed8_20191214_144808_before_4.py,PythonFiles\lupyne\a5486ed8\42e8ae911b272dac45e17bd6e4a45f5007a84ad8\42e8ae911b272dac45e17bd6e4a45f5007a84ad8_lupyne_a5486ed8_20191214_144808_after_4.py
42e8ae911b272dac45e17bd6e4a45f5007a84ad8,lupyne,a5486ed8,2019-12-14 22:48:08,+0000,setup.py,MODIFY,1,0,PythonFiles\lupyne\a5486ed8\42e8ae911b272dac45e17bd6e4a45f5007a84ad8\42e8ae911b272dac45e17bd6e4a45f5007a84ad8_lupyne_a5486ed8_20191214_144808_before_5.py,PythonFiles\lupyne\a5486ed8\42e8ae911b272dac45e17bd6e4a45f5007a84ad8\42e8ae911b272dac45e17bd6e4a45f5007a84ad8_lupyne_a5486ed8_20191214_144808_after_5.py
7f788e0437c9e474bdc0d43d334a6a7b7a7e7728,lupyne,a5486ed8,2019-12-18 01:01:28,+0000,analyzers.py,MODIFY,4,14,PythonFiles\lupyne\a5486ed8\7f788e0437c9e474bdc0d43d334a6a7b7a7e7728\7f788e0437c9e474bdc0d43d334a6a7b7a7e7728_lupyne_a5486ed8_20191217_170128_before_3.py,PythonFiles\lupyne\a5486ed8\7f788e0437c9e474bdc0d43d334a6a7b7a7e7728\7f788e0437c9e474bdc0d43d334a6a7b7a7e7728_lupyne_a5486ed8_20191217_170128_after_3.py
7f788e0437c9e474bdc0d43d334a6a7b7a7e7728,lupyne,a5486ed8,2019-12-18 01:01:28,+0000,documents.py,MODIFY,16,17,PythonFiles\lupyne\a5486ed8\7f788e0437c9e474bdc0d43d334a6a7b7a7e7728\7f788e0437c9e474bdc0d43d334a6a7b7a7e7728_lupyne_a5486ed8_20191217_170128_before_4.py,PythonFiles\lupyne\a5486ed8\7f788e0437c9e474bdc0d43d334a6a7b7a7e7728\7f788e0437c9e474bdc0d43d334a6a7b7a7e7728_lupyne_a5486ed8_20191217_170128_after_4.py
7f788e0437c9e474bdc0d43d334a6a7b7a7e7728,lupyne,a5486ed8,2019-12-18 01:01:28,+0000,indexers.py,MODIFY,15,17,PythonFiles\lupyne\a5486ed8\7f788e0437c9e474bdc0d43d334a6a7b7a7e7728\7f788e0437c9e474bdc0d43d334a6a7b7a7e7728_lupyne_a5486ed8_20191217_170128_before_5.py,PythonFiles\lupyne\a5486ed8\7f788e0437c9e474bdc0d43d334a6a7b7a7e7728\7f788e0437c9e474bdc0d43d334a6a7b7a7e7728_lupyne_a5486ed8_20191217_170128_after_5.py
7f788e0437c9e474bdc0d43d334a6a7b7a7e7728,lupyne,a5486ed8,2019-12-18 01:01:28,+0000,queries.py,MODIFY,8,12,PythonFiles\lupyne\a5486ed8\7f788e0437c9e474bdc0d43d334a6a7b7a7e7728\7f788e0437c9e474bdc0d43d334a6a7b7a7e7728_lupyne_a5486ed8_20191217_170128_before_6.py,PythonFiles\lupyne\a5486ed8\7f788e0437c9e474bdc0d43d334a6a7b7a7e7728\7f788e0437c9e474bdc0d43d334a6a7b7a7e7728_lupyne_a5486ed8_20191217_170128_after_6.py
7f788e0437c9e474bdc0d43d334a6a7b7a7e7728,lupyne,a5486ed8,2019-12-18 01:01:28,+0000,utils.py,MODIFY,4,18,PythonFiles\lupyne\a5486ed8\7f788e0437c9e474bdc0d43d334a6a7b7a7e7728\7f788e0437c9e474bdc0d43d334a6a7b7a7e7728_lupyne_a5486ed8_20191217_170128_before_7.py,PythonFiles\lupyne\a5486ed8\7f788e0437c9e474bdc0d43d334a6a7b7a7e7728\7f788e0437c9e474bdc0d43d334a6a7b7a7e7728_lupyne_a5486ed8_20191217_170128_after_7.py
7f788e0437c9e474bdc0d43d334a6a7b7a7e7728,lupyne,a5486ed8,2019-12-18 01:01:28,+0000,server.py,MODIFY,5,5,PythonFiles\lupyne\a5486ed8\7f788e0437c9e474bdc0d43d334a6a7b7a7e7728\7f788e0437c9e474bdc0d43d334a6a7b7a7e7728_lupyne_a5486ed8_20191217_170128_before_8.py,PythonFiles\lupyne\a5486ed8\7f788e0437c9e474bdc0d43d334a6a7b7a7e7728\7f788e0437c9e474bdc0d43d334a6a7b7a7e7728_lupyne_a5486ed8_20191217_170128_after_8.py
7f788e0437c9e474bdc0d43d334a6a7b7a7e7728,lupyne,a5486ed8,2019-12-18 01:01:28,+0000,setup.py,MODIFY,1,4,PythonFiles\lupyne\a5486ed8\7f788e0437c9e474bdc0d43d334a6a7b7a7e7728\7f788e0437c9e474bdc0d43d334a6a7b7a7e7728_lupyne_a5486ed8_20191217_170128_before_9.py,PythonFiles\lupyne\a5486ed8\7f788e0437c9e474bdc0d43d334a6a7b7a7e7728\7f788e0437c9e474bdc0d43d334a6a7b7a7e7728_lupyne_a5486ed8_20191217_170128_after_9.py
7f788e0437c9e474bdc0d43d334a6a7b7a7e7728,lupyne,a5486ed8,2019-12-18 01:01:28,+0000,test_engine.py,MODIFY,0,1,PythonFiles\lupyne\a5486ed8\7f788e0437c9e474bdc0d43d334a6a7b7a7e7728\7f788e0437c9e474bdc0d43d334a6a7b7a7e7728_lupyne_a5486ed8_20191217_170128_before_11.py,PythonFiles\lupyne\a5486ed8\7f788e0437c9e474bdc0d43d334a6a7b7a7e7728\7f788e0437c9e474bdc0d43d334a6a7b7a7e7728_lupyne_a5486ed8_20191217_170128_after_11.py
97131e3578ee999fad731e1c3adc481f2e39fabe,lupyne,a5486ed8,2019-12-18 03:35:39,+0000,queries.py,MODIFY,4,2,PythonFiles\lupyne\a5486ed8\97131e3578ee999fad731e1c3adc481f2e39fabe\97131e3578ee999fad731e1c3adc481f2e39fabe_lupyne_a5486ed8_20191217_193539_before_1.py,PythonFiles\lupyne\a5486ed8\97131e3578ee999fad731e1c3adc481f2e39fabe\97131e3578ee999fad731e1c3adc481f2e39fabe_lupyne_a5486ed8_20191217_193539_after_1.py
97131e3578ee999fad731e1c3adc481f2e39fabe,lupyne,a5486ed8,2019-12-18 03:35:39,+0000,server.py,MODIFY,9,3,PythonFiles\lupyne\a5486ed8\97131e3578ee999fad731e1c3adc481f2e39fabe\97131e3578ee999fad731e1c3adc481f2e39fabe_lupyne_a5486ed8_20191217_193539_before_2.py,PythonFiles\lupyne\a5486ed8\97131e3578ee999fad731e1c3adc481f2e39fabe\97131e3578ee999fad731e1c3adc481f2e39fabe_lupyne_a5486ed8_20191217_193539_after_2.py
97131e3578ee999fad731e1c3adc481f2e39fabe,lupyne,a5486ed8,2019-12-18 03:35:39,+0000,conftest.py,MODIFY,8,1,PythonFiles\lupyne\a5486ed8\97131e3578ee999fad731e1c3adc481f2e39fabe\97131e3578ee999fad731e1c3adc481f2e39fabe_lupyne_a5486ed8_20191217_193539_before_5.py,PythonFiles\lupyne\a5486ed8\97131e3578ee999fad731e1c3adc481f2e39fabe\97131e3578ee999fad731e1c3adc481f2e39fabe_lupyne_a5486ed8_20191217_193539_after_5.py
97131e3578ee999fad731e1c3adc481f2e39fabe,lupyne,a5486ed8,2019-12-18 03:35:39,+0000,test_server.py,MODIFY,1,1,PythonFiles\lupyne\a5486ed8\97131e3578ee999fad731e1c3adc481f2e39fabe\97131e3578ee999fad731e1c3adc481f2e39fabe_lupyne_a5486ed8_20191217_193539_before_6.py,PythonFiles\lupyne\a5486ed8\97131e3578ee999fad731e1c3adc481f2e39fabe\97131e3578ee999fad731e1c3adc481f2e39fabe_lupyne_a5486ed8_20191217_193539_after_6.py
276dafa1e1e07324b63a1f95160d503d4106dba0,lupyne,a5486ed8,2019-12-23 00:52:54,+0000,analyzers.py,MODIFY,19,19,PythonFiles\lupyne\a5486ed8\276dafa1e1e07324b63a1f95160d503d4106dba0\276dafa1e1e07324b63a1f95160d503d4106dba0_lupyne_a5486ed8_20191222_165254_before_4.py,PythonFiles\lupyne\a5486ed8\276dafa1e1e07324b63a1f95160d503d4106dba0\276dafa1e1e07324b63a1f95160d503d4106dba0_lupyne_a5486ed8_20191222_165254_after_4.py
276dafa1e1e07324b63a1f95160d503d4106dba0,lupyne,a5486ed8,2019-12-23 00:52:54,+0000,documents.py,MODIFY,48,47,PythonFiles\lupyne\a5486ed8\276dafa1e1e07324b63a1f95160d503d4106dba0\276dafa1e1e07324b63a1f95160d503d4106dba0_lupyne_a5486ed8_20191222_165254_before_5.py,PythonFiles\lupyne\a5486ed8\276dafa1e1e07324b63a1f95160d503d4106dba0\276dafa1e1e07324b63a1f95160d503d4106dba0_lupyne_a5486ed8_20191222_165254_after_5.py
276dafa1e1e07324b63a1f95160d503d4106dba0,lupyne,a5486ed8,2019-12-23 00:52:54,+0000,indexers.py,MODIFY,47,46,PythonFiles\lupyne\a5486ed8\276dafa1e1e07324b63a1f95160d503d4106dba0\276dafa1e1e07324b63a1f95160d503d4106dba0_lupyne_a5486ed8_20191222_165254_before_6.py,PythonFiles\lupyne\a5486ed8\276dafa1e1e07324b63a1f95160d503d4106dba0\276dafa1e1e07324b63a1f95160d503d4106dba0_lupyne_a5486ed8_20191222_165254_after_6.py
276dafa1e1e07324b63a1f95160d503d4106dba0,lupyne,a5486ed8,2019-12-23 00:52:54,+0000,queries.py,MODIFY,45,49,PythonFiles\lupyne\a5486ed8\276dafa1e1e07324b63a1f95160d503d4106dba0\276dafa1e1e07324b63a1f95160d503d4106dba0_lupyne_a5486ed8_20191222_165254_before_7.py,PythonFiles\lupyne\a5486ed8\276dafa1e1e07324b63a1f95160d503d4106dba0\276dafa1e1e07324b63a1f95160d503d4106dba0_lupyne_a5486ed8_20191222_165254_after_7.py
276dafa1e1e07324b63a1f95160d503d4106dba0,lupyne,a5486ed8,2019-12-23 00:52:54,+0000,utils.py,MODIFY,1,1,PythonFiles\lupyne\a5486ed8\276dafa1e1e07324b63a1f95160d503d4106dba0\276dafa1e1e07324b63a1f95160d503d4106dba0_lupyne_a5486ed8_20191222_165254_before_8.py,PythonFiles\lupyne\a5486ed8\276dafa1e1e07324b63a1f95160d503d4106dba0\276dafa1e1e07324b63a1f95160d503d4106dba0_lupyne_a5486ed8_20191222_165254_after_8.py
7bb203b8a039ea3a2cd75e074b8cc6f962196aa6,lupyne,a5486ed8,2019-12-31 22:23:36,+0000,conf.py,MODIFY,1,1,PythonFiles\lupyne\a5486ed8\7bb203b8a039ea3a2cd75e074b8cc6f962196aa6\7bb203b8a039ea3a2cd75e074b8cc6f962196aa6_lupyne_a5486ed8_20191231_142336_before_4.py,PythonFiles\lupyne\a5486ed8\7bb203b8a039ea3a2cd75e074b8cc6f962196aa6\7bb203b8a039ea3a2cd75e074b8cc6f962196aa6_lupyne_a5486ed8_20191231_142336_after_4.py
2a7ae4985e67bdbd1166a4472e98913e2bf30e22,lupyne,a5486ed8,2020-01-24 03:20:34,+0000,documents.py,MODIFY,1,1,PythonFiles\lupyne\a5486ed8\2a7ae4985e67bdbd1166a4472e98913e2bf30e22\2a7ae4985e67bdbd1166a4472e98913e2bf30e22_lupyne_a5486ed8_20200123_192034_before_5.py,PythonFiles\lupyne\a5486ed8\2a7ae4985e67bdbd1166a4472e98913e2bf30e22\2a7ae4985e67bdbd1166a4472e98913e2bf30e22_lupyne_a5486ed8_20200123_192034_after_5.py
2a7ae4985e67bdbd1166a4472e98913e2bf30e22,lupyne,a5486ed8,2020-01-24 03:20:34,+0000,setup.py,MODIFY,1,1,PythonFiles\lupyne\a5486ed8\2a7ae4985e67bdbd1166a4472e98913e2bf30e22\2a7ae4985e67bdbd1166a4472e98913e2bf30e22_lupyne_a5486ed8_20200123_192034_before_6.py,PythonFiles\lupyne\a5486ed8\2a7ae4985e67bdbd1166a4472e98913e2bf30e22\2a7ae4985e67bdbd1166a4472e98913e2bf30e22_lupyne_a5486ed8_20200123_192034_after_6.py
1fdbf9ca5a5a749b98f9165763d8966a774a1324,lupyne,a5486ed8,2020-02-17 00:34:41,+0000,documents.py,MODIFY,1,1,PythonFiles\lupyne\a5486ed8\1fdbf9ca5a5a749b98f9165763d8966a774a1324\1fdbf9ca5a5a749b98f9165763d8966a774a1324_lupyne_a5486ed8_20200216_163441_before_3.py,PythonFiles\lupyne\a5486ed8\1fdbf9ca5a5a749b98f9165763d8966a774a1324\1fdbf9ca5a5a749b98f9165763d8966a774a1324_lupyne_a5486ed8_20200216_163441_after_3.py
1fdbf9ca5a5a749b98f9165763d8966a774a1324,lupyne,a5486ed8,2020-02-17 00:34:41,+0000,indexers.py,MODIFY,1,1,PythonFiles\lupyne\a5486ed8\1fdbf9ca5a5a749b98f9165763d8966a774a1324\1fdbf9ca5a5a749b98f9165763d8966a774a1324_lupyne_a5486ed8_20200216_163441_before_4.py,PythonFiles\lupyne\a5486ed8\1fdbf9ca5a5a749b98f9165763d8966a774a1324\1fdbf9ca5a5a749b98f9165763d8966a774a1324_lupyne_a5486ed8_20200216_163441_after_4.py
1fdbf9ca5a5a749b98f9165763d8966a774a1324,lupyne,a5486ed8,2020-02-17 00:34:41,+0000,server.py,MODIFY,23,99,PythonFiles\lupyne\a5486ed8\1fdbf9ca5a5a749b98f9165763d8966a774a1324\1fdbf9ca5a5a749b98f9165763d8966a774a1324_lupyne_a5486ed8_20200216_163441_before_5.py,PythonFiles\lupyne\a5486ed8\1fdbf9ca5a5a749b98f9165763d8966a774a1324\1fdbf9ca5a5a749b98f9165763d8966a774a1324_lupyne_a5486ed8_20200216_163441_after_5.py
1fdbf9ca5a5a749b98f9165763d8966a774a1324,lupyne,a5486ed8,2020-02-17 00:34:41,+0000,setup.py,MODIFY,2,2,PythonFiles\lupyne\a5486ed8\1fdbf9ca5a5a749b98f9165763d8966a774a1324\1fdbf9ca5a5a749b98f9165763d8966a774a1324_lupyne_a5486ed8_20200216_163441_before_6.py,PythonFiles\lupyne\a5486ed8\1fdbf9ca5a5a749b98f9165763d8966a774a1324\1fdbf9ca5a5a749b98f9165763d8966a774a1324_lupyne_a5486ed8_20200216_163441_after_6.py
1fdbf9ca5a5a749b98f9165763d8966a774a1324,lupyne,a5486ed8,2020-02-17 00:34:41,+0000,test_server.py,MODIFY,15,45,PythonFiles\lupyne\a5486ed8\1fdbf9ca5a5a749b98f9165763d8966a774a1324\1fdbf9ca5a5a749b98f9165763d8966a774a1324_lupyne_a5486ed8_20200216_163441_before_7.py,PythonFiles\lupyne\a5486ed8\1fdbf9ca5a5a749b98f9165763d8966a774a1324\1fdbf9ca5a5a749b98f9165763d8966a774a1324_lupyne_a5486ed8_20200216_163441_after_7.py
c44b280afe463c7d1116ea14ff27f62f1b31f8e8,lupyne,a5486ed8,2020-02-20 05:38:20,+0000,server.py,MODIFY,11,49,PythonFiles\lupyne\a5486ed8\c44b280afe463c7d1116ea14ff27f62f1b31f8e8\c44b280afe463c7d1116ea14ff27f62f1b31f8e8_lupyne_a5486ed8_20200219_213820_before_3.py,PythonFiles\lupyne\a5486ed8\c44b280afe463c7d1116ea14ff27f62f1b31f8e8\c44b280afe463c7d1116ea14ff27f62f1b31f8e8_lupyne_a5486ed8_20200219_213820_after_3.py
c44b280afe463c7d1116ea14ff27f62f1b31f8e8,lupyne,a5486ed8,2020-02-20 05:38:20,+0000,test_server.py,MODIFY,1,16,PythonFiles\lupyne\a5486ed8\c44b280afe463c7d1116ea14ff27f62f1b31f8e8\c44b280afe463c7d1116ea14ff27f62f1b31f8e8_lupyne_a5486ed8_20200219_213820_before_4.py,PythonFiles\lupyne\a5486ed8\c44b280afe463c7d1116ea14ff27f62f1b31f8e8\c44b280afe463c7d1116ea14ff27f62f1b31f8e8_lupyne_a5486ed8_20200219_213820_after_4.py
a808b49d94a42fa83209761ddf014054efe4db01,lupyne,a5486ed8,2020-02-21 03:29:52,+0000,__init__.py,RENAME,6,36,PythonFiles\lupyne\a5486ed8\a808b49d94a42fa83209761ddf014054efe4db01\a808b49d94a42fa83209761ddf014054efe4db01_lupyne_a5486ed8_20200220_192952_before_1.py,PythonFiles\lupyne\a5486ed8\a808b49d94a42fa83209761ddf014054efe4db01\a808b49d94a42fa83209761ddf014054efe4db01_lupyne_a5486ed8_20200220_192952_after_1.py
a808b49d94a42fa83209761ddf014054efe4db01,lupyne,a5486ed8,2020-02-21 03:29:52,+0000,__main__.py,ADD,25,0,,PythonFiles\lupyne\a5486ed8\a808b49d94a42fa83209761ddf014054efe4db01\a808b49d94a42fa83209761ddf014054efe4db01_lupyne_a5486ed8_20200220_192952_after_2.py
a808b49d94a42fa83209761ddf014054efe4db01,lupyne,a5486ed8,2020-02-21 03:29:52,+0000,setup.py,MODIFY,1,1,PythonFiles\lupyne\a5486ed8\a808b49d94a42fa83209761ddf014054efe4db01\a808b49d94a42fa83209761ddf014054efe4db01_lupyne_a5486ed8_20200220_192952_before_3.py,PythonFiles\lupyne\a5486ed8\a808b49d94a42fa83209761ddf014054efe4db01\a808b49d94a42fa83209761ddf014054efe4db01_lupyne_a5486ed8_20200220_192952_after_3.py
48e5f0f9aa1f163da7462f64969c6add2bd952a7,lupyne,a5486ed8,2020-02-22 21:41:56,+0000,base.py,ADD,41,0,,PythonFiles\lupyne\a5486ed8\48e5f0f9aa1f163da7462f64969c6add2bd952a7\48e5f0f9aa1f163da7462f64969c6add2bd952a7_lupyne_a5486ed8_20200222_134156_after_2.py
48e5f0f9aa1f163da7462f64969c6add2bd952a7,lupyne,a5486ed8,2020-02-22 21:41:56,+0000,graphql.py,ADD,30,0,,PythonFiles\lupyne\a5486ed8\48e5f0f9aa1f163da7462f64969c6add2bd952a7\48e5f0f9aa1f163da7462f64969c6add2bd952a7_lupyne_a5486ed8_20200222_134156_after_3.py
48e5f0f9aa1f163da7462f64969c6add2bd952a7,lupyne,a5486ed8,2020-02-22 21:41:56,+0000,rest.py,ADD,19,0,,PythonFiles\lupyne\a5486ed8\48e5f0f9aa1f163da7462f64969c6add2bd952a7\48e5f0f9aa1f163da7462f64969c6add2bd952a7_lupyne_a5486ed8_20200222_134156_after_4.py
48e5f0f9aa1f163da7462f64969c6add2bd952a7,lupyne,a5486ed8,2020-02-22 21:41:56,+0000,settings.py,ADD,6,0,,PythonFiles\lupyne\a5486ed8\48e5f0f9aa1f163da7462f64969c6add2bd952a7\48e5f0f9aa1f163da7462f64969c6add2bd952a7_lupyne_a5486ed8_20200222_134156_after_5.py
48e5f0f9aa1f163da7462f64969c6add2bd952a7,lupyne,a5486ed8,2020-02-22 21:41:56,+0000,setup.py,MODIFY,1,1,PythonFiles\lupyne\a5486ed8\48e5f0f9aa1f163da7462f64969c6add2bd952a7\48e5f0f9aa1f163da7462f64969c6add2bd952a7_lupyne_a5486ed8_20200222_134156_before_6.py,PythonFiles\lupyne\a5486ed8\48e5f0f9aa1f163da7462f64969c6add2bd952a7\48e5f0f9aa1f163da7462f64969c6add2bd952a7_lupyne_a5486ed8_20200222_134156_after_6.py
48e5f0f9aa1f163da7462f64969c6add2bd952a7,lupyne,a5486ed8,2020-02-22 21:41:56,+0000,conftest.py,MODIFY,10,0,PythonFiles\lupyne\a5486ed8\48e5f0f9aa1f163da7462f64969c6add2bd952a7\48e5f0f9aa1f163da7462f64969c6add2bd952a7_lupyne_a5486ed8_20200222_134156_before_8.py,PythonFiles\lupyne\a5486ed8\48e5f0f9aa1f163da7462f64969c6add2bd952a7\48e5f0f9aa1f163da7462f64969c6add2bd952a7_lupyne_a5486ed8_20200222_134156_after_8.py
48e5f0f9aa1f163da7462f64969c6add2bd952a7,lupyne,a5486ed8,2020-02-22 21:41:56,+0000,test_graphql.py,ADD,24,0,,PythonFiles\lupyne\a5486ed8\48e5f0f9aa1f163da7462f64969c6add2bd952a7\48e5f0f9aa1f163da7462f64969c6add2bd952a7_lupyne_a5486ed8_20200222_134156_after_9.py
48e5f0f9aa1f163da7462f64969c6add2bd952a7,lupyne,a5486ed8,2020-02-22 21:41:56,+0000,test_rest.py,ADD,16,0,,PythonFiles\lupyne\a5486ed8\48e5f0f9aa1f163da7462f64969c6add2bd952a7\48e5f0f9aa1f163da7462f64969c6add2bd952a7_lupyne_a5486ed8_20200222_134156_after_10.py
ff63b970ca05b7bad5a342aa806779a80f0eb924,lupyne,a5486ed8,2020-02-22 22:20:43,+0000,__init__.py,MODIFY,0,772,PythonFiles\lupyne\a5486ed8\ff63b970ca05b7bad5a342aa806779a80f0eb924\ff63b970ca05b7bad5a342aa806779a80f0eb924_lupyne_a5486ed8_20200222_142043_before_2.py,
ff63b970ca05b7bad5a342aa806779a80f0eb924,lupyne,a5486ed8,2020-02-22 22:20:43,+0000,__main__.py,MODIFY,1,1,PythonFiles\lupyne\a5486ed8\ff63b970ca05b7bad5a342aa806779a80f0eb924\ff63b970ca05b7bad5a342aa806779a80f0eb924_lupyne_a5486ed8_20200222_142043_before_3.py,PythonFiles\lupyne\a5486ed8\ff63b970ca05b7bad5a342aa806779a80f0eb924\ff63b970ca05b7bad5a342aa806779a80f0eb924_lupyne_a5486ed8_20200222_142043_after_3.py
ff63b970ca05b7bad5a342aa806779a80f0eb924,lupyne,a5486ed8,2020-02-22 22:20:43,+0000,graphql.py,MODIFY,1,1,PythonFiles\lupyne\a5486ed8\ff63b970ca05b7bad5a342aa806779a80f0eb924\ff63b970ca05b7bad5a342aa806779a80f0eb924_lupyne_a5486ed8_20200222_142043_before_4.py,PythonFiles\lupyne\a5486ed8\ff63b970ca05b7bad5a342aa806779a80f0eb924\ff63b970ca05b7bad5a342aa806779a80f0eb924_lupyne_a5486ed8_20200222_142043_after_4.py
ff63b970ca05b7bad5a342aa806779a80f0eb924,lupyne,a5486ed8,2020-02-22 22:20:43,+0000,legacy.py,ADD,772,0,,PythonFiles\lupyne\a5486ed8\ff63b970ca05b7bad5a342aa806779a80f0eb924\ff63b970ca05b7bad5a342aa806779a80f0eb924_lupyne_a5486ed8_20200222_142043_after_5.py
ff63b970ca05b7bad5a342aa806779a80f0eb924,lupyne,a5486ed8,2020-02-22 22:20:43,+0000,rest.py,MODIFY,1,1,PythonFiles\lupyne\a5486ed8\ff63b970ca05b7bad5a342aa806779a80f0eb924\ff63b970ca05b7bad5a342aa806779a80f0eb924_lupyne_a5486ed8_20200222_142043_before_6.py,PythonFiles\lupyne\a5486ed8\ff63b970ca05b7bad5a342aa806779a80f0eb924\ff63b970ca05b7bad5a342aa806779a80f0eb924_lupyne_a5486ed8_20200222_142043_after_6.py
ff63b970ca05b7bad5a342aa806779a80f0eb924,lupyne,a5486ed8,2020-02-22 22:20:43,+0000,server.py,MODIFY,4,3,PythonFiles\lupyne\a5486ed8\ff63b970ca05b7bad5a342aa806779a80f0eb924\ff63b970ca05b7bad5a342aa806779a80f0eb924_lupyne_a5486ed8_20200222_142043_before_9.py,PythonFiles\lupyne\a5486ed8\ff63b970ca05b7bad5a342aa806779a80f0eb924\ff63b970ca05b7bad5a342aa806779a80f0eb924_lupyne_a5486ed8_20200222_142043_after_9.py
ff63b970ca05b7bad5a342aa806779a80f0eb924,lupyne,a5486ed8,2020-02-22 22:20:43,+0000,test_server.py,MODIFY,3,2,PythonFiles\lupyne\a5486ed8\ff63b970ca05b7bad5a342aa806779a80f0eb924\ff63b970ca05b7bad5a342aa806779a80f0eb924_lupyne_a5486ed8_20200222_142043_before_10.py,PythonFiles\lupyne\a5486ed8\ff63b970ca05b7bad5a342aa806779a80f0eb924\ff63b970ca05b7bad5a342aa806779a80f0eb924_lupyne_a5486ed8_20200222_142043_after_10.py
6625c56577b22c884f710788512bea84bd78178c,lupyne,a5486ed8,2020-02-25 03:04:44,+0000,conftest.py,MODIFY,8,5,PythonFiles\lupyne\a5486ed8\6625c56577b22c884f710788512bea84bd78178c\6625c56577b22c884f710788512bea84bd78178c_lupyne_a5486ed8_20200224_190444_before_7.py,PythonFiles\lupyne\a5486ed8\6625c56577b22c884f710788512bea84bd78178c\6625c56577b22c884f710788512bea84bd78178c_lupyne_a5486ed8_20200224_190444_after_7.py
6625c56577b22c884f710788512bea84bd78178c,lupyne,a5486ed8,2020-02-25 03:04:44,+0000,test_graphql.py,MODIFY,4,3,PythonFiles\lupyne\a5486ed8\6625c56577b22c884f710788512bea84bd78178c\6625c56577b22c884f710788512bea84bd78178c_lupyne_a5486ed8_20200224_190444_before_8.py,PythonFiles\lupyne\a5486ed8\6625c56577b22c884f710788512bea84bd78178c\6625c56577b22c884f710788512bea84bd78178c_lupyne_a5486ed8_20200224_190444_after_8.py
6625c56577b22c884f710788512bea84bd78178c,lupyne,a5486ed8,2020-02-25 03:04:44,+0000,test_rest.py,MODIFY,4,4,PythonFiles\lupyne\a5486ed8\6625c56577b22c884f710788512bea84bd78178c\6625c56577b22c884f710788512bea84bd78178c_lupyne_a5486ed8_20200224_190444_before_9.py,PythonFiles\lupyne\a5486ed8\6625c56577b22c884f710788512bea84bd78178c\6625c56577b22c884f710788512bea84bd78178c_lupyne_a5486ed8_20200224_190444_after_9.py
3435ad40ab21febde47b1540e6bd5876fa08a258,lupyne,a5486ed8,2020-03-09 04:45:58,+0000,base.py,MODIFY,6,0,PythonFiles\lupyne\a5486ed8\3435ad40ab21febde47b1540e6bd5876fa08a258\3435ad40ab21febde47b1540e6bd5876fa08a258_lupyne_a5486ed8_20200308_214558_before_1.py,PythonFiles\lupyne\a5486ed8\3435ad40ab21febde47b1540e6bd5876fa08a258\3435ad40ab21febde47b1540e6bd5876fa08a258_lupyne_a5486ed8_20200308_214558_after_1.py
3435ad40ab21febde47b1540e6bd5876fa08a258,lupyne,a5486ed8,2020-03-09 04:45:58,+0000,graphql.py,MODIFY,10,1,PythonFiles\lupyne\a5486ed8\3435ad40ab21febde47b1540e6bd5876fa08a258\3435ad40ab21febde47b1540e6bd5876fa08a258_lupyne_a5486ed8_20200308_214558_before_2.py,PythonFiles\lupyne\a5486ed8\3435ad40ab21febde47b1540e6bd5876fa08a258\3435ad40ab21febde47b1540e6bd5876fa08a258_lupyne_a5486ed8_20200308_214558_after_2.py
3435ad40ab21febde47b1540e6bd5876fa08a258,lupyne,a5486ed8,2020-03-09 04:45:58,+0000,rest.py,MODIFY,2,0,PythonFiles\lupyne\a5486ed8\3435ad40ab21febde47b1540e6bd5876fa08a258\3435ad40ab21febde47b1540e6bd5876fa08a258_lupyne_a5486ed8_20200308_214558_before_3.py,PythonFiles\lupyne\a5486ed8\3435ad40ab21febde47b1540e6bd5876fa08a258\3435ad40ab21febde47b1540e6bd5876fa08a258_lupyne_a5486ed8_20200308_214558_after_3.py
3435ad40ab21febde47b1540e6bd5876fa08a258,lupyne,a5486ed8,2020-03-09 04:45:58,+0000,test_graphql.py,MODIFY,4,0,PythonFiles\lupyne\a5486ed8\3435ad40ab21febde47b1540e6bd5876fa08a258\3435ad40ab21febde47b1540e6bd5876fa08a258_lupyne_a5486ed8_20200308_214558_before_4.py,PythonFiles\lupyne\a5486ed8\3435ad40ab21febde47b1540e6bd5876fa08a258\3435ad40ab21febde47b1540e6bd5876fa08a258_lupyne_a5486ed8_20200308_214558_after_4.py
3435ad40ab21febde47b1540e6bd5876fa08a258,lupyne,a5486ed8,2020-03-09 04:45:58,+0000,test_rest.py,MODIFY,5,0,PythonFiles\lupyne\a5486ed8\3435ad40ab21febde47b1540e6bd5876fa08a258\3435ad40ab21febde47b1540e6bd5876fa08a258_lupyne_a5486ed8_20200308_214558_before_5.py,PythonFiles\lupyne\a5486ed8\3435ad40ab21febde47b1540e6bd5876fa08a258\3435ad40ab21febde47b1540e6bd5876fa08a258_lupyne_a5486ed8_20200308_214558_after_5.py
8405068af86988afbfaa7c3cd5c9be9435b64f0c,lupyne,a5486ed8,2020-03-10 03:02:52,+0000,base.py,MODIFY,7,1,PythonFiles\lupyne\a5486ed8\8405068af86988afbfaa7c3cd5c9be9435b64f0c\8405068af86988afbfaa7c3cd5c9be9435b64f0c_lupyne_a5486ed8_20200309_200252_before_1.py,PythonFiles\lupyne\a5486ed8\8405068af86988afbfaa7c3cd5c9be9435b64f0c\8405068af86988afbfaa7c3cd5c9be9435b64f0c_lupyne_a5486ed8_20200309_200252_after_1.py
8405068af86988afbfaa7c3cd5c9be9435b64f0c,lupyne,a5486ed8,2020-03-10 03:02:52,+0000,graphql.py,MODIFY,37,1,PythonFiles\lupyne\a5486ed8\8405068af86988afbfaa7c3cd5c9be9435b64f0c\8405068af86988afbfaa7c3cd5c9be9435b64f0c_lupyne_a5486ed8_20200309_200252_before_2.py,PythonFiles\lupyne\a5486ed8\8405068af86988afbfaa7c3cd5c9be9435b64f0c\8405068af86988afbfaa7c3cd5c9be9435b64f0c_lupyne_a5486ed8_20200309_200252_after_2.py
8405068af86988afbfaa7c3cd5c9be9435b64f0c,lupyne,a5486ed8,2020-03-10 03:02:52,+0000,rest.py,MODIFY,8,0,PythonFiles\lupyne\a5486ed8\8405068af86988afbfaa7c3cd5c9be9435b64f0c\8405068af86988afbfaa7c3cd5c9be9435b64f0c_lupyne_a5486ed8_20200309_200252_before_3.py,PythonFiles\lupyne\a5486ed8\8405068af86988afbfaa7c3cd5c9be9435b64f0c\8405068af86988afbfaa7c3cd5c9be9435b64f0c_lupyne_a5486ed8_20200309_200252_after_3.py
8405068af86988afbfaa7c3cd5c9be9435b64f0c,lupyne,a5486ed8,2020-03-10 03:02:52,+0000,test_graphql.py,MODIFY,13,2,PythonFiles\lupyne\a5486ed8\8405068af86988afbfaa7c3cd5c9be9435b64f0c\8405068af86988afbfaa7c3cd5c9be9435b64f0c_lupyne_a5486ed8_20200309_200252_before_5.py,PythonFiles\lupyne\a5486ed8\8405068af86988afbfaa7c3cd5c9be9435b64f0c\8405068af86988afbfaa7c3cd5c9be9435b64f0c_lupyne_a5486ed8_20200309_200252_after_5.py
8405068af86988afbfaa7c3cd5c9be9435b64f0c,lupyne,a5486ed8,2020-03-10 03:02:52,+0000,test_rest.py,MODIFY,9,0,PythonFiles\lupyne\a5486ed8\8405068af86988afbfaa7c3cd5c9be9435b64f0c\8405068af86988afbfaa7c3cd5c9be9435b64f0c_lupyne_a5486ed8_20200309_200252_before_6.py,PythonFiles\lupyne\a5486ed8\8405068af86988afbfaa7c3cd5c9be9435b64f0c\8405068af86988afbfaa7c3cd5c9be9435b64f0c_lupyne_a5486ed8_20200309_200252_after_6.py
d40ccda5e683200d377f09e17d559353c2c5fb44,lupyne,a5486ed8,2020-03-10 03:20:17,+0000,analyzers.py,MODIFY,2,1,PythonFiles\lupyne\a5486ed8\d40ccda5e683200d377f09e17d559353c2c5fb44\d40ccda5e683200d377f09e17d559353c2c5fb44_lupyne_a5486ed8_20200309_202017_before_1.py,PythonFiles\lupyne\a5486ed8\d40ccda5e683200d377f09e17d559353c2c5fb44\d40ccda5e683200d377f09e17d559353c2c5fb44_lupyne_a5486ed8_20200309_202017_after_1.py
d40ccda5e683200d377f09e17d559353c2c5fb44,lupyne,a5486ed8,2020-03-10 03:20:17,+0000,indexers.py,MODIFY,13,6,PythonFiles\lupyne\a5486ed8\d40ccda5e683200d377f09e17d559353c2c5fb44\d40ccda5e683200d377f09e17d559353c2c5fb44_lupyne_a5486ed8_20200309_202017_before_2.py,PythonFiles\lupyne\a5486ed8\d40ccda5e683200d377f09e17d559353c2c5fb44\d40ccda5e683200d377f09e17d559353c2c5fb44_lupyne_a5486ed8_20200309_202017_after_2.py
d40ccda5e683200d377f09e17d559353c2c5fb44,lupyne,a5486ed8,2020-03-10 03:20:17,+0000,__main__.py,MODIFY,9,2,PythonFiles\lupyne\a5486ed8\d40ccda5e683200d377f09e17d559353c2c5fb44\d40ccda5e683200d377f09e17d559353c2c5fb44_lupyne_a5486ed8_20200309_202017_before_3.py,PythonFiles\lupyne\a5486ed8\d40ccda5e683200d377f09e17d559353c2c5fb44\d40ccda5e683200d377f09e17d559353c2c5fb44_lupyne_a5486ed8_20200309_202017_after_3.py
d40ccda5e683200d377f09e17d559353c2c5fb44,lupyne,a5486ed8,2020-03-10 03:20:17,+0000,legacy.py,MODIFY,14,4,PythonFiles\lupyne\a5486ed8\d40ccda5e683200d377f09e17d559353c2c5fb44\d40ccda5e683200d377f09e17d559353c2c5fb44_lupyne_a5486ed8_20200309_202017_before_4.py,PythonFiles\lupyne\a5486ed8\d40ccda5e683200d377f09e17d559353c2c5fb44\d40ccda5e683200d377f09e17d559353c2c5fb44_lupyne_a5486ed8_20200309_202017_after_4.py
d40ccda5e683200d377f09e17d559353c2c5fb44,lupyne,a5486ed8,2020-03-10 03:20:17,+0000,setup.py,MODIFY,6,1,PythonFiles\lupyne\a5486ed8\d40ccda5e683200d377f09e17d559353c2c5fb44\d40ccda5e683200d377f09e17d559353c2c5fb44_lupyne_a5486ed8_20200309_202017_before_7.py,PythonFiles\lupyne\a5486ed8\d40ccda5e683200d377f09e17d559353c2c5fb44\d40ccda5e683200d377f09e17d559353c2c5fb44_lupyne_a5486ed8_20200309_202017_after_7.py
d40ccda5e683200d377f09e17d559353c2c5fb44,lupyne,a5486ed8,2020-03-10 03:20:17,+0000,test_engine.py,MODIFY,24,7,PythonFiles\lupyne\a5486ed8\d40ccda5e683200d377f09e17d559353c2c5fb44\d40ccda5e683200d377f09e17d559353c2c5fb44_lupyne_a5486ed8_20200309_202017_before_8.py,PythonFiles\lupyne\a5486ed8\d40ccda5e683200d377f09e17d559353c2c5fb44\d40ccda5e683200d377f09e17d559353c2c5fb44_lupyne_a5486ed8_20200309_202017_after_8.py
d40ccda5e683200d377f09e17d559353c2c5fb44,lupyne,a5486ed8,2020-03-10 03:20:17,+0000,test_server.py,MODIFY,14,5,PythonFiles\lupyne\a5486ed8\d40ccda5e683200d377f09e17d559353c2c5fb44\d40ccda5e683200d377f09e17d559353c2c5fb44_lupyne_a5486ed8_20200309_202017_before_9.py,PythonFiles\lupyne\a5486ed8\d40ccda5e683200d377f09e17d559353c2c5fb44\d40ccda5e683200d377f09e17d559353c2c5fb44_lupyne_a5486ed8_20200309_202017_after_9.py
7ace2843df2bf503b414804cf56dde9d02ceb7c6,lupyne,a5486ed8,2020-03-11 04:05:36,+0000,documents.py,MODIFY,1,1,PythonFiles\lupyne\a5486ed8\7ace2843df2bf503b414804cf56dde9d02ceb7c6\7ace2843df2bf503b414804cf56dde9d02ceb7c6_lupyne_a5486ed8_20200310_210536_before_1.py,PythonFiles\lupyne\a5486ed8\7ace2843df2bf503b414804cf56dde9d02ceb7c6\7ace2843df2bf503b414804cf56dde9d02ceb7c6_lupyne_a5486ed8_20200310_210536_after_1.py
7ace2843df2bf503b414804cf56dde9d02ceb7c6,lupyne,a5486ed8,2020-03-11 04:05:36,+0000,graphql.py,MODIFY,27,1,PythonFiles\lupyne\a5486ed8\7ace2843df2bf503b414804cf56dde9d02ceb7c6\7ace2843df2bf503b414804cf56dde9d02ceb7c6_lupyne_a5486ed8_20200310_210536_before_2.py,PythonFiles\lupyne\a5486ed8\7ace2843df2bf503b414804cf56dde9d02ceb7c6\7ace2843df2bf503b414804cf56dde9d02ceb7c6_lupyne_a5486ed8_20200310_210536_after_2.py
7ace2843df2bf503b414804cf56dde9d02ceb7c6,lupyne,a5486ed8,2020-03-11 04:05:36,+0000,rest.py,MODIFY,10,0,PythonFiles\lupyne\a5486ed8\7ace2843df2bf503b414804cf56dde9d02ceb7c6\7ace2843df2bf503b414804cf56dde9d02ceb7c6_lupyne_a5486ed8_20200310_210536_before_3.py,PythonFiles\lupyne\a5486ed8\7ace2843df2bf503b414804cf56dde9d02ceb7c6\7ace2843df2bf503b414804cf56dde9d02ceb7c6_lupyne_a5486ed8_20200310_210536_after_3.py
7ace2843df2bf503b414804cf56dde9d02ceb7c6,lupyne,a5486ed8,2020-03-11 04:05:36,+0000,test_graphql.py,MODIFY,12,0,PythonFiles\lupyne\a5486ed8\7ace2843df2bf503b414804cf56dde9d02ceb7c6\7ace2843df2bf503b414804cf56dde9d02ceb7c6_lupyne_a5486ed8_20200310_210536_before_4.py,PythonFiles\lupyne\a5486ed8\7ace2843df2bf503b414804cf56dde9d02ceb7c6\7ace2843df2bf503b414804cf56dde9d02ceb7c6_lupyne_a5486ed8_20200310_210536_after_4.py
7ace2843df2bf503b414804cf56dde9d02ceb7c6,lupyne,a5486ed8,2020-03-11 04:05:36,+0000,test_rest.py,MODIFY,10,0,PythonFiles\lupyne\a5486ed8\7ace2843df2bf503b414804cf56dde9d02ceb7c6\7ace2843df2bf503b414804cf56dde9d02ceb7c6_lupyne_a5486ed8_20200310_210536_before_5.py,PythonFiles\lupyne\a5486ed8\7ace2843df2bf503b414804cf56dde9d02ceb7c6\7ace2843df2bf503b414804cf56dde9d02ceb7c6_lupyne_a5486ed8_20200310_210536_after_5.py
62376f38bc1ee61bed70317070cfc769a6fca43e,lupyne,a5486ed8,2020-03-11 04:36:29,+0000,__init__.py,ADD,0,0,,
62376f38bc1ee61bed70317070cfc769a6fca43e,lupyne,a5486ed8,2020-03-11 04:36:29,+0000,base.py,RENAME,0,0,,
62376f38bc1ee61bed70317070cfc769a6fca43e,lupyne,a5486ed8,2020-03-11 04:36:29,+0000,graphql.py,RENAME,0,0,,
62376f38bc1ee61bed70317070cfc769a6fca43e,lupyne,a5486ed8,2020-03-11 04:36:29,+0000,rest.py,RENAME,0,0,,
62376f38bc1ee61bed70317070cfc769a6fca43e,lupyne,a5486ed8,2020-03-11 04:36:29,+0000,settings.py,RENAME,0,0,,
62376f38bc1ee61bed70317070cfc769a6fca43e,lupyne,a5486ed8,2020-03-11 04:36:29,+0000,conftest.py,MODIFY,1,1,PythonFiles\lupyne\a5486ed8\62376f38bc1ee61bed70317070cfc769a6fca43e\62376f38bc1ee61bed70317070cfc769a6fca43e_lupyne_a5486ed8_20200310_213629_before_10.py,PythonFiles\lupyne\a5486ed8\62376f38bc1ee61bed70317070cfc769a6fca43e\62376f38bc1ee61bed70317070cfc769a6fca43e_lupyne_a5486ed8_20200310_213629_after_10.py
62376f38bc1ee61bed70317070cfc769a6fca43e,lupyne,a5486ed8,2020-03-11 04:36:29,+0000,test_graphql.py,MODIFY,1,1,PythonFiles\lupyne\a5486ed8\62376f38bc1ee61bed70317070cfc769a6fca43e\62376f38bc1ee61bed70317070cfc769a6fca43e_lupyne_a5486ed8_20200310_213629_before_11.py,PythonFiles\lupyne\a5486ed8\62376f38bc1ee61bed70317070cfc769a6fca43e\62376f38bc1ee61bed70317070cfc769a6fca43e_lupyne_a5486ed8_20200310_213629_after_11.py
62376f38bc1ee61bed70317070cfc769a6fca43e,lupyne,a5486ed8,2020-03-11 04:36:29,+0000,test_rest.py,MODIFY,1,1,PythonFiles\lupyne\a5486ed8\62376f38bc1ee61bed70317070cfc769a6fca43e\62376f38bc1ee61bed70317070cfc769a6fca43e_lupyne_a5486ed8_20200310_213629_before_12.py,PythonFiles\lupyne\a5486ed8\62376f38bc1ee61bed70317070cfc769a6fca43e\62376f38bc1ee61bed70317070cfc769a6fca43e_lupyne_a5486ed8_20200310_213629_after_12.py
a13060c400fd9d3ea1318732d12c82158f4dcf53,lupyne,a5486ed8,2020-03-13 03:50:52,+0000,test_graphql.py,MODIFY,9,10,PythonFiles\lupyne\a5486ed8\a13060c400fd9d3ea1318732d12c82158f4dcf53\a13060c400fd9d3ea1318732d12c82158f4dcf53_lupyne_a5486ed8_20200312_205052_before_1.py,PythonFiles\lupyne\a5486ed8\a13060c400fd9d3ea1318732d12c82158f4dcf53\a13060c400fd9d3ea1318732d12c82158f4dcf53_lupyne_a5486ed8_20200312_205052_after_1.py
a13060c400fd9d3ea1318732d12c82158f4dcf53,lupyne,a5486ed8,2020-03-13 03:50:52,+0000,test_rest.py,MODIFY,3,1,PythonFiles\lupyne\a5486ed8\a13060c400fd9d3ea1318732d12c82158f4dcf53\a13060c400fd9d3ea1318732d12c82158f4dcf53_lupyne_a5486ed8_20200312_205052_before_2.py,PythonFiles\lupyne\a5486ed8\a13060c400fd9d3ea1318732d12c82158f4dcf53\a13060c400fd9d3ea1318732d12c82158f4dcf53_lupyne_a5486ed8_20200312_205052_after_2.py
f4fdc2db62d75571ed63357dbca4990880c0410e,lupyne,a5486ed8,2020-03-14 21:45:44,+0000,documents.py,MODIFY,1,1,PythonFiles\lupyne\a5486ed8\f4fdc2db62d75571ed63357dbca4990880c0410e\f4fdc2db62d75571ed63357dbca4990880c0410e_lupyne_a5486ed8_20200314_144544_before_2.py,PythonFiles\lupyne\a5486ed8\f4fdc2db62d75571ed63357dbca4990880c0410e\f4fdc2db62d75571ed63357dbca4990880c0410e_lupyne_a5486ed8_20200314_144544_after_2.py
f4fdc2db62d75571ed63357dbca4990880c0410e,lupyne,a5486ed8,2020-03-14 21:45:44,+0000,indexers.py,MODIFY,1,1,PythonFiles\lupyne\a5486ed8\f4fdc2db62d75571ed63357dbca4990880c0410e\f4fdc2db62d75571ed63357dbca4990880c0410e_lupyne_a5486ed8_20200314_144544_before_3.py,PythonFiles\lupyne\a5486ed8\f4fdc2db62d75571ed63357dbca4990880c0410e\f4fdc2db62d75571ed63357dbca4990880c0410e_lupyne_a5486ed8_20200314_144544_after_3.py
f4fdc2db62d75571ed63357dbca4990880c0410e,lupyne,a5486ed8,2020-03-14 21:45:44,+0000,legacy.py,MODIFY,4,4,PythonFiles\lupyne\a5486ed8\f4fdc2db62d75571ed63357dbca4990880c0410e\f4fdc2db62d75571ed63357dbca4990880c0410e_lupyne_a5486ed8_20200314_144544_before_4.py,PythonFiles\lupyne\a5486ed8\f4fdc2db62d75571ed63357dbca4990880c0410e\f4fdc2db62d75571ed63357dbca4990880c0410e_lupyne_a5486ed8_20200314_144544_after_4.py
f4fdc2db62d75571ed63357dbca4990880c0410e,lupyne,a5486ed8,2020-03-14 21:45:44,+0000,setup.py,MODIFY,2,3,PythonFiles\lupyne\a5486ed8\f4fdc2db62d75571ed63357dbca4990880c0410e\f4fdc2db62d75571ed63357dbca4990880c0410e_lupyne_a5486ed8_20200314_144544_before_5.py,PythonFiles\lupyne\a5486ed8\f4fdc2db62d75571ed63357dbca4990880c0410e\f4fdc2db62d75571ed63357dbca4990880c0410e_lupyne_a5486ed8_20200314_144544_after_5.py
1d6843d00720b0e0e5d91a119f0dc55ebc39854f,lupyne,a5486ed8,2020-06-07 17:55:44,+0000,documents.py,MODIFY,1,1,PythonFiles\lupyne\a5486ed8\1d6843d00720b0e0e5d91a119f0dc55ebc39854f\1d6843d00720b0e0e5d91a119f0dc55ebc39854f_lupyne_a5486ed8_20200607_105544_before_1.py,PythonFiles\lupyne\a5486ed8\1d6843d00720b0e0e5d91a119f0dc55ebc39854f\1d6843d00720b0e0e5d91a119f0dc55ebc39854f_lupyne_a5486ed8_20200607_105544_after_1.py
1d6843d00720b0e0e5d91a119f0dc55ebc39854f,lupyne,a5486ed8,2020-06-07 17:55:44,+0000,indexers.py,MODIFY,1,1,PythonFiles\lupyne\a5486ed8\1d6843d00720b0e0e5d91a119f0dc55ebc39854f\1d6843d00720b0e0e5d91a119f0dc55ebc39854f_lupyne_a5486ed8_20200607_105544_before_2.py,PythonFiles\lupyne\a5486ed8\1d6843d00720b0e0e5d91a119f0dc55ebc39854f\1d6843d00720b0e0e5d91a119f0dc55ebc39854f_lupyne_a5486ed8_20200607_105544_after_2.py
1d6843d00720b0e0e5d91a119f0dc55ebc39854f,lupyne,a5486ed8,2020-06-07 17:55:44,+0000,graphql.py,MODIFY,29,25,PythonFiles\lupyne\a5486ed8\1d6843d00720b0e0e5d91a119f0dc55ebc39854f\1d6843d00720b0e0e5d91a119f0dc55ebc39854f_lupyne_a5486ed8_20200607_105544_before_3.py,PythonFiles\lupyne\a5486ed8\1d6843d00720b0e0e5d91a119f0dc55ebc39854f\1d6843d00720b0e0e5d91a119f0dc55ebc39854f_lupyne_a5486ed8_20200607_105544_after_3.py
1d6843d00720b0e0e5d91a119f0dc55ebc39854f,lupyne,a5486ed8,2020-06-07 17:55:44,+0000,rest.py,MODIFY,1,1,PythonFiles\lupyne\a5486ed8\1d6843d00720b0e0e5d91a119f0dc55ebc39854f\1d6843d00720b0e0e5d91a119f0dc55ebc39854f_lupyne_a5486ed8_20200607_105544_before_4.py,PythonFiles\lupyne\a5486ed8\1d6843d00720b0e0e5d91a119f0dc55ebc39854f\1d6843d00720b0e0e5d91a119f0dc55ebc39854f_lupyne_a5486ed8_20200607_105544_after_4.py
1d6843d00720b0e0e5d91a119f0dc55ebc39854f,lupyne,a5486ed8,2020-06-07 17:55:44,+0000,setup.py,MODIFY,1,1,PythonFiles\lupyne\a5486ed8\1d6843d00720b0e0e5d91a119f0dc55ebc39854f\1d6843d00720b0e0e5d91a119f0dc55ebc39854f_lupyne_a5486ed8_20200607_105544_before_5.py,PythonFiles\lupyne\a5486ed8\1d6843d00720b0e0e5d91a119f0dc55ebc39854f\1d6843d00720b0e0e5d91a119f0dc55ebc39854f_lupyne_a5486ed8_20200607_105544_after_5.py
1d6843d00720b0e0e5d91a119f0dc55ebc39854f,lupyne,a5486ed8,2020-06-07 17:55:44,+0000,test_engine.py,MODIFY,2,2,PythonFiles\lupyne\a5486ed8\1d6843d00720b0e0e5d91a119f0dc55ebc39854f\1d6843d00720b0e0e5d91a119f0dc55ebc39854f_lupyne_a5486ed8_20200607_105544_before_7.py,PythonFiles\lupyne\a5486ed8\1d6843d00720b0e0e5d91a119f0dc55ebc39854f\1d6843d00720b0e0e5d91a119f0dc55ebc39854f_lupyne_a5486ed8_20200607_105544_after_7.py
1d6843d00720b0e0e5d91a119f0dc55ebc39854f,lupyne,a5486ed8,2020-06-07 17:55:44,+0000,test_graphql.py,MODIFY,4,4,PythonFiles\lupyne\a5486ed8\1d6843d00720b0e0e5d91a119f0dc55ebc39854f\1d6843d00720b0e0e5d91a119f0dc55ebc39854f_lupyne_a5486ed8_20200607_105544_before_8.py,PythonFiles\lupyne\a5486ed8\1d6843d00720b0e0e5d91a119f0dc55ebc39854f\1d6843d00720b0e0e5d91a119f0dc55ebc39854f_lupyne_a5486ed8_20200607_105544_after_8.py
5a991466330ab77fd98bbfbd48161c098aa0c9de,lupyne,a5486ed8,2020-06-10 00:45:24,+0000,documents.py,MODIFY,1,1,PythonFiles\lupyne\a5486ed8\5a991466330ab77fd98bbfbd48161c098aa0c9de\5a991466330ab77fd98bbfbd48161c098aa0c9de_lupyne_a5486ed8_20200609_174524_before_1.py,PythonFiles\lupyne\a5486ed8\5a991466330ab77fd98bbfbd48161c098aa0c9de\5a991466330ab77fd98bbfbd48161c098aa0c9de_lupyne_a5486ed8_20200609_174524_after_1.py
5a991466330ab77fd98bbfbd48161c098aa0c9de,lupyne,a5486ed8,2020-06-10 00:45:24,+0000,graphql.py,MODIFY,55,9,PythonFiles\lupyne\a5486ed8\5a991466330ab77fd98bbfbd48161c098aa0c9de\5a991466330ab77fd98bbfbd48161c098aa0c9de_lupyne_a5486ed8_20200609_174524_before_2.py,PythonFiles\lupyne\a5486ed8\5a991466330ab77fd98bbfbd48161c098aa0c9de\5a991466330ab77fd98bbfbd48161c098aa0c9de_lupyne_a5486ed8_20200609_174524_after_2.py
5a991466330ab77fd98bbfbd48161c098aa0c9de,lupyne,a5486ed8,2020-06-10 00:45:24,+0000,settings.py,MODIFY,1,0,PythonFiles\lupyne\a5486ed8\5a991466330ab77fd98bbfbd48161c098aa0c9de\5a991466330ab77fd98bbfbd48161c098aa0c9de_lupyne_a5486ed8_20200609_174524_before_3.py,PythonFiles\lupyne\a5486ed8\5a991466330ab77fd98bbfbd48161c098aa0c9de\5a991466330ab77fd98bbfbd48161c098aa0c9de_lupyne_a5486ed8_20200609_174524_after_3.py
5a991466330ab77fd98bbfbd48161c098aa0c9de,lupyne,a5486ed8,2020-06-10 00:45:24,+0000,test_graphql.py,MODIFY,15,4,PythonFiles\lupyne\a5486ed8\5a991466330ab77fd98bbfbd48161c098aa0c9de\5a991466330ab77fd98bbfbd48161c098aa0c9de_lupyne_a5486ed8_20200609_174524_before_5.py,PythonFiles\lupyne\a5486ed8\5a991466330ab77fd98bbfbd48161c098aa0c9de\5a991466330ab77fd98bbfbd48161c098aa0c9de_lupyne_a5486ed8_20200609_174524_after_5.py
8fa6f6b185d99e68a82d4f40692ead33476d8843,lupyne,a5486ed8,2020-06-14 00:02:49,+0000,base.py,MODIFY,55,0,PythonFiles\lupyne\a5486ed8\8fa6f6b185d99e68a82d4f40692ead33476d8843\8fa6f6b185d99e68a82d4f40692ead33476d8843_lupyne_a5486ed8_20200613_170249_before_2.py,PythonFiles\lupyne\a5486ed8\8fa6f6b185d99e68a82d4f40692ead33476d8843\8fa6f6b185d99e68a82d4f40692ead33476d8843_lupyne_a5486ed8_20200613_170249_after_2.py
8fa6f6b185d99e68a82d4f40692ead33476d8843,lupyne,a5486ed8,2020-06-14 00:02:49,+0000,graphql.py,MODIFY,19,55,PythonFiles\lupyne\a5486ed8\8fa6f6b185d99e68a82d4f40692ead33476d8843\8fa6f6b185d99e68a82d4f40692ead33476d8843_lupyne_a5486ed8_20200613_170249_before_3.py,PythonFiles\lupyne\a5486ed8\8fa6f6b185d99e68a82d4f40692ead33476d8843\8fa6f6b185d99e68a82d4f40692ead33476d8843_lupyne_a5486ed8_20200613_170249_after_3.py
8fa6f6b185d99e68a82d4f40692ead33476d8843,lupyne,a5486ed8,2020-06-14 00:02:49,+0000,rest.py,MODIFY,12,7,PythonFiles\lupyne\a5486ed8\8fa6f6b185d99e68a82d4f40692ead33476d8843\8fa6f6b185d99e68a82d4f40692ead33476d8843_lupyne_a5486ed8_20200613_170249_before_4.py,PythonFiles\lupyne\a5486ed8\8fa6f6b185d99e68a82d4f40692ead33476d8843\8fa6f6b185d99e68a82d4f40692ead33476d8843_lupyne_a5486ed8_20200613_170249_after_4.py
8fa6f6b185d99e68a82d4f40692ead33476d8843,lupyne,a5486ed8,2020-06-14 00:02:49,+0000,test_rest.py,MODIFY,10,2,PythonFiles\lupyne\a5486ed8\8fa6f6b185d99e68a82d4f40692ead33476d8843\8fa6f6b185d99e68a82d4f40692ead33476d8843_lupyne_a5486ed8_20200613_170249_before_5.py,PythonFiles\lupyne\a5486ed8\8fa6f6b185d99e68a82d4f40692ead33476d8843\8fa6f6b185d99e68a82d4f40692ead33476d8843_lupyne_a5486ed8_20200613_170249_after_5.py
255af5c48792f973cf4a7707ded8ac9fbbe536da,lupyne,a5486ed8,2020-06-20 00:20:11,+0000,conf.py,MODIFY,23,250,PythonFiles\lupyne\a5486ed8\255af5c48792f973cf4a7707ded8ac9fbbe536da\255af5c48792f973cf4a7707ded8ac9fbbe536da_lupyne_a5486ed8_20200619_172011_before_2.py,PythonFiles\lupyne\a5486ed8\255af5c48792f973cf4a7707ded8ac9fbbe536da\255af5c48792f973cf4a7707ded8ac9fbbe536da_lupyne_a5486ed8_20200619_172011_after_2.py
255af5c48792f973cf4a7707ded8ac9fbbe536da,lupyne,a5486ed8,2020-06-20 00:20:11,+0000,legacy.py,MODIFY,1,1,PythonFiles\lupyne\a5486ed8\255af5c48792f973cf4a7707ded8ac9fbbe536da\255af5c48792f973cf4a7707ded8ac9fbbe536da_lupyne_a5486ed8_20200619_172011_before_3.py,PythonFiles\lupyne\a5486ed8\255af5c48792f973cf4a7707ded8ac9fbbe536da\255af5c48792f973cf4a7707ded8ac9fbbe536da_lupyne_a5486ed8_20200619_172011_after_3.py
e7e988eece49792804a23c88d6fdef655e209fe1,lupyne,a5486ed8,2020-08-26 00:47:52,+0000,indexers.py,MODIFY,5,2,PythonFiles\lupyne\a5486ed8\e7e988eece49792804a23c88d6fdef655e209fe1\e7e988eece49792804a23c88d6fdef655e209fe1_lupyne_a5486ed8_20200825_174752_before_3.py,PythonFiles\lupyne\a5486ed8\e7e988eece49792804a23c88d6fdef655e209fe1\e7e988eece49792804a23c88d6fdef655e209fe1_lupyne_a5486ed8_20200825_174752_after_3.py
e7e988eece49792804a23c88d6fdef655e209fe1,lupyne,a5486ed8,2020-08-26 00:47:52,+0000,base.py,MODIFY,8,5,PythonFiles\lupyne\a5486ed8\e7e988eece49792804a23c88d6fdef655e209fe1\e7e988eece49792804a23c88d6fdef655e209fe1_lupyne_a5486ed8_20200825_174752_before_4.py,PythonFiles\lupyne\a5486ed8\e7e988eece49792804a23c88d6fdef655e209fe1\e7e988eece49792804a23c88d6fdef655e209fe1_lupyne_a5486ed8_20200825_174752_after_4.py
e7e988eece49792804a23c88d6fdef655e209fe1,lupyne,a5486ed8,2020-08-26 00:47:52,+0000,setup.py,MODIFY,3,3,PythonFiles\lupyne\a5486ed8\e7e988eece49792804a23c88d6fdef655e209fe1\e7e988eece49792804a23c88d6fdef655e209fe1_lupyne_a5486ed8_20200825_174752_before_6.py,PythonFiles\lupyne\a5486ed8\e7e988eece49792804a23c88d6fdef655e209fe1\e7e988eece49792804a23c88d6fdef655e209fe1_lupyne_a5486ed8_20200825_174752_after_6.py
b57dc0a5fbc4feb3cb5cd8877b3f84b2dd477a65,lupyne,a5486ed8,2020-11-07 22:49:52,+0000,conf.py,DELETE,0,62,PythonFiles\lupyne\a5486ed8\b57dc0a5fbc4feb3cb5cd8877b3f84b2dd477a65\b57dc0a5fbc4feb3cb5cd8877b3f84b2dd477a65_lupyne_a5486ed8_20201107_144952_before_8.py,
b57dc0a5fbc4feb3cb5cd8877b3f84b2dd477a65,lupyne,a5486ed8,2020-11-07 22:49:52,+0000,analyzers.py,MODIFY,1,0,PythonFiles\lupyne\a5486ed8\b57dc0a5fbc4feb3cb5cd8877b3f84b2dd477a65\b57dc0a5fbc4feb3cb5cd8877b3f84b2dd477a65_lupyne_a5486ed8_20201107_144952_before_20.py,PythonFiles\lupyne\a5486ed8\b57dc0a5fbc4feb3cb5cd8877b3f84b2dd477a65\b57dc0a5fbc4feb3cb5cd8877b3f84b2dd477a65_lupyne_a5486ed8_20201107_144952_after_20.py
b57dc0a5fbc4feb3cb5cd8877b3f84b2dd477a65,lupyne,a5486ed8,2020-11-07 22:49:52,+0000,setup.py,MODIFY,2,4,PythonFiles\lupyne\a5486ed8\b57dc0a5fbc4feb3cb5cd8877b3f84b2dd477a65\b57dc0a5fbc4feb3cb5cd8877b3f84b2dd477a65_lupyne_a5486ed8_20201107_144952_before_25.py,PythonFiles\lupyne\a5486ed8\b57dc0a5fbc4feb3cb5cd8877b3f84b2dd477a65\b57dc0a5fbc4feb3cb5cd8877b3f84b2dd477a65_lupyne_a5486ed8_20201107_144952_after_25.py
7496a1e53d5562301aeddfb4d7b73b0f8174a1cc,lupyne,a5486ed8,2020-11-24 22:58:04,+0000,__init__.py,MODIFY,1,1,PythonFiles\lupyne\a5486ed8\7496a1e53d5562301aeddfb4d7b73b0f8174a1cc\7496a1e53d5562301aeddfb4d7b73b0f8174a1cc_lupyne_a5486ed8_20201124_145804_before_2.py,PythonFiles\lupyne\a5486ed8\7496a1e53d5562301aeddfb4d7b73b0f8174a1cc\7496a1e53d5562301aeddfb4d7b73b0f8174a1cc_lupyne_a5486ed8_20201124_145804_after_2.py
7496a1e53d5562301aeddfb4d7b73b0f8174a1cc,lupyne,a5486ed8,2020-11-24 22:58:04,+0000,analyzers.py,MODIFY,15,12,PythonFiles\lupyne\a5486ed8\7496a1e53d5562301aeddfb4d7b73b0f8174a1cc\7496a1e53d5562301aeddfb4d7b73b0f8174a1cc_lupyne_a5486ed8_20201124_145804_before_3.py,PythonFiles\lupyne\a5486ed8\7496a1e53d5562301aeddfb4d7b73b0f8174a1cc\7496a1e53d5562301aeddfb4d7b73b0f8174a1cc_lupyne_a5486ed8_20201124_145804_after_3.py
7496a1e53d5562301aeddfb4d7b73b0f8174a1cc,lupyne,a5486ed8,2020-11-24 22:58:04,+0000,documents.py,MODIFY,42,30,PythonFiles\lupyne\a5486ed8\7496a1e53d5562301aeddfb4d7b73b0f8174a1cc\7496a1e53d5562301aeddfb4d7b73b0f8174a1cc_lupyne_a5486ed8_20201124_145804_before_4.py,PythonFiles\lupyne\a5486ed8\7496a1e53d5562301aeddfb4d7b73b0f8174a1cc\7496a1e53d5562301aeddfb4d7b73b0f8174a1cc_lupyne_a5486ed8_20201124_145804_after_4.py
7496a1e53d5562301aeddfb4d7b73b0f8174a1cc,lupyne,a5486ed8,2020-11-24 22:58:04,+0000,indexers.py,MODIFY,93,78,PythonFiles\lupyne\a5486ed8\7496a1e53d5562301aeddfb4d7b73b0f8174a1cc\7496a1e53d5562301aeddfb4d7b73b0f8174a1cc_lupyne_a5486ed8_20201124_145804_before_5.py,PythonFiles\lupyne\a5486ed8\7496a1e53d5562301aeddfb4d7b73b0f8174a1cc\7496a1e53d5562301aeddfb4d7b73b0f8174a1cc_lupyne_a5486ed8_20201124_145804_after_5.py
7496a1e53d5562301aeddfb4d7b73b0f8174a1cc,lupyne,a5486ed8,2020-11-24 22:58:04,+0000,queries.py,MODIFY,3,3,PythonFiles\lupyne\a5486ed8\7496a1e53d5562301aeddfb4d7b73b0f8174a1cc\7496a1e53d5562301aeddfb4d7b73b0f8174a1cc_lupyne_a5486ed8_20201124_145804_before_6.py,PythonFiles\lupyne\a5486ed8\7496a1e53d5562301aeddfb4d7b73b0f8174a1cc\7496a1e53d5562301aeddfb4d7b73b0f8174a1cc_lupyne_a5486ed8_20201124_145804_after_6.py
dc78032cf6d1bf05ea27bed7ca1268346c877903,lupyne,a5486ed8,2020-11-24 23:08:40,+0000,__init__.py,MODIFY,1,1,PythonFiles\lupyne\a5486ed8\dc78032cf6d1bf05ea27bed7ca1268346c877903\dc78032cf6d1bf05ea27bed7ca1268346c877903_lupyne_a5486ed8_20201124_150840_before_3.py,PythonFiles\lupyne\a5486ed8\dc78032cf6d1bf05ea27bed7ca1268346c877903\dc78032cf6d1bf05ea27bed7ca1268346c877903_lupyne_a5486ed8_20201124_150840_after_3.py
68bbaa5aaa2fc28e6fb03462d51afd96339dcba5,lupyne,a5486ed8,2021-03-22 00:18:37,+0000,__init__.py,DELETE,0,0,,
68bbaa5aaa2fc28e6fb03462d51afd96339dcba5,lupyne,a5486ed8,2021-03-22 00:18:37,+0000,__main__.py,DELETE,0,32,PythonFiles\lupyne\a5486ed8\68bbaa5aaa2fc28e6fb03462d51afd96339dcba5\68bbaa5aaa2fc28e6fb03462d51afd96339dcba5_lupyne_a5486ed8_20210321_171837_before_4.py,
68bbaa5aaa2fc28e6fb03462d51afd96339dcba5,lupyne,a5486ed8,2021-03-22 00:18:37,+0000,legacy.py,DELETE,0,782,PythonFiles\lupyne\a5486ed8\68bbaa5aaa2fc28e6fb03462d51afd96339dcba5\68bbaa5aaa2fc28e6fb03462d51afd96339dcba5_lupyne_a5486ed8_20210321_171837_before_5.py,
68bbaa5aaa2fc28e6fb03462d51afd96339dcba5,lupyne,a5486ed8,2021-03-22 00:18:37,+0000,setup.py,MODIFY,2,6,PythonFiles\lupyne\a5486ed8\68bbaa5aaa2fc28e6fb03462d51afd96339dcba5\68bbaa5aaa2fc28e6fb03462d51afd96339dcba5_lupyne_a5486ed8_20210321_171837_before_6.py,PythonFiles\lupyne\a5486ed8\68bbaa5aaa2fc28e6fb03462d51afd96339dcba5\68bbaa5aaa2fc28e6fb03462d51afd96339dcba5_lupyne_a5486ed8_20210321_171837_after_6.py
68bbaa5aaa2fc28e6fb03462d51afd96339dcba5,lupyne,a5486ed8,2021-03-22 00:18:37,+0000,server.py,DELETE,0,39,PythonFiles\lupyne\a5486ed8\68bbaa5aaa2fc28e6fb03462d51afd96339dcba5\68bbaa5aaa2fc28e6fb03462d51afd96339dcba5_lupyne_a5486ed8_20210321_171837_before_7.py,
68bbaa5aaa2fc28e6fb03462d51afd96339dcba5,lupyne,a5486ed8,2021-03-22 00:18:37,+0000,test_server.py,DELETE,0,322,PythonFiles\lupyne\a5486ed8\68bbaa5aaa2fc28e6fb03462d51afd96339dcba5\68bbaa5aaa2fc28e6fb03462d51afd96339dcba5_lupyne_a5486ed8_20210321_171837_before_8.py,
e133b8495e732d31691c486e184659ee879d1b4b,lupyne,a5486ed8,2021-06-05 01:08:29,+0000,setup.py,DELETE,0,33,PythonFiles\lupyne\a5486ed8\e133b8495e732d31691c486e184659ee879d1b4b\e133b8495e732d31691c486e184659ee879d1b4b_lupyne_a5486ed8_20210604_180829_before_7.py,
164f99c3479fc55763c2d6ed4c78b8ae4bf1b2f1,lupyne,a5486ed8,2021-06-18 02:43:32,+0000,queries.py,MODIFY,10,11,PythonFiles\lupyne\a5486ed8\164f99c3479fc55763c2d6ed4c78b8ae4bf1b2f1\164f99c3479fc55763c2d6ed4c78b8ae4bf1b2f1_lupyne_a5486ed8_20210617_194332_before_3.py,PythonFiles\lupyne\a5486ed8\164f99c3479fc55763c2d6ed4c78b8ae4bf1b2f1\164f99c3479fc55763c2d6ed4c78b8ae4bf1b2f1_lupyne_a5486ed8_20210617_194332_after_3.py
8626ccf0ffd29519b12ceb91a291f580359a928c,lupyne,a5486ed8,2021-12-11 16:02:24,+0000,__init__.py,MODIFY,1,1,PythonFiles\lupyne\a5486ed8\8626ccf0ffd29519b12ceb91a291f580359a928c\8626ccf0ffd29519b12ceb91a291f580359a928c_lupyne_a5486ed8_20211211_080224_before_3.py,PythonFiles\lupyne\a5486ed8\8626ccf0ffd29519b12ceb91a291f580359a928c\8626ccf0ffd29519b12ceb91a291f580359a928c_lupyne_a5486ed8_20211211_080224_after_3.py
8626ccf0ffd29519b12ceb91a291f580359a928c,lupyne,a5486ed8,2021-12-11 16:02:24,+0000,indexers.py,MODIFY,4,7,PythonFiles\lupyne\a5486ed8\8626ccf0ffd29519b12ceb91a291f580359a928c\8626ccf0ffd29519b12ceb91a291f580359a928c_lupyne_a5486ed8_20211211_080224_before_4.py,PythonFiles\lupyne\a5486ed8\8626ccf0ffd29519b12ceb91a291f580359a928c\8626ccf0ffd29519b12ceb91a291f580359a928c_lupyne_a5486ed8_20211211_080224_after_4.py
8626ccf0ffd29519b12ceb91a291f580359a928c,lupyne,a5486ed8,2021-12-11 16:02:24,+0000,test_engine.py,MODIFY,5,4,PythonFiles\lupyne\a5486ed8\8626ccf0ffd29519b12ceb91a291f580359a928c\8626ccf0ffd29519b12ceb91a291f580359a928c_lupyne_a5486ed8_20211211_080224_before_6.py,PythonFiles\lupyne\a5486ed8\8626ccf0ffd29519b12ceb91a291f580359a928c\8626ccf0ffd29519b12ceb91a291f580359a928c_lupyne_a5486ed8_20211211_080224_after_6.py
5ed3490481d054d8aaad30f85d4e6f7d96c88673,lupyne,a5486ed8,2022-03-04 01:15:37,+0000,documents.py,MODIFY,1,1,PythonFiles\lupyne\a5486ed8\5ed3490481d054d8aaad30f85d4e6f7d96c88673\5ed3490481d054d8aaad30f85d4e6f7d96c88673_lupyne_a5486ed8_20220303_171537_before_1.py,PythonFiles\lupyne\a5486ed8\5ed3490481d054d8aaad30f85d4e6f7d96c88673\5ed3490481d054d8aaad30f85d4e6f7d96c88673_lupyne_a5486ed8_20220303_171537_after_1.py
5ed3490481d054d8aaad30f85d4e6f7d96c88673,lupyne,a5486ed8,2022-03-04 01:15:37,+0000,graphql.py,MODIFY,6,7,PythonFiles\lupyne\a5486ed8\5ed3490481d054d8aaad30f85d4e6f7d96c88673\5ed3490481d054d8aaad30f85d4e6f7d96c88673_lupyne_a5486ed8_20220303_171537_before_2.py,PythonFiles\lupyne\a5486ed8\5ed3490481d054d8aaad30f85d4e6f7d96c88673\5ed3490481d054d8aaad30f85d4e6f7d96c88673_lupyne_a5486ed8_20220303_171537_after_2.py
7789a56e4a93302faf65fa3628b0c6597ea622fe,lupyne,a5486ed8,2022-04-12 00:27:21,+0000,indexers.py,MODIFY,1,1,PythonFiles\lupyne\a5486ed8\7789a56e4a93302faf65fa3628b0c6597ea622fe\7789a56e4a93302faf65fa3628b0c6597ea622fe_lupyne_a5486ed8_20220411_172721_before_4.py,PythonFiles\lupyne\a5486ed8\7789a56e4a93302faf65fa3628b0c6597ea622fe\7789a56e4a93302faf65fa3628b0c6597ea622fe_lupyne_a5486ed8_20220411_172721_after_4.py
6e277a1aedd4c2f4c634d20f451ac65a2f262644,lupyne,a5486ed8,2022-04-20 03:45:29,+0000,indexers.py,MODIFY,2,12,PythonFiles\lupyne\a5486ed8\6e277a1aedd4c2f4c634d20f451ac65a2f262644\6e277a1aedd4c2f4c634d20f451ac65a2f262644_lupyne_a5486ed8_20220419_204529_before_4.py,PythonFiles\lupyne\a5486ed8\6e277a1aedd4c2f4c634d20f451ac65a2f262644\6e277a1aedd4c2f4c634d20f451ac65a2f262644_lupyne_a5486ed8_20220419_204529_after_4.py
6e277a1aedd4c2f4c634d20f451ac65a2f262644,lupyne,a5486ed8,2022-04-20 03:45:29,+0000,test_engine.py,MODIFY,2,4,PythonFiles\lupyne\a5486ed8\6e277a1aedd4c2f4c634d20f451ac65a2f262644\6e277a1aedd4c2f4c634d20f451ac65a2f262644_lupyne_a5486ed8_20220419_204529_before_5.py,PythonFiles\lupyne\a5486ed8\6e277a1aedd4c2f4c634d20f451ac65a2f262644\6e277a1aedd4c2f4c634d20f451ac65a2f262644_lupyne_a5486ed8_20220419_204529_after_5.py
b563119e383987692495aff83fb03eaca2162a60,lupyne,a5486ed8,2022-06-15 03:32:27,+0000,__init__.py,MODIFY,1,1,PythonFiles\lupyne\a5486ed8\b563119e383987692495aff83fb03eaca2162a60\b563119e383987692495aff83fb03eaca2162a60_lupyne_a5486ed8_20220614_203227_before_4.py,PythonFiles\lupyne\a5486ed8\b563119e383987692495aff83fb03eaca2162a60\b563119e383987692495aff83fb03eaca2162a60_lupyne_a5486ed8_20220614_203227_after_4.py
b563119e383987692495aff83fb03eaca2162a60,lupyne,a5486ed8,2022-06-15 03:32:27,+0000,documents.py,MODIFY,1,1,PythonFiles\lupyne\a5486ed8\b563119e383987692495aff83fb03eaca2162a60\b563119e383987692495aff83fb03eaca2162a60_lupyne_a5486ed8_20220614_203227_before_5.py,PythonFiles\lupyne\a5486ed8\b563119e383987692495aff83fb03eaca2162a60\b563119e383987692495aff83fb03eaca2162a60_lupyne_a5486ed8_20220614_203227_after_5.py
b563119e383987692495aff83fb03eaca2162a60,lupyne,a5486ed8,2022-06-15 03:32:27,+0000,indexers.py,MODIFY,8,10,PythonFiles\lupyne\a5486ed8\b563119e383987692495aff83fb03eaca2162a60\b563119e383987692495aff83fb03eaca2162a60_lupyne_a5486ed8_20220614_203227_before_6.py,PythonFiles\lupyne\a5486ed8\b563119e383987692495aff83fb03eaca2162a60\b563119e383987692495aff83fb03eaca2162a60_lupyne_a5486ed8_20220614_203227_after_6.py
b563119e383987692495aff83fb03eaca2162a60,lupyne,a5486ed8,2022-06-15 03:32:27,+0000,queries.py,MODIFY,6,7,PythonFiles\lupyne\a5486ed8\b563119e383987692495aff83fb03eaca2162a60\b563119e383987692495aff83fb03eaca2162a60_lupyne_a5486ed8_20220614_203227_before_7.py,PythonFiles\lupyne\a5486ed8\b563119e383987692495aff83fb03eaca2162a60\b563119e383987692495aff83fb03eaca2162a60_lupyne_a5486ed8_20220614_203227_after_7.py
b563119e383987692495aff83fb03eaca2162a60,lupyne,a5486ed8,2022-06-15 03:32:27,+0000,test_engine.py,MODIFY,23,31,PythonFiles\lupyne\a5486ed8\b563119e383987692495aff83fb03eaca2162a60\b563119e383987692495aff83fb03eaca2162a60_lupyne_a5486ed8_20220614_203227_before_8.py,PythonFiles\lupyne\a5486ed8\b563119e383987692495aff83fb03eaca2162a60\b563119e383987692495aff83fb03eaca2162a60_lupyne_a5486ed8_20220614_203227_after_8.py
3fdec119fa96dea1d49c6f1f3d9fdafd5c1e9940,lupyne,a5486ed8,2023-01-16 21:33:07,+0000,analyzers.py,MODIFY,2,2,PythonFiles\lupyne\a5486ed8\3fdec119fa96dea1d49c6f1f3d9fdafd5c1e9940\3fdec119fa96dea1d49c6f1f3d9fdafd5c1e9940_lupyne_a5486ed8_20230116_133307_before_2.py,PythonFiles\lupyne\a5486ed8\3fdec119fa96dea1d49c6f1f3d9fdafd5c1e9940\3fdec119fa96dea1d49c6f1f3d9fdafd5c1e9940_lupyne_a5486ed8_20230116_133307_after_2.py
3fdec119fa96dea1d49c6f1f3d9fdafd5c1e9940,lupyne,a5486ed8,2023-01-16 21:33:07,+0000,documents.py,MODIFY,3,3,PythonFiles\lupyne\a5486ed8\3fdec119fa96dea1d49c6f1f3d9fdafd5c1e9940\3fdec119fa96dea1d49c6f1f3d9fdafd5c1e9940_lupyne_a5486ed8_20230116_133307_before_3.py,PythonFiles\lupyne\a5486ed8\3fdec119fa96dea1d49c6f1f3d9fdafd5c1e9940\3fdec119fa96dea1d49c6f1f3d9fdafd5c1e9940_lupyne_a5486ed8_20230116_133307_after_3.py
3fdec119fa96dea1d49c6f1f3d9fdafd5c1e9940,lupyne,a5486ed8,2023-01-16 21:33:07,+0000,indexers.py,MODIFY,3,3,PythonFiles\lupyne\a5486ed8\3fdec119fa96dea1d49c6f1f3d9fdafd5c1e9940\3fdec119fa96dea1d49c6f1f3d9fdafd5c1e9940_lupyne_a5486ed8_20230116_133307_before_4.py,PythonFiles\lupyne\a5486ed8\3fdec119fa96dea1d49c6f1f3d9fdafd5c1e9940\3fdec119fa96dea1d49c6f1f3d9fdafd5c1e9940_lupyne_a5486ed8_20230116_133307_after_4.py
3fdec119fa96dea1d49c6f1f3d9fdafd5c1e9940,lupyne,a5486ed8,2023-01-16 21:33:07,+0000,queries.py,MODIFY,1,1,PythonFiles\lupyne\a5486ed8\3fdec119fa96dea1d49c6f1f3d9fdafd5c1e9940\3fdec119fa96dea1d49c6f1f3d9fdafd5c1e9940_lupyne_a5486ed8_20230116_133307_before_5.py,PythonFiles\lupyne\a5486ed8\3fdec119fa96dea1d49c6f1f3d9fdafd5c1e9940\3fdec119fa96dea1d49c6f1f3d9fdafd5c1e9940_lupyne_a5486ed8_20230116_133307_after_5.py
3fdec119fa96dea1d49c6f1f3d9fdafd5c1e9940,lupyne,a5486ed8,2023-01-16 21:33:07,+0000,utils.py,MODIFY,2,2,PythonFiles\lupyne\a5486ed8\3fdec119fa96dea1d49c6f1f3d9fdafd5c1e9940\3fdec119fa96dea1d49c6f1f3d9fdafd5c1e9940_lupyne_a5486ed8_20230116_133307_before_6.py,PythonFiles\lupyne\a5486ed8\3fdec119fa96dea1d49c6f1f3d9fdafd5c1e9940\3fdec119fa96dea1d49c6f1f3d9fdafd5c1e9940_lupyne_a5486ed8_20230116_133307_after_6.py
3fdec119fa96dea1d49c6f1f3d9fdafd5c1e9940,lupyne,a5486ed8,2023-01-16 21:33:07,+0000,graphql.py,MODIFY,5,4,PythonFiles\lupyne\a5486ed8\3fdec119fa96dea1d49c6f1f3d9fdafd5c1e9940\3fdec119fa96dea1d49c6f1f3d9fdafd5c1e9940_lupyne_a5486ed8_20230116_133307_before_7.py,PythonFiles\lupyne\a5486ed8\3fdec119fa96dea1d49c6f1f3d9fdafd5c1e9940\3fdec119fa96dea1d49c6f1f3d9fdafd5c1e9940_lupyne_a5486ed8_20230116_133307_after_7.py
3fdec119fa96dea1d49c6f1f3d9fdafd5c1e9940,lupyne,a5486ed8,2023-01-16 21:33:07,+0000,conftest.py,MODIFY,1,1,PythonFiles\lupyne\a5486ed8\3fdec119fa96dea1d49c6f1f3d9fdafd5c1e9940\3fdec119fa96dea1d49c6f1f3d9fdafd5c1e9940_lupyne_a5486ed8_20230116_133307_before_8.py,PythonFiles\lupyne\a5486ed8\3fdec119fa96dea1d49c6f1f3d9fdafd5c1e9940\3fdec119fa96dea1d49c6f1f3d9fdafd5c1e9940_lupyne_a5486ed8_20230116_133307_after_8.py
3fdec119fa96dea1d49c6f1f3d9fdafd5c1e9940,lupyne,a5486ed8,2023-01-16 21:33:07,+0000,test_rest.py,MODIFY,3,2,PythonFiles\lupyne\a5486ed8\3fdec119fa96dea1d49c6f1f3d9fdafd5c1e9940\3fdec119fa96dea1d49c6f1f3d9fdafd5c1e9940_lupyne_a5486ed8_20230116_133307_before_10.py,PythonFiles\lupyne\a5486ed8\3fdec119fa96dea1d49c6f1f3d9fdafd5c1e9940\3fdec119fa96dea1d49c6f1f3d9fdafd5c1e9940_lupyne_a5486ed8_20230116_133307_after_10.py
29ed961241249a0e2fa9e8d7c1cc91a4cc4c5f38,lupyne,a5486ed8,2023-01-16 21:58:38,+0000,analyzers.py,MODIFY,2,2,PythonFiles\lupyne\a5486ed8\29ed961241249a0e2fa9e8d7c1cc91a4cc4c5f38\29ed961241249a0e2fa9e8d7c1cc91a4cc4c5f38_lupyne_a5486ed8_20230116_135838_before_4.py,PythonFiles\lupyne\a5486ed8\29ed961241249a0e2fa9e8d7c1cc91a4cc4c5f38\29ed961241249a0e2fa9e8d7c1cc91a4cc4c5f38_lupyne_a5486ed8_20230116_135838_after_4.py
29ed961241249a0e2fa9e8d7c1cc91a4cc4c5f38,lupyne,a5486ed8,2023-01-16 21:58:38,+0000,documents.py,MODIFY,8,10,PythonFiles\lupyne\a5486ed8\29ed961241249a0e2fa9e8d7c1cc91a4cc4c5f38\29ed961241249a0e2fa9e8d7c1cc91a4cc4c5f38_lupyne_a5486ed8_20230116_135838_before_5.py,PythonFiles\lupyne\a5486ed8\29ed961241249a0e2fa9e8d7c1cc91a4cc4c5f38\29ed961241249a0e2fa9e8d7c1cc91a4cc4c5f38_lupyne_a5486ed8_20230116_135838_after_5.py
29ed961241249a0e2fa9e8d7c1cc91a4cc4c5f38,lupyne,a5486ed8,2023-01-16 21:58:38,+0000,indexers.py,MODIFY,12,12,PythonFiles\lupyne\a5486ed8\29ed961241249a0e2fa9e8d7c1cc91a4cc4c5f38\29ed961241249a0e2fa9e8d7c1cc91a4cc4c5f38_lupyne_a5486ed8_20230116_135838_before_6.py,PythonFiles\lupyne\a5486ed8\29ed961241249a0e2fa9e8d7c1cc91a4cc4c5f38\29ed961241249a0e2fa9e8d7c1cc91a4cc4c5f38_lupyne_a5486ed8_20230116_135838_after_6.py
a7233aadc0895012e4adab055802cbf74407cd17,lupyne,a5486ed8,2023-01-16 22:49:19,+0000,__init__.py,MODIFY,1,1,PythonFiles\lupyne\a5486ed8\a7233aadc0895012e4adab055802cbf74407cd17\a7233aadc0895012e4adab055802cbf74407cd17_lupyne_a5486ed8_20230116_144919_before_2.py,PythonFiles\lupyne\a5486ed8\a7233aadc0895012e4adab055802cbf74407cd17\a7233aadc0895012e4adab055802cbf74407cd17_lupyne_a5486ed8_20230116_144919_after_2.py
0c9b96f1a054a947e028562f315222a612a13f8c,lupyne,a5486ed8,2023-02-09 02:37:34,+0000,__init__.py,MODIFY,1,1,PythonFiles\lupyne\a5486ed8\0c9b96f1a054a947e028562f315222a612a13f8c\0c9b96f1a054a947e028562f315222a612a13f8c_lupyne_a5486ed8_20230208_183734_before_4.py,PythonFiles\lupyne\a5486ed8\0c9b96f1a054a947e028562f315222a612a13f8c\0c9b96f1a054a947e028562f315222a612a13f8c_lupyne_a5486ed8_20230208_183734_after_4.py
0c9b96f1a054a947e028562f315222a612a13f8c,lupyne,a5486ed8,2023-02-09 02:37:34,+0000,documents.py,MODIFY,66,4,PythonFiles\lupyne\a5486ed8\0c9b96f1a054a947e028562f315222a612a13f8c\0c9b96f1a054a947e028562f315222a612a13f8c_lupyne_a5486ed8_20230208_183734_before_5.py,PythonFiles\lupyne\a5486ed8\0c9b96f1a054a947e028562f315222a612a13f8c\0c9b96f1a054a947e028562f315222a612a13f8c_lupyne_a5486ed8_20230208_183734_after_5.py
0c9b96f1a054a947e028562f315222a612a13f8c,lupyne,a5486ed8,2023-02-09 02:37:34,+0000,test_engine.py,MODIFY,39,1,PythonFiles\lupyne\a5486ed8\0c9b96f1a054a947e028562f315222a612a13f8c\0c9b96f1a054a947e028562f315222a612a13f8c_lupyne_a5486ed8_20230208_183734_before_6.py,PythonFiles\lupyne\a5486ed8\0c9b96f1a054a947e028562f315222a612a13f8c\0c9b96f1a054a947e028562f315222a612a13f8c_lupyne_a5486ed8_20230208_183734_after_6.py
bfc39ebf97a02b5f49392d8457b8ad715df14b70,lupyne,a5486ed8,2023-11-14 03:03:39,+0000,graphql.py,MODIFY,5,2,PythonFiles\lupyne\a5486ed8\bfc39ebf97a02b5f49392d8457b8ad715df14b70\bfc39ebf97a02b5f49392d8457b8ad715df14b70_lupyne_a5486ed8_20231113_190339_before_2.py,PythonFiles\lupyne\a5486ed8\bfc39ebf97a02b5f49392d8457b8ad715df14b70\bfc39ebf97a02b5f49392d8457b8ad715df14b70_lupyne_a5486ed8_20231113_190339_after_2.py
bfc39ebf97a02b5f49392d8457b8ad715df14b70,lupyne,a5486ed8,2023-11-14 03:03:39,+0000,test_graphql.py,MODIFY,9,0,PythonFiles\lupyne\a5486ed8\bfc39ebf97a02b5f49392d8457b8ad715df14b70\bfc39ebf97a02b5f49392d8457b8ad715df14b70_lupyne_a5486ed8_20231113_190339_before_4.py,PythonFiles\lupyne\a5486ed8\bfc39ebf97a02b5f49392d8457b8ad715df14b70\bfc39ebf97a02b5f49392d8457b8ad715df14b70_lupyne_a5486ed8_20231113_190339_after_4.py
a686280c3279f1f6691caac30c9099fe28027109,lupyne,a5486ed8,2023-11-17 02:15:01,+0000,graphql.py,MODIFY,34,12,PythonFiles\lupyne\a5486ed8\a686280c3279f1f6691caac30c9099fe28027109\a686280c3279f1f6691caac30c9099fe28027109_lupyne_a5486ed8_20231116_181501_before_1.py,PythonFiles\lupyne\a5486ed8\a686280c3279f1f6691caac30c9099fe28027109\a686280c3279f1f6691caac30c9099fe28027109_lupyne_a5486ed8_20231116_181501_after_1.py
728f314b533c86128b9d4d2641acf0c2f98d517b,lupyne,a5486ed8,2023-11-18 03:20:07,+0000,graphql.py,MODIFY,7,2,PythonFiles\lupyne\a5486ed8\728f314b533c86128b9d4d2641acf0c2f98d517b\728f314b533c86128b9d4d2641acf0c2f98d517b_lupyne_a5486ed8_20231117_192007_before_1.py,PythonFiles\lupyne\a5486ed8\728f314b533c86128b9d4d2641acf0c2f98d517b\728f314b533c86128b9d4d2641acf0c2f98d517b_lupyne_a5486ed8_20231117_192007_after_1.py
728f314b533c86128b9d4d2641acf0c2f98d517b,lupyne,a5486ed8,2023-11-18 03:20:07,+0000,test_graphql.py,MODIFY,1,1,PythonFiles\lupyne\a5486ed8\728f314b533c86128b9d4d2641acf0c2f98d517b\728f314b533c86128b9d4d2641acf0c2f98d517b_lupyne_a5486ed8_20231117_192007_before_2.py,PythonFiles\lupyne\a5486ed8\728f314b533c86128b9d4d2641acf0c2f98d517b\728f314b533c86128b9d4d2641acf0c2f98d517b_lupyne_a5486ed8_20231117_192007_after_2.py
a269842a08878672883cfdc850a4259283f3702c,lupyne,a5486ed8,2023-11-20 18:02:10,+0000,__init__.py,MODIFY,1,1,PythonFiles\lupyne\a5486ed8\a269842a08878672883cfdc850a4259283f3702c\a269842a08878672883cfdc850a4259283f3702c_lupyne_a5486ed8_20231120_100210_before_4.py,PythonFiles\lupyne\a5486ed8\a269842a08878672883cfdc850a4259283f3702c\a269842a08878672883cfdc850a4259283f3702c_lupyne_a5486ed8_20231120_100210_after_4.py
a269842a08878672883cfdc850a4259283f3702c,lupyne,a5486ed8,2023-11-20 18:02:10,+0000,documents.py,MODIFY,2,1,PythonFiles\lupyne\a5486ed8\a269842a08878672883cfdc850a4259283f3702c\a269842a08878672883cfdc850a4259283f3702c_lupyne_a5486ed8_20231120_100210_before_5.py,PythonFiles\lupyne\a5486ed8\a269842a08878672883cfdc850a4259283f3702c\a269842a08878672883cfdc850a4259283f3702c_lupyne_a5486ed8_20231120_100210_after_5.py
a269842a08878672883cfdc850a4259283f3702c,lupyne,a5486ed8,2023-11-20 18:02:10,+0000,indexers.py,MODIFY,2,2,PythonFiles\lupyne\a5486ed8\a269842a08878672883cfdc850a4259283f3702c\a269842a08878672883cfdc850a4259283f3702c_lupyne_a5486ed8_20231120_100210_before_6.py,PythonFiles\lupyne\a5486ed8\a269842a08878672883cfdc850a4259283f3702c\a269842a08878672883cfdc850a4259283f3702c_lupyne_a5486ed8_20231120_100210_after_6.py
7ab4e9c95e2799514d2168e9c752f9b1eb4935d5,lupyne,a5486ed8,2023-11-22 20:18:14,+0000,__init__.py,MODIFY,1,1,PythonFiles\lupyne\a5486ed8\7ab4e9c95e2799514d2168e9c752f9b1eb4935d5\7ab4e9c95e2799514d2168e9c752f9b1eb4935d5_lupyne_a5486ed8_20231122_121814_before_2.py,PythonFiles\lupyne\a5486ed8\7ab4e9c95e2799514d2168e9c752f9b1eb4935d5\7ab4e9c95e2799514d2168e9c752f9b1eb4935d5_lupyne_a5486ed8_20231122_121814_after_2.py
2a80a414b3c23451f337ef6ed5831a3497b6c49a,lupyne,a5486ed8,2023-11-29 01:17:32,+0000,graphql.py,MODIFY,9,2,PythonFiles\lupyne\a5486ed8\2a80a414b3c23451f337ef6ed5831a3497b6c49a\2a80a414b3c23451f337ef6ed5831a3497b6c49a_lupyne_a5486ed8_20231128_171732_before_3.py,PythonFiles\lupyne\a5486ed8\2a80a414b3c23451f337ef6ed5831a3497b6c49a\2a80a414b3c23451f337ef6ed5831a3497b6c49a_lupyne_a5486ed8_20231128_171732_after_3.py
2a80a414b3c23451f337ef6ed5831a3497b6c49a,lupyne,a5486ed8,2023-11-29 01:17:32,+0000,rest.py,MODIFY,9,2,PythonFiles\lupyne\a5486ed8\2a80a414b3c23451f337ef6ed5831a3497b6c49a\2a80a414b3c23451f337ef6ed5831a3497b6c49a_lupyne_a5486ed8_20231128_171732_before_4.py,PythonFiles\lupyne\a5486ed8\2a80a414b3c23451f337ef6ed5831a3497b6c49a\2a80a414b3c23451f337ef6ed5831a3497b6c49a_lupyne_a5486ed8_20231128_171732_after_4.py
413690e3cfe69a957a0ac117f49631cfda65b794,lupyne,a5486ed8,2023-12-02 01:48:25,+0000,analyzers.py,MODIFY,2,1,PythonFiles\lupyne\a5486ed8\413690e3cfe69a957a0ac117f49631cfda65b794\413690e3cfe69a957a0ac117f49631cfda65b794_lupyne_a5486ed8_20231201_174825_before_2.py,PythonFiles\lupyne\a5486ed8\413690e3cfe69a957a0ac117f49631cfda65b794\413690e3cfe69a957a0ac117f49631cfda65b794_lupyne_a5486ed8_20231201_174825_after_2.py
413690e3cfe69a957a0ac117f49631cfda65b794,lupyne,a5486ed8,2023-12-02 01:48:25,+0000,documents.py,MODIFY,2,1,PythonFiles\lupyne\a5486ed8\413690e3cfe69a957a0ac117f49631cfda65b794\413690e3cfe69a957a0ac117f49631cfda65b794_lupyne_a5486ed8_20231201_174825_before_3.py,PythonFiles\lupyne\a5486ed8\413690e3cfe69a957a0ac117f49631cfda65b794\413690e3cfe69a957a0ac117f49631cfda65b794_lupyne_a5486ed8_20231201_174825_after_3.py
413690e3cfe69a957a0ac117f49631cfda65b794,lupyne,a5486ed8,2023-12-02 01:48:25,+0000,indexers.py,MODIFY,2,1,PythonFiles\lupyne\a5486ed8\413690e3cfe69a957a0ac117f49631cfda65b794\413690e3cfe69a957a0ac117f49631cfda65b794_lupyne_a5486ed8_20231201_174825_before_4.py,PythonFiles\lupyne\a5486ed8\413690e3cfe69a957a0ac117f49631cfda65b794\413690e3cfe69a957a0ac117f49631cfda65b794_lupyne_a5486ed8_20231201_174825_after_4.py
413690e3cfe69a957a0ac117f49631cfda65b794,lupyne,a5486ed8,2023-12-02 01:48:25,+0000,queries.py,MODIFY,1,1,PythonFiles\lupyne\a5486ed8\413690e3cfe69a957a0ac117f49631cfda65b794\413690e3cfe69a957a0ac117f49631cfda65b794_lupyne_a5486ed8_20231201_174825_before_5.py,PythonFiles\lupyne\a5486ed8\413690e3cfe69a957a0ac117f49631cfda65b794\413690e3cfe69a957a0ac117f49631cfda65b794_lupyne_a5486ed8_20231201_174825_after_5.py
413690e3cfe69a957a0ac117f49631cfda65b794,lupyne,a5486ed8,2023-12-02 01:48:25,+0000,utils.py,MODIFY,2,1,PythonFiles\lupyne\a5486ed8\413690e3cfe69a957a0ac117f49631cfda65b794\413690e3cfe69a957a0ac117f49631cfda65b794_lupyne_a5486ed8_20231201_174825_before_6.py,PythonFiles\lupyne\a5486ed8\413690e3cfe69a957a0ac117f49631cfda65b794\413690e3cfe69a957a0ac117f49631cfda65b794_lupyne_a5486ed8_20231201_174825_after_6.py
413690e3cfe69a957a0ac117f49631cfda65b794,lupyne,a5486ed8,2023-12-02 01:48:25,+0000,base.py,MODIFY,2,2,PythonFiles\lupyne\a5486ed8\413690e3cfe69a957a0ac117f49631cfda65b794\413690e3cfe69a957a0ac117f49631cfda65b794_lupyne_a5486ed8_20231201_174825_before_7.py,PythonFiles\lupyne\a5486ed8\413690e3cfe69a957a0ac117f49631cfda65b794\413690e3cfe69a957a0ac117f49631cfda65b794_lupyne_a5486ed8_20231201_174825_after_7.py
413690e3cfe69a957a0ac117f49631cfda65b794,lupyne,a5486ed8,2023-12-02 01:48:25,+0000,graphql.py,MODIFY,7,7,PythonFiles\lupyne\a5486ed8\413690e3cfe69a957a0ac117f49631cfda65b794\413690e3cfe69a957a0ac117f49631cfda65b794_lupyne_a5486ed8_20231201_174825_before_8.py,PythonFiles\lupyne\a5486ed8\413690e3cfe69a957a0ac117f49631cfda65b794\413690e3cfe69a957a0ac117f49631cfda65b794_lupyne_a5486ed8_20231201_174825_after_8.py
cf46aae2b23ca8df5a450e396e07fe5b9f4b378b,lupyne,a5486ed8,2023-12-17 17:03:07,+0000,analyzers.py,MODIFY,3,1,PythonFiles\lupyne\a5486ed8\cf46aae2b23ca8df5a450e396e07fe5b9f4b378b\cf46aae2b23ca8df5a450e396e07fe5b9f4b378b_lupyne_a5486ed8_20231217_090307_before_4.py,PythonFiles\lupyne\a5486ed8\cf46aae2b23ca8df5a450e396e07fe5b9f4b378b\cf46aae2b23ca8df5a450e396e07fe5b9f4b378b_lupyne_a5486ed8_20231217_090307_after_4.py
cf46aae2b23ca8df5a450e396e07fe5b9f4b378b,lupyne,a5486ed8,2023-12-17 17:03:07,+0000,documents.py,MODIFY,38,18,PythonFiles\lupyne\a5486ed8\cf46aae2b23ca8df5a450e396e07fe5b9f4b378b\cf46aae2b23ca8df5a450e396e07fe5b9f4b378b_lupyne_a5486ed8_20231217_090307_before_5.py,PythonFiles\lupyne\a5486ed8\cf46aae2b23ca8df5a450e396e07fe5b9f4b378b\cf46aae2b23ca8df5a450e396e07fe5b9f4b378b_lupyne_a5486ed8_20231217_090307_after_5.py
cf46aae2b23ca8df5a450e396e07fe5b9f4b378b,lupyne,a5486ed8,2023-12-17 17:03:07,+0000,indexers.py,MODIFY,50,16,PythonFiles\lupyne\a5486ed8\cf46aae2b23ca8df5a450e396e07fe5b9f4b378b\cf46aae2b23ca8df5a450e396e07fe5b9f4b378b_lupyne_a5486ed8_20231217_090307_before_6.py,PythonFiles\lupyne\a5486ed8\cf46aae2b23ca8df5a450e396e07fe5b9f4b378b\cf46aae2b23ca8df5a450e396e07fe5b9f4b378b_lupyne_a5486ed8_20231217_090307_after_6.py
cf46aae2b23ca8df5a450e396e07fe5b9f4b378b,lupyne,a5486ed8,2023-12-17 17:03:07,+0000,queries.py,MODIFY,9,3,PythonFiles\lupyne\a5486ed8\cf46aae2b23ca8df5a450e396e07fe5b9f4b378b\cf46aae2b23ca8df5a450e396e07fe5b9f4b378b_lupyne_a5486ed8_20231217_090307_before_7.py,PythonFiles\lupyne\a5486ed8\cf46aae2b23ca8df5a450e396e07fe5b9f4b378b\cf46aae2b23ca8df5a450e396e07fe5b9f4b378b_lupyne_a5486ed8_20231217_090307_after_7.py
cf46aae2b23ca8df5a450e396e07fe5b9f4b378b,lupyne,a5486ed8,2023-12-17 17:03:07,+0000,utils.py,MODIFY,3,1,PythonFiles\lupyne\a5486ed8\cf46aae2b23ca8df5a450e396e07fe5b9f4b378b\cf46aae2b23ca8df5a450e396e07fe5b9f4b378b_lupyne_a5486ed8_20231217_090307_before_8.py,PythonFiles\lupyne\a5486ed8\cf46aae2b23ca8df5a450e396e07fe5b9f4b378b\cf46aae2b23ca8df5a450e396e07fe5b9f4b378b_lupyne_a5486ed8_20231217_090307_after_8.py
cf46aae2b23ca8df5a450e396e07fe5b9f4b378b,lupyne,a5486ed8,2023-12-17 17:03:07,+0000,base.py,MODIFY,6,2,PythonFiles\lupyne\a5486ed8\cf46aae2b23ca8df5a450e396e07fe5b9f4b378b\cf46aae2b23ca8df5a450e396e07fe5b9f4b378b_lupyne_a5486ed8_20231217_090307_before_9.py,PythonFiles\lupyne\a5486ed8\cf46aae2b23ca8df5a450e396e07fe5b9f4b378b\cf46aae2b23ca8df5a450e396e07fe5b9f4b378b_lupyne_a5486ed8_20231217_090307_after_9.py
cf46aae2b23ca8df5a450e396e07fe5b9f4b378b,lupyne,a5486ed8,2023-12-17 17:03:07,+0000,graphql.py,MODIFY,8,4,PythonFiles\lupyne\a5486ed8\cf46aae2b23ca8df5a450e396e07fe5b9f4b378b\cf46aae2b23ca8df5a450e396e07fe5b9f4b378b_lupyne_a5486ed8_20231217_090307_before_10.py,PythonFiles\lupyne\a5486ed8\cf46aae2b23ca8df5a450e396e07fe5b9f4b378b\cf46aae2b23ca8df5a450e396e07fe5b9f4b378b_lupyne_a5486ed8_20231217_090307_after_10.py
cf46aae2b23ca8df5a450e396e07fe5b9f4b378b,lupyne,a5486ed8,2023-12-17 17:03:07,+0000,rest.py,MODIFY,5,1,PythonFiles\lupyne\a5486ed8\cf46aae2b23ca8df5a450e396e07fe5b9f4b378b\cf46aae2b23ca8df5a450e396e07fe5b9f4b378b_lupyne_a5486ed8_20231217_090307_before_11.py,PythonFiles\lupyne\a5486ed8\cf46aae2b23ca8df5a450e396e07fe5b9f4b378b\cf46aae2b23ca8df5a450e396e07fe5b9f4b378b_lupyne_a5486ed8_20231217_090307_after_11.py
cf46aae2b23ca8df5a450e396e07fe5b9f4b378b,lupyne,a5486ed8,2023-12-17 17:03:07,+0000,conftest.py,MODIFY,10,4,PythonFiles\lupyne\a5486ed8\cf46aae2b23ca8df5a450e396e07fe5b9f4b378b\cf46aae2b23ca8df5a450e396e07fe5b9f4b378b_lupyne_a5486ed8_20231217_090307_before_13.py,PythonFiles\lupyne\a5486ed8\cf46aae2b23ca8df5a450e396e07fe5b9f4b378b\cf46aae2b23ca8df5a450e396e07fe5b9f4b378b_lupyne_a5486ed8_20231217_090307_after_13.py
cf46aae2b23ca8df5a450e396e07fe5b9f4b378b,lupyne,a5486ed8,2023-12-17 17:03:07,+0000,test_engine.py,MODIFY,101,22,PythonFiles\lupyne\a5486ed8\cf46aae2b23ca8df5a450e396e07fe5b9f4b378b\cf46aae2b23ca8df5a450e396e07fe5b9f4b378b_lupyne_a5486ed8_20231217_090307_before_14.py,PythonFiles\lupyne\a5486ed8\cf46aae2b23ca8df5a450e396e07fe5b9f4b378b\cf46aae2b23ca8df5a450e396e07fe5b9f4b378b_lupyne_a5486ed8_20231217_090307_after_14.py
cf46aae2b23ca8df5a450e396e07fe5b9f4b378b,lupyne,a5486ed8,2023-12-17 17:03:07,+0000,test_graphql.py,MODIFY,8,3,PythonFiles\lupyne\a5486ed8\cf46aae2b23ca8df5a450e396e07fe5b9f4b378b\cf46aae2b23ca8df5a450e396e07fe5b9f4b378b_lupyne_a5486ed8_20231217_090307_before_15.py,PythonFiles\lupyne\a5486ed8\cf46aae2b23ca8df5a450e396e07fe5b9f4b378b\cf46aae2b23ca8df5a450e396e07fe5b9f4b378b_lupyne_a5486ed8_20231217_090307_after_15.py
cf46aae2b23ca8df5a450e396e07fe5b9f4b378b,lupyne,a5486ed8,2023-12-17 17:03:07,+0000,test_rest.py,MODIFY,6,1,PythonFiles\lupyne\a5486ed8\cf46aae2b23ca8df5a450e396e07fe5b9f4b378b\cf46aae2b23ca8df5a450e396e07fe5b9f4b378b_lupyne_a5486ed8_20231217_090307_before_16.py,PythonFiles\lupyne\a5486ed8\cf46aae2b23ca8df5a450e396e07fe5b9f4b378b\cf46aae2b23ca8df5a450e396e07fe5b9f4b378b_lupyne_a5486ed8_20231217_090307_after_16.py
f97dde089c2d1bde21ddd612e3c3f5b2d732682b,lupyne,a5486ed8,2024-02-03 04:35:00,+0000,indexers.py,MODIFY,2,2,PythonFiles\lupyne\a5486ed8\f97dde089c2d1bde21ddd612e3c3f5b2d732682b\f97dde089c2d1bde21ddd612e3c3f5b2d732682b_lupyne_a5486ed8_20240202_203500_before_4.py,PythonFiles\lupyne\a5486ed8\f97dde089c2d1bde21ddd612e3c3f5b2d732682b\f97dde089c2d1bde21ddd612e3c3f5b2d732682b_lupyne_a5486ed8_20240202_203500_after_4.py
f97dde089c2d1bde21ddd612e3c3f5b2d732682b,lupyne,a5486ed8,2024-02-03 04:35:00,+0000,test_graphql.py,MODIFY,2,4,PythonFiles\lupyne\a5486ed8\f97dde089c2d1bde21ddd612e3c3f5b2d732682b\f97dde089c2d1bde21ddd612e3c3f5b2d732682b_lupyne_a5486ed8_20240202_203500_before_6.py,PythonFiles\lupyne\a5486ed8\f97dde089c2d1bde21ddd612e3c3f5b2d732682b\f97dde089c2d1bde21ddd612e3c3f5b2d732682b_lupyne_a5486ed8_20240202_203500_after_6.py
7a186c2d55f0a8c5831d062cb23ac26eabc24c37,lupyne,a5486ed8,2024-02-06 01:32:10,+0000,settings.py,MODIFY,2,1,PythonFiles\lupyne\a5486ed8\7a186c2d55f0a8c5831d062cb23ac26eabc24c37\7a186c2d55f0a8c5831d062cb23ac26eabc24c37_lupyne_a5486ed8_20240205_173210_before_2.py,PythonFiles\lupyne\a5486ed8\7a186c2d55f0a8c5831d062cb23ac26eabc24c37\7a186c2d55f0a8c5831d062cb23ac26eabc24c37_lupyne_a5486ed8_20240205_173210_after_2.py
